LineProbe
number of points: 1000 (fixed)
point 0: [0. 0. 0.]
point 1: [0.875 0.    0.   ]
-----

# T 1000
0.000000000000000000e+00 2.675701264190900019e+02
8.758758758758758683e-04 2.675833942356845228e+02
1.751751751751751737e-03 2.675966620522791573e+02
2.627627627627627388e-03 2.676099298688736781e+02
3.503503503503503473e-03 2.676231976854682557e+02
4.379379379379379558e-03 2.676371025685062932e+02
5.255255255255254776e-03 2.676511538926962430e+02
6.131131131131130861e-03 2.676652913328644559e+02
7.007007007007006946e-03 2.676807195835091306e+02
7.882882882882882164e-03 2.676961478341538054e+02
8.758758758758759116e-03 2.677115760847985371e+02
9.634634634634634334e-03 2.677270043354431550e+02
1.051051051051050955e-02 2.677424325860878866e+02
1.138638638638638650e-02 2.677578608367325614e+02
1.226226226226226172e-02 2.677732890873772931e+02
1.313813813813813867e-02 2.677887173380219679e+02
1.401401401401401389e-02 2.678041455886666995e+02
1.488988988988988911e-02 2.678190546073985274e+02
1.576576576576576433e-02 2.678333226569724275e+02
1.664164164164164128e-02 2.678475907065464980e+02
1.751751751751751823e-02 2.678618587561205118e+02
1.839339339339339172e-02 2.678761268056945255e+02
1.926926926926926867e-02 2.678903948552684824e+02
2.014514514514514562e-02 2.679046629048425530e+02
2.102102102102101910e-02 2.679189309544165098e+02
2.189689689689689606e-02 2.679326499557722627e+02
2.277277277277277301e-02 2.679459640822405504e+02
2.364864864864864996e-02 2.679592782087088949e+02
2.452452452452452344e-02 2.679725923351771826e+02
2.540040040040040040e-02 2.679859064616454702e+02
2.627627627627627735e-02 2.679992205881137579e+02
2.715215215215215083e-02 2.680125347145820456e+02
2.802802802802802778e-02 2.680258488410503332e+02
2.890390390390390474e-02 2.680391629675186209e+02
2.977977977977977822e-02 2.680524770939869086e+02
3.065565565565565517e-02 2.680657912204552531e+02
3.153153153153152866e-02 2.680791053469235408e+02
3.240740740740740561e-02 2.680924194733918284e+02
3.328328328328328256e-02 2.681057335998600593e+02
3.415915915915915951e-02 2.681190477263284038e+02
3.503503503503503647e-02 2.681323618527966914e+02
3.591091091091091342e-02 2.681456759792649791e+02
3.678678678678678343e-02 2.681589901057332668e+02
3.766266266266266038e-02 2.681723042322015544e+02
3.853853853853853734e-02 2.681856183586698990e+02
3.941441441441441429e-02 2.681989324851381298e+02
4.029029029029029124e-02 2.682122466116064743e+02
4.116616616616616819e-02 2.682248562146976383e+02
4.204204204204203821e-02 2.682367617109050570e+02
4.291791791791791516e-02 2.682486672071125327e+02
4.379379379379379211e-02 2.682605242308371771e+02
4.466966966966966907e-02 2.682723086034511084e+02
4.554554554554554602e-02 2.682840929760650965e+02
4.642142142142142297e-02 2.682958305008077673e+02
4.729729729729729992e-02 2.683073730794511107e+02
4.817317317317316994e-02 2.683189062853056157e+02
4.904904904904904689e-02 2.683304394911601776e+02
4.992492492492492384e-02 2.683419726970147394e+02
5.080080080080080079e-02 2.683535059028692444e+02
5.167667667667667775e-02 2.683650391087238063e+02
5.255255255255255470e-02 2.683765723145783113e+02
5.342842842842842471e-02 2.683880716460570284e+02
5.430430430430430166e-02 2.683995234391555300e+02
5.518018018018017862e-02 2.684109752322538611e+02
5.605605605605605557e-02 2.684224270253523628e+02
5.693193193193193252e-02 2.684338788184507507e+02
5.780780780780780947e-02 2.684453306115491387e+02
5.868368368368368643e-02 2.684567824046475835e+02
5.955955955955955644e-02 2.684682341977459714e+02
6.043543543543543339e-02 2.684796859908444162e+02
6.131131131131131035e-02 2.684911377839428042e+02
6.218718718718718730e-02 2.685025895770412490e+02
6.306306306306305731e-02 2.685140413701396938e+02
6.393893893893894120e-02 2.685254931632380817e+02
6.481481481481481122e-02 2.685353740495259558e+02
6.569069069069069511e-02 2.685450905026002033e+02
6.656656656656656512e-02 2.685548069556744508e+02
6.744244244244243514e-02 2.685645234087486415e+02
6.831831831831831903e-02 2.685742691642499267e+02
6.919419419419418904e-02 2.685840228012705779e+02
7.007007007007007293e-02 2.685937764382911723e+02
7.094594594594594295e-02 2.686035300753118236e+02
7.182182182182182684e-02 2.686132837123324180e+02
7.269769769769769685e-02 2.686230373493530124e+02
7.357357357357356686e-02 2.686327909863737204e+02
7.444944944944945076e-02 2.686430998535060439e+02
7.532532532532532077e-02 2.686538418702596118e+02
7.620120120120120466e-02 2.686645838870131797e+02
7.707707707707707467e-02 2.686753259037668045e+02
7.795295295295295857e-02 2.686860679205203724e+02
7.882882882882882858e-02 2.686964892387349551e+02
7.970470470470469859e-02 2.687068601542532065e+02
8.058058058058058248e-02 2.687172310697714011e+02
8.145645645645645250e-02 2.687276019852895956e+02
8.233233233233233639e-02 2.687379729008079039e+02
8.320820820820820640e-02 2.687483438163260985e+02
8.408408408408407642e-02 2.687587147318442931e+02
8.495995995995996031e-02 2.687690856473625445e+02
8.583583583583583032e-02 2.687794565628807391e+02
8.671171171171171421e-02 2.687898274783989905e+02
8.758758758758758423e-02 2.688001983939171851e+02
8.846346346346346812e-02 2.688105693094354365e+02
8.933933933933933813e-02 2.688209402249536879e+02
9.021521521521520814e-02 2.688313111404718825e+02
9.109109109109109204e-02 2.688416820559901339e+02
9.196696696696696205e-02 2.688525212719846991e+02
9.284284284284284594e-02 2.688633998331503108e+02
9.371871871871871595e-02 2.688742783943158656e+02
9.459459459459459985e-02 2.688851569554814205e+02
9.547047047047046986e-02 2.688960355166470322e+02
9.634634634634633987e-02 2.689069140778126439e+02
9.722222222222222376e-02 2.689177926389781987e+02
9.809809809809809378e-02 2.689286712001437536e+02
9.897397397397397767e-02 2.689395497613093085e+02
9.984984984984984768e-02 2.689504283224748633e+02
1.007257257257257316e-01 2.689613068836404750e+02
1.016016016016016016e-01 2.689721854448060867e+02
1.024774774774774716e-01 2.689826926823589588e+02
1.033533533533533555e-01 2.689924405686189175e+02
1.042292292292292255e-01 2.690021884548788762e+02
1.051051051051051094e-01 2.690119363411388917e+02
1.059809809809809794e-01 2.690216842273988505e+02
1.068568568568568494e-01 2.690314321136587523e+02
1.077327327327327333e-01 2.690411799999187679e+02
1.086086086086086033e-01 2.690509278861787834e+02
1.094844844844844872e-01 2.690606757724386853e+02
1.103603603603603572e-01 2.690704236586986440e+02
1.112362362362362411e-01 2.690801715449586027e+02
1.121121121121121111e-01 2.690899194312186182e+02
1.129879879879879812e-01 2.690996673174785201e+02
1.138638638638638650e-01 2.691094152037385356e+02
1.147397397397397351e-01 2.691191630899984943e+02
1.156156156156156189e-01 2.691289109762584530e+02
1.164914914914914890e-01 2.691387352418144587e+02
1.173673673673673729e-01 2.691485314780489375e+02
1.182432432432432429e-01 2.691583142530806185e+02
1.191191191191191129e-01 2.691680970281122995e+02
1.199949949949949968e-01 2.691778798031439237e+02
1.208708708708708668e-01 2.691876625781756047e+02
1.217467467467467507e-01 2.691973709322742252e+02
1.226226226226226207e-01 2.692062682082532774e+02
1.234984984984984907e-01 2.692151654842323865e+02
1.243743743743743746e-01 2.692240627602115524e+02
1.252502502502502446e-01 2.692329600361906046e+02
1.261261261261261146e-01 2.692419670346650946e+02
1.270020020020020124e-01 2.692510363454862272e+02
1.278778778778778824e-01 2.692601056563073598e+02
1.287537537537537524e-01 2.692685516328017457e+02
1.296296296296296224e-01 2.692767974877464212e+02
1.305055055055054924e-01 2.692850433426910399e+02
1.313813813813813902e-01 2.692932891976356586e+02
1.322572572572572602e-01 2.693015350525803342e+02
1.331331331331331302e-01 2.693097809075249529e+02
1.340090090090090003e-01 2.693180267624695716e+02
1.348848848848848703e-01 2.693262726174142472e+02
1.357607607607607680e-01 2.693345184723588659e+02
1.366366366366366381e-01 2.693427643273034846e+02
1.375125125125125081e-01 2.693510101822481602e+02
1.383883883883883781e-01 2.693592560371927789e+02
1.392642642642642758e-01 2.693675018921373976e+02
1.401401401401401459e-01 2.693757477470820731e+02
1.410160160160160159e-01 2.693839936020266350e+02
1.418918918918918859e-01 2.693922394569713106e+02
1.427677677677677559e-01 2.694004853119159861e+02
1.436436436436436537e-01 2.694087311668606048e+02
1.445195195195195237e-01 2.694171581140947183e+02
1.453953953953953937e-01 2.694264040272349803e+02
1.462712712712712637e-01 2.694356960052982686e+02
1.471471471471471337e-01 2.694450030066750514e+02
1.480230230230230315e-01 2.694543100080518343e+02
1.488988988988989015e-01 2.694636170094286172e+02
1.497747747747747715e-01 2.694729240108053432e+02
1.506506506506506415e-01 2.694822310121821261e+02
1.515265265265265116e-01 2.694915380135589089e+02
1.524024024024024093e-01 2.695008450149356918e+02
1.532782782782782793e-01 2.695101520163124178e+02
1.541541541541541493e-01 2.695194590176892007e+02
1.550300300300300194e-01 2.695287660190659835e+02
1.559059059059059171e-01 2.695380730204427095e+02
1.567817817817817871e-01 2.695473800218195493e+02
1.576576576576576572e-01 2.695566870231962753e+02
1.585335335335335272e-01 2.695658945921392728e+02
1.594094094094093972e-01 2.695746124339195831e+02
1.602852852852852950e-01 2.695833302756998933e+02
1.611611611611611650e-01 2.695920481174802035e+02
1.620370370370370350e-01 2.696007659592605705e+02
1.629129129129129050e-01 2.696094838010408807e+02
1.637887887887887750e-01 2.696182016428212478e+02
1.646646646646646728e-01 2.696269194846015580e+02
1.655405405405405428e-01 2.696346884603096896e+02
1.664164164164164128e-01 2.696422236759985935e+02
1.672922922922922828e-01 2.696497588916874975e+02
1.681681681681681528e-01 2.696572941073764014e+02
1.690440440440440506e-01 2.696648293230653621e+02
1.699199199199199206e-01 2.696723645387542661e+02
1.707957957957957906e-01 2.696793667608043847e+02
1.716716716716716606e-01 2.696855018122431602e+02
1.725475475475475584e-01 2.696916368636818788e+02
1.734234234234234284e-01 2.696977719151205974e+02
1.742992992992992984e-01 2.697039069665593161e+02
1.751751751751751685e-01 2.697100420179981484e+02
1.760510510510510385e-01 2.697161770694368670e+02
1.769269269269269362e-01 2.697223121208755856e+02
1.778028028028028062e-01 2.697280039492065953e+02
1.786786786786786763e-01 2.697334337388425638e+02
1.795545545545545463e-01 2.697388635284784755e+02
1.804304304304304163e-01 2.697442933181143871e+02
1.813063063063063141e-01 2.697497231077502988e+02
1.821821821821821841e-01 2.697551528973862105e+02
1.830580580580580541e-01 2.697605826870220653e+02
1.839339339339339241e-01 2.697660124766580338e+02
1.848098098098098219e-01 2.697714422662939455e+02
1.856856856856856919e-01 2.697768720559298004e+02
1.865615615615615619e-01 2.697823018455657689e+02
1.874374374374374319e-01 2.697877316352016237e+02
1.883133133133133019e-01 2.697931376499322482e+02
1.891891891891891997e-01 2.697985281432069087e+02
1.900650650650650697e-01 2.698039186364815123e+02
1.909409409409409397e-01 2.698093091297561728e+02
1.918168168168168097e-01 2.698146996230308332e+02
1.926926926926926797e-01 2.698200901163054937e+02
1.935685685685685775e-01 2.698254806095801541e+02
1.944444444444444475e-01 2.698308711028547577e+02
1.953203203203203175e-01 2.698362615961294750e+02
1.961961961961961876e-01 2.698416520894040787e+02
1.970720720720720576e-01 2.698470425826787391e+02
1.979479479479479553e-01 2.698515602926020165e+02
1.988238238238238254e-01 2.698556198950700491e+02
1.996996996996996954e-01 2.698596794975381385e+02
2.005755755755755654e-01 2.698637391000061712e+02
2.014514514514514631e-01 2.698676538706197903e+02
2.023273273273273332e-01 2.698709628688223461e+02
2.032032032032032032e-01 2.698742718670247882e+02
2.040790790790790732e-01 2.698775808652272872e+02
2.049549549549549432e-01 2.698808898634298430e+02
2.058308308308308410e-01 2.698841988616323420e+02
2.067067067067067110e-01 2.698875078598348409e+02
2.075825825825825810e-01 2.698908168580373399e+02
2.084584584584584510e-01 2.698941258562398389e+02
2.093343343343343210e-01 2.698974348544423947e+02
2.102102102102102188e-01 2.699007438526448936e+02
2.110860860860860888e-01 2.699040528508473926e+02
2.119619619619619588e-01 2.699073618490498916e+02
2.128378378378378288e-01 2.699106708472523906e+02
2.137137137137136988e-01 2.699139798454548895e+02
2.145895895895895966e-01 2.699172888436573885e+02
2.154654654654654666e-01 2.699205978418598875e+02
2.163413413413413366e-01 2.699239068400623864e+02
2.172172172172172067e-01 2.699271999104084330e+02
2.180930930930931044e-01 2.699304910083221785e+02
2.189689689689689744e-01 2.699337821062359239e+02
2.198448448448448445e-01 2.699356136796350256e+02
2.207207207207207145e-01 2.699373685475994193e+02
2.215965965965965845e-01 2.699391234155638699e+02
2.224724724724724823e-01 2.699408782835282636e+02
2.233483483483483523e-01 2.699426331514926005e+02
2.242242242242242223e-01 2.699443880194569942e+02
2.251001001001000923e-01 2.699461428874214448e+02
2.259759759759759623e-01 2.699478977553857817e+02
2.268518518518518601e-01 2.699496526233501754e+02
2.277277277277277301e-01 2.699514074913145691e+02
2.286036036036036001e-01 2.699531623592789629e+02
2.294794794794794701e-01 2.699549172272434134e+02
2.303553553553553401e-01 2.699566720952077503e+02
2.312312312312312379e-01 2.699582767681689575e+02
2.321071071071071079e-01 2.699592627816134609e+02
2.329829829829829779e-01 2.699602487950580212e+02
2.338588588588588479e-01 2.699612348085025246e+02
2.347347347347347457e-01 2.699622208219469712e+02
2.356106106106106157e-01 2.699632068353914747e+02
2.364864864864864857e-01 2.699641928488360350e+02
2.373623623623623557e-01 2.699651788622805384e+02
2.382382382382382258e-01 2.699661648757250418e+02
2.391141141141141235e-01 2.699671197738093724e+02
2.399899899899899935e-01 2.699668649844485344e+02
2.408658658658658636e-01 2.699666101950876964e+02
2.417417417417417336e-01 2.699663554057268584e+02
2.426176176176176036e-01 2.699661429452872881e+02
2.434934934934935014e-01 2.699659445821948793e+02
2.443693693693693714e-01 2.699657462191024706e+02
2.452452452452452414e-01 2.699655478560101187e+02
2.461211211211211114e-01 2.699653494929176532e+02
2.469969969969969814e-01 2.699651511298252444e+02
2.478728728728728792e-01 2.699649527667328357e+02
2.487487487487487492e-01 2.699647544036404270e+02
2.496246246246246192e-01 2.699645467362962563e+02
2.505005005005004892e-01 2.699643305219743183e+02
2.513763763763763870e-01 2.699641143076523235e+02
2.522522522522522292e-01 2.699638980933303287e+02
2.531281281281281270e-01 2.699636818790083339e+02
2.540040040040040248e-01 2.699634206397809066e+02
2.548798798798798670e-01 2.699631347021251031e+02
2.557557557557557648e-01 2.699628487644693564e+02
2.566316316316316071e-01 2.699625628268136097e+02
2.575075075075075048e-01 2.699622768891578630e+02
2.583833833833834026e-01 2.699619909515021732e+02
2.592592592592592449e-01 2.699617050138463696e+02
2.601351351351351426e-01 2.699614190761906229e+02
2.610110110110109849e-01 2.699611331385348763e+02
2.618868868868868827e-01 2.699608472008791296e+02
2.627627627627627804e-01 2.699603873206962703e+02
2.636386386386386227e-01 2.699596222326959492e+02
2.645145145145145205e-01 2.699588571446955712e+02
2.653903903903903627e-01 2.699580920566953068e+02
2.662662662662662605e-01 2.699573269686949288e+02
2.671421421421421583e-01 2.699565618806946645e+02
2.680180180180180005e-01 2.699542904978686124e+02
2.688938938938938983e-01 2.699515593347382492e+02
2.697697697697697405e-01 2.699488281716078291e+02
2.706456456456456383e-01 2.699460970084774090e+02
2.715215215215215361e-01 2.699433658453470457e+02
2.723973973973973783e-01 2.699406346822166256e+02
2.732732732732732761e-01 2.699379035190862055e+02
2.741491491491491739e-01 2.699349797543321188e+02
2.750250250250250161e-01 2.699319691949943376e+02
2.759009009009009139e-01 2.699289586356566701e+02
2.767767767767767562e-01 2.699259480763189458e+02
2.776526526526526539e-01 2.699229375169812215e+02
2.785285285285285517e-01 2.699199269576434972e+02
2.794044044044043940e-01 2.699169163983057729e+02
2.802802802802802917e-01 2.699139058389680486e+02
2.811561561561561340e-01 2.699108952796303242e+02
2.820320320320320318e-01 2.699078847202925999e+02
2.829079079079079295e-01 2.699049582562057594e+02
2.837837837837837718e-01 2.699021400562498343e+02
2.846596596596596696e-01 2.698993218562940228e+02
2.855355355355355118e-01 2.698965036563380977e+02
2.864114114114114096e-01 2.698936854563822294e+02
2.872872872872873073e-01 2.698907381240655354e+02
2.881631631631631496e-01 2.698863088358824598e+02
2.890390390390390474e-01 2.698818795476993841e+02
2.899149149149148896e-01 2.698774502595163085e+02
2.907907907907907874e-01 2.698730209713332329e+02
2.916666666666666852e-01 2.698685916831501572e+02
2.925425425425425274e-01 2.698641623949670816e+02
2.934184184184184252e-01 2.698597331067840059e+02
2.942942942942942675e-01 2.698553038186009871e+02
2.951701701701701652e-01 2.698508455629631726e+02
2.960460460460460630e-01 2.698462135660627723e+02
2.969219219219219053e-01 2.698415815691623720e+02
2.977977977977978030e-01 2.698369495722619149e+02
2.986736736736736453e-01 2.698323175753615146e+02
2.995495495495495430e-01 2.698277095489067392e+02
3.004254254254254408e-01 2.698231194030591951e+02
3.013013013013012831e-01 2.698185292572116509e+02
3.021771771771771808e-01 2.698139391113641068e+02
3.030530530530530231e-01 2.698093489655165627e+02
3.039289289289289209e-01 2.698047588196690185e+02
3.048048048048048186e-01 2.698001686738215312e+02
3.056806806806806609e-01 2.697955785279739871e+02
3.065565565565565587e-01 2.697909883821264430e+02
3.074324324324324564e-01 2.697853176790164298e+02
3.083083083083082987e-01 2.697785084449398028e+02
3.091841841841841965e-01 2.697716992108631757e+02
3.100600600600600387e-01 2.697648899767865487e+02
3.109359359359359365e-01 2.697580807427099217e+02
3.118118118118118343e-01 2.697514505762743511e+02
3.126876876876876765e-01 2.697452930622567351e+02
3.135635635635635743e-01 2.697391355482391191e+02
3.144394394394394165e-01 2.697329780342215031e+02
3.153153153153153143e-01 2.697268205202039439e+02
3.161911911911912121e-01 2.697206630061863279e+02
3.170670670670670543e-01 2.697145054921687120e+02
3.179429429429429521e-01 2.697083479781511528e+02
3.188188188188187944e-01 2.697021904641335368e+02
3.196946946946946921e-01 2.696955121481219635e+02
3.205705705705705899e-01 2.696888082518017882e+02
3.214464464464464322e-01 2.696821043554816129e+02
3.223223223223223299e-01 2.696754004591614375e+02
3.231981981981981722e-01 2.696686965628413191e+02
3.240740740740740700e-01 2.696619926665212006e+02
3.249499499499499677e-01 2.696552887702009684e+02
3.258258258258258100e-01 2.696485848738808500e+02
3.267017017017017078e-01 2.696422084862498423e+02
3.275775775775775500e-01 2.696362078377859461e+02
3.284534534534534478e-01 2.696302071893221068e+02
3.293293293293293456e-01 2.696242065408582675e+02
3.302052052052051878e-01 2.696182058923944282e+02
3.310810810810810856e-01 2.696122052439305321e+02
3.319569569569569278e-01 2.696062045954667497e+02
3.328328328328328256e-01 2.695984647176526892e+02
3.337087087087087234e-01 2.695895409267441210e+02
3.345845845845845656e-01 2.695806171358356664e+02
3.354604604604604634e-01 2.695716933449270982e+02
3.363363363363363057e-01 2.695627695540185869e+02
3.372122122122122034e-01 2.695539087744645030e+02
3.380880880880881012e-01 2.695451074940040144e+02
3.389639639639639435e-01 2.695363062135435257e+02
3.398398398398398412e-01 2.695275049330830370e+02
3.407157157157157390e-01 2.695187036526226052e+02
3.415915915915915813e-01 2.695099023721621165e+02
3.424674674674674790e-01 2.695011010917016847e+02
3.433433433433433213e-01 2.694922998112411960e+02
3.442192192192192191e-01 2.694831773390796457e+02
3.450950950950951168e-01 2.694722869753794043e+02
3.459709709709709591e-01 2.694613966116792199e+02
3.468468468468468568e-01 2.694505062479789785e+02
3.477227227227226991e-01 2.694396158842787372e+02
3.485985985985985969e-01 2.694287255205784959e+02
3.494744744744744946e-01 2.694178351568782546e+02
3.503503503503503369e-01 2.694069447931780701e+02
3.512262262262262347e-01 2.693960544294778288e+02
3.521021021021020769e-01 2.693851640657775874e+02
3.529779779779779747e-01 2.693742737020773461e+02
3.538538538538538725e-01 2.693633833383771048e+02
3.547297297297297147e-01 2.693524929746769203e+02
3.556056056056056125e-01 2.693416026109767358e+02
3.564814814814814548e-01 2.693305188664267575e+02
3.573573573573573525e-01 2.693177172923410012e+02
3.582332332332332503e-01 2.693046502424766118e+02
3.591091091091090926e-01 2.692915831926121655e+02
3.599849849849849903e-01 2.692785161427477760e+02
3.608608608608608326e-01 2.692654490928833297e+02
3.617367367367367303e-01 2.692523820430189403e+02
3.626126126126126281e-01 2.692393149931544940e+02
3.634884884884884704e-01 2.692262479432901046e+02
3.643643643643643681e-01 2.692131808934257151e+02
3.652402402402402104e-01 2.692001138435612688e+02
3.661161161161161082e-01 2.691870467936968794e+02
3.669919919919920059e-01 2.691739797438324331e+02
3.678678678678678482e-01 2.691609126939680436e+02
3.687437437437437460e-01 2.691478456441036542e+02
3.696196196196196437e-01 2.691347785942392079e+02
3.704954954954954860e-01 2.691192436441154427e+02
3.713713713713713838e-01 2.691030279896812658e+02
3.722472472472472260e-01 2.690868123352470320e+02
3.731231231231231238e-01 2.690705966808127982e+02
3.739989989989990216e-01 2.690543810263785645e+02
3.748748748748748638e-01 2.690381653719443875e+02
3.757507507507507616e-01 2.690219497175101537e+02
3.766266266266266038e-01 2.690057340630759768e+02
3.775025025025025016e-01 2.689895184086417430e+02
3.783783783783783994e-01 2.689733027542075092e+02
3.792542542542542416e-01 2.689570870997733323e+02
3.801301301301301394e-01 2.689408714453390985e+02
3.810060060060059817e-01 2.689246412797581911e+02
3.818818818818818794e-01 2.689083688811632555e+02
3.827577577577577772e-01 2.688920964825683768e+02
3.836336336336336195e-01 2.688758240839734412e+02
3.845095095095095172e-01 2.688595516853785057e+02
3.853853853853853595e-01 2.688432792867836270e+02
3.862612612612612573e-01 2.688270068881886345e+02
3.871371371371371550e-01 2.688099497336042418e+02
3.880130130130129973e-01 2.687924017383443811e+02
3.888888888888888951e-01 2.687748537430845772e+02
3.897647647647647373e-01 2.687573057478247733e+02
3.906406406406406351e-01 2.687397577525648558e+02
3.915165165165165329e-01 2.687222097573051087e+02
3.923923923923923751e-01 2.687046617620452480e+02
3.932682682682682729e-01 2.686871137667853873e+02
3.941441441441441151e-01 2.686675656098901186e+02
3.950200200200200129e-01 2.686475712560034026e+02
3.958958958958959107e-01 2.686275769021166866e+02
3.967717717717717529e-01 2.686075825482299138e+02
3.976476476476476507e-01 2.685875881943431978e+02
3.985235235235234930e-01 2.685675938404564818e+02
3.993993993993993907e-01 2.685475994865697658e+02
4.002752752752752885e-01 2.685276051326829929e+02
4.011511511511511308e-01 2.685076107787962769e+02
4.020270270270270285e-01 2.684876164249095609e+02
4.029029029029029263e-01 2.684676220710228449e+02
4.037787787787787686e-01 2.684476277171361289e+02
4.046546546546546663e-01 2.684276333632493561e+02
4.055305305305305086e-01 2.684076390093626969e+02
4.064064064064064064e-01 2.683876446554759241e+02
4.072822822822823041e-01 2.683676671802416536e+02
4.081581581581581464e-01 2.683485401742110525e+02
4.090340340340340441e-01 2.683294131681805084e+02
4.099099099099098864e-01 2.683102861621499642e+02
4.107857857857857842e-01 2.682911591561194200e+02
4.116616616616616819e-01 2.682720321500888190e+02
4.125375375375375242e-01 2.682529051440582180e+02
4.134134134134134220e-01 2.682337781380276738e+02
4.142892892892892642e-01 2.682096162900635363e+02
4.151651651651651620e-01 2.681849027071475575e+02
4.160410410410410598e-01 2.681663843200707333e+02
4.169169169169169020e-01 2.681484318168681398e+02
4.177927927927927998e-01 2.681284000379095573e+02
4.186686686686686421e-01 2.681076247845107901e+02
4.195445445445445398e-01 2.680868495311119659e+02
4.204204204204204376e-01 2.680660742777131986e+02
4.212962962962962798e-01 2.680452990243143745e+02
4.221721721721721776e-01 2.680245069143144292e+02
4.230480480480480199e-01 2.680035097539338267e+02
4.239239239239239176e-01 2.679825125935531673e+02
4.247997997997998154e-01 2.679615154331725080e+02
4.256756756756756577e-01 2.679405182727919055e+02
4.265515515515515554e-01 2.679195211124113030e+02
4.274274274274273977e-01 2.678985239520306436e+02
4.283033033033032955e-01 2.678775267916500411e+02
4.291791791791791932e-01 2.678558116722839486e+02
4.300550550550550355e-01 2.678338657983578628e+02
4.309309309309309333e-01 2.678119199244317770e+02
4.318068068068067755e-01 2.677899740505057480e+02
4.326826826826826733e-01 2.677680281765796622e+02
4.335585585585585711e-01 2.677460823026535763e+02
4.344344344344344133e-01 2.677226699925329285e+02
4.353103103103103111e-01 2.676985133010200570e+02
4.361861861861862089e-01 2.676743566095071287e+02
4.370620620620620511e-01 2.676501999179942572e+02
4.379379379379379489e-01 2.676260432264813289e+02
4.388138138138137911e-01 2.676018865349684575e+02
4.396896896896896889e-01 2.675777298434555860e+02
4.405655655655655867e-01 2.675535731519426577e+02
4.414414414414414289e-01 2.675294164604297862e+02
4.423173173173173267e-01 2.675052597689169147e+02
4.431931931931931690e-01 2.674811030774039864e+02
4.440690690690690667e-01 2.674569463858911149e+02
4.449449449449449645e-01 2.674327896943781866e+02
4.458208208208208068e-01 2.674086330028653151e+02
4.466966966966967045e-01 2.673844763113523868e+02
4.475725725725725468e-01 2.673603196198395722e+02
4.484484484484484446e-01 2.673361629283266439e+02
4.493243243243243423e-01 2.673120062368137724e+02
4.502002002002001846e-01 2.672878495453008441e+02
4.510760760760760824e-01 2.672636928537879157e+02
4.519519519519519246e-01 2.672393589595044432e+02
4.528278278278278224e-01 2.672149309974195148e+02
4.537037037037037202e-01 2.671905030353344728e+02
4.545795795795795624e-01 2.671660750732494307e+02
4.554554554554554602e-01 2.671416471111643887e+02
4.563313313313313024e-01 2.671172191490793466e+02
4.572072072072072002e-01 2.670927911869943046e+02
4.580830830830830980e-01 2.670683632249092625e+02
4.589589589589589402e-01 2.670439352628242773e+02
4.598348348348348380e-01 2.670195073007392352e+02
4.607107107107106803e-01 2.669950793386542500e+02
4.615865865865865780e-01 2.669706513765692080e+02
4.624624624624624758e-01 2.669462234144841091e+02
4.633383383383383181e-01 2.669217954523991239e+02
4.642142142142142158e-01 2.668973674903140818e+02
4.650900900900901136e-01 2.668729395282290398e+02
4.659659659659659559e-01 2.668485115661439977e+02
4.668418418418418536e-01 2.668240836040590125e+02
4.677177177177176959e-01 2.667996556419739704e+02
4.685935935935935936e-01 2.667742859144853469e+02
4.694694694694694914e-01 2.667483667863178312e+02
4.703453453453453337e-01 2.667224476581502586e+02
4.712212212212212314e-01 2.666965285299827428e+02
4.720970970970970737e-01 2.666706094018152271e+02
4.729729729729729715e-01 2.666448544176419659e+02
4.738488488488488692e-01 2.666191780860057179e+02
4.747247247247247115e-01 2.665935017543694130e+02
4.756006006006006093e-01 2.665678254227331649e+02
4.764764764764764515e-01 2.665421490910969169e+02
4.773523523523523493e-01 2.665164727594606120e+02
4.782282282282282471e-01 2.664907964278243639e+02
4.791041041041040893e-01 2.664651200961881159e+02
4.799799799799799871e-01 2.664394907353614599e+02
4.808558558558558294e-01 2.664138886468381315e+02
4.817317317317317271e-01 2.663882865583148032e+02
4.826076076076076249e-01 2.663626844697914180e+02
4.834834834834834671e-01 2.663370823812680896e+02
4.843593593593593649e-01 2.663114802927447045e+02
4.852352352352352072e-01 2.662858782042213761e+02
4.861111111111111049e-01 2.662602761156980478e+02
4.869869869869870027e-01 2.662318622302429958e+02
4.878628628628628450e-01 2.662029401614411199e+02
4.887387387387387427e-01 2.661740180926392441e+02
4.896146146146145850e-01 2.661450960238373682e+02
4.904904904904904828e-01 2.661161739550354923e+02
4.913663663663663805e-01 2.660872518862336165e+02
4.922422422422422228e-01 2.660583298174317406e+02
4.931181181181181206e-01 2.660294077486298647e+02
4.939939939939939628e-01 2.660004856798279889e+02
4.948698698698698606e-01 2.659715636110261130e+02
4.957457457457457584e-01 2.659426415422242371e+02
4.966216216216216006e-01 2.659137194734224181e+02
4.974974974974974984e-01 2.658847974046205422e+02
4.983733733733733962e-01 2.658563399676269228e+02
4.992492492492492384e-01 2.658279726625839885e+02
5.001251251251250807e-01 2.657996053575410542e+02
5.010010010010009784e-01 2.657712380524980631e+02
5.018768768768768762e-01 2.657428707474550720e+02
5.027527527527527740e-01 2.657145034424121377e+02
5.036286286286286717e-01 2.656861361373692034e+02
5.045045045045044585e-01 2.656577688323262123e+02
5.053803803803803563e-01 2.656294015272832780e+02
5.062562562562562540e-01 2.656010209768380150e+02
5.071321321321321518e-01 2.655707308834926721e+02
5.080080080080080496e-01 2.655385703069334795e+02
5.088838838838838363e-01 2.655048717832628427e+02
5.097597597597597341e-01 2.654711732595922626e+02
5.106356356356356319e-01 2.654374747359216826e+02
5.115115115115115296e-01 2.654037762122510458e+02
5.123873873873874274e-01 2.653700776885804657e+02
5.132632632632632141e-01 2.653363791649098857e+02
5.141391391391391119e-01 2.653026806412392489e+02
5.150150150150150097e-01 2.652700025831971971e+02
5.158908908908909074e-01 2.652373606759565519e+02
5.167667667667668052e-01 2.652047187687158498e+02
5.176426426426425920e-01 2.651720768614752046e+02
5.185185185185184897e-01 2.651394349542345026e+02
5.193943943943943875e-01 2.651067930469938005e+02
5.202702702702702853e-01 2.650741511397531553e+02
5.211461461461461830e-01 2.650415092325124533e+02
5.220220220220219698e-01 2.650088673252718081e+02
5.228978978978978676e-01 2.649762254180311061e+02
5.237737737737737653e-01 2.649435835107905177e+02
5.246496496496496631e-01 2.649109416035498157e+02
5.255255255255255609e-01 2.648782996963091136e+02
5.264014014014013476e-01 2.648456577890684116e+02
5.272772772772772454e-01 2.648130158818277664e+02
5.281531531531531432e-01 2.647804783894346201e+02
5.290290290290290409e-01 2.647479526607370417e+02
5.299049049049049387e-01 2.647154269320394633e+02
5.307807807807807254e-01 2.646829012033418849e+02
5.316566566566566232e-01 2.646503754746443065e+02
5.325325325325325210e-01 2.646178497459467280e+02
5.334084084084084187e-01 2.645853240172491496e+02
5.342842842842843165e-01 2.645527982885516280e+02
5.351601601601601033e-01 2.645196948133706769e+02
5.360360360360360010e-01 2.644862525139625973e+02
5.369119119119118988e-01 2.644522658493381755e+02
5.377877877877877966e-01 2.644176301955714621e+02
5.386636636636636943e-01 2.643829945418046918e+02
5.395395395395394811e-01 2.643483588880379784e+02
5.404154154154153789e-01 2.643137232342712650e+02
5.412912912912912766e-01 2.642790875805044948e+02
5.421671671671671744e-01 2.642444519267377814e+02
5.430430430430430722e-01 2.642098162729710111e+02
5.439189189189188589e-01 2.641751806192042977e+02
5.447947947947947567e-01 2.641405449654375843e+02
5.456706706706706544e-01 2.641059093116708709e+02
5.465465465465465522e-01 2.640712736579041575e+02
5.474224224224224500e-01 2.640356679168094161e+02
5.482982982982983478e-01 2.639994481071189512e+02
5.491741741741741345e-01 2.639632282974284863e+02
5.500500500500500323e-01 2.639270084877380782e+02
5.509259259259259300e-01 2.638907886780476133e+02
5.518018018018018278e-01 2.638545688683572052e+02
5.526776776776777256e-01 2.638183490586667403e+02
5.535535535535535123e-01 2.637821292489762754e+02
5.544294294294294101e-01 2.637459094392858105e+02
5.553053053053053079e-01 2.637096896295953457e+02
5.561811811811812056e-01 2.636725522438948133e+02
5.570570570570571034e-01 2.636352352695392369e+02
5.579329329329328901e-01 2.635979182951837174e+02
5.588088088088087879e-01 2.635606013208281411e+02
5.596846846846846857e-01 2.635232843464725647e+02
5.605605605605605835e-01 2.634859673721170452e+02
5.614364364364364812e-01 2.634486503977615257e+02
5.623123123123122680e-01 2.634113334234059494e+02
5.631881881881881657e-01 2.633740164490504299e+02
5.640640640640640635e-01 2.633366994746948535e+02
5.649399399399399613e-01 2.632993825003392772e+02
5.658158158158158590e-01 2.632618173580185612e+02
5.666916916916916458e-01 2.632232427919276461e+02
5.675675675675675436e-01 2.631846682258367309e+02
5.684434434434434413e-01 2.631469532389817800e+02
5.693193193193193391e-01 2.631093032080833609e+02
5.701951951951952369e-01 2.630711767674177395e+02
5.710710710710710236e-01 2.630324905447008064e+02
5.719469469469469214e-01 2.629938043219838733e+02
5.728228228228228192e-01 2.629551180992668833e+02
5.736986986986987169e-01 2.629164318765499502e+02
5.745745745745746147e-01 2.628777456538329602e+02
5.754504504504504014e-01 2.628390594311159703e+02
5.763263263263262992e-01 2.628003732083989803e+02
5.772022022022021970e-01 2.627616869856820472e+02
5.780780780780780947e-01 2.627230007629650572e+02
5.789539539539539925e-01 2.626843145402481241e+02
5.798298298298297793e-01 2.626456283175311341e+02
5.807057057057056770e-01 2.626069420948142010e+02
5.815815815815815748e-01 2.625682558720972111e+02
5.824574574574574726e-01 2.625295696493802780e+02
5.833333333333333703e-01 2.624908834266632880e+02
5.842092092092091571e-01 2.624521972039462980e+02
5.850850850850850549e-01 2.624128016938465180e+02
5.859609609609609526e-01 2.623730084264743709e+02
5.868368368368368504e-01 2.623332151591021670e+02
5.877127127127127482e-01 2.622934218917300200e+02
5.885885885885885349e-01 2.622536286243578729e+02
5.894644644644644327e-01 2.622138353569856690e+02
5.903403403403403304e-01 2.621740420896135220e+02
5.912162162162162282e-01 2.621342488222413181e+02
5.920920920920921260e-01 2.620944555548691710e+02
5.929679679679679127e-01 2.620546622874969671e+02
5.938438438438438105e-01 2.620148690201248201e+02
5.947197197197197083e-01 2.619750757527526730e+02
5.955955955955956060e-01 2.619352824853805259e+02
5.964714714714715038e-01 2.618954892180083789e+02
5.973473473473472906e-01 2.618556959506361750e+02
5.982232232232231883e-01 2.618157897544055572e+02
5.990990990990990861e-01 2.617739223178452335e+02
5.999749749749749839e-01 2.617320548812849097e+02
6.008508508508508816e-01 2.616901874447245859e+02
6.017267267267266684e-01 2.616483200081642622e+02
6.026026026026025662e-01 2.616064525716038816e+02
6.034784784784784639e-01 2.615645851350436146e+02
6.043543543543543617e-01 2.615227176984832340e+02
6.052302302302302595e-01 2.614808502619229671e+02
6.061061061061060462e-01 2.614411367011328480e+02
6.069819819819819440e-01 2.614023325988657689e+02
6.078578578578578417e-01 2.613635284965986898e+02
6.087337337337337395e-01 2.613247243943315539e+02
6.096096096096096373e-01 2.612859202920644748e+02
6.104854854854855351e-01 2.612471161897973388e+02
6.113613613613613218e-01 2.612061254931284111e+02
6.122372372372372196e-01 2.611645604023563010e+02
6.131131131131131173e-01 2.611229953115841340e+02
6.139889889889890151e-01 2.610814302208120239e+02
6.148648648648649129e-01 2.610375998373816060e+02
6.157407407407406996e-01 2.609932934170289514e+02
6.166166166166165974e-01 2.609489869966762967e+02
6.174924924924924952e-01 2.609046805763236421e+02
6.183683683683683929e-01 2.608603741559709306e+02
6.192442442442442907e-01 2.608165469827305856e+02
6.201201201201200774e-01 2.607734597250289994e+02
6.209959959959959752e-01 2.607303724673273564e+02
6.218718718718718730e-01 2.606872852096257134e+02
6.227477477477477708e-01 2.606441979519240704e+02
6.236236236236236685e-01 2.606011106942224274e+02
6.244994994994994553e-01 2.605580234365207843e+02
6.253753753753753530e-01 2.605149361788191413e+02
6.262512512512512508e-01 2.604718489211175552e+02
6.271271271271271486e-01 2.604287616634159122e+02
6.280030030030030463e-01 2.603856744057142123e+02
6.288788788788788331e-01 2.603425871480125693e+02
6.297547547547547309e-01 2.602994998903109831e+02
6.306306306306306286e-01 2.602564126326093401e+02
6.315065065065065264e-01 2.602133253749076971e+02
6.323823823823824242e-01 2.601702381172060541e+02
6.332582582582582109e-01 2.601265182652673502e+02
6.341341341341341087e-01 2.600824619912349362e+02
6.350100100100100065e-01 2.600384057172025791e+02
6.358858858858859042e-01 2.599943494431701652e+02
6.367617617617618020e-01 2.599502931691377512e+02
6.376376376376375887e-01 2.599062368951053372e+02
6.385135135135134865e-01 2.598621806210729233e+02
6.393893893893893843e-01 2.598181243470405661e+02
6.402652652652652820e-01 2.597740680730081522e+02
6.411411411411411798e-01 2.597299706877941503e+02
6.420170170170169666e-01 2.596869476803029215e+02
6.428928928928928643e-01 2.596443712144774736e+02
6.437687687687687621e-01 2.596016120992803167e+02
6.446446446446446599e-01 2.595587990947524304e+02
6.455205205205205576e-01 2.595159860902244873e+02
6.463963963963963444e-01 2.594731730856964873e+02
6.472722722722722422e-01 2.594303600811685442e+02
6.481481481481481399e-01 2.593875470766406011e+02
6.490240240240240377e-01 2.593447340721126579e+02
6.498998998998999355e-01 2.593019210675847148e+02
6.507757757757757222e-01 2.592591080630567717e+02
6.516516516516516200e-01 2.592162950585288286e+02
6.525275275275275177e-01 2.591734820540008855e+02
6.534034034034034155e-01 2.591306690494729423e+02
6.542792792792793133e-01 2.590878560449449992e+02
6.551551551551551000e-01 2.590447175718101107e+02
6.560310310310309978e-01 2.590006378934044733e+02
6.569069069069068956e-01 2.589565582149987790e+02
6.577827827827827933e-01 2.589124785365931416e+02
6.586586586586586911e-01 2.588683988581874473e+02
6.595345345345344779e-01 2.588242517548659407e+02
6.604104104104103756e-01 2.587796036043324079e+02
6.612862862862862734e-01 2.587349554537989320e+02
6.621621621621621712e-01 2.586909889528631084e+02
6.630380380380380689e-01 2.586486541860828083e+02
6.639139139139138557e-01 2.586060095118891127e+02
6.647897897897897534e-01 2.585630398190833716e+02
6.656656656656656512e-01 2.585200701262776306e+02
6.665415415415415490e-01 2.584721726383846772e+02
6.674174174174174468e-01 2.584234513630178185e+02
6.682932932932932335e-01 2.583747300876509598e+02
6.691691691691691313e-01 2.583260088122840443e+02
6.700450450450450290e-01 2.582772875369171288e+02
6.709209209209209268e-01 2.582285542301370924e+02
6.717967967967968246e-01 2.581798164690469548e+02
6.726726726726726113e-01 2.581310787079568172e+02
6.735485485485485091e-01 2.580823409468666796e+02
6.744244244244244069e-01 2.580336031857764851e+02
6.753003003003003046e-01 2.579852008188559580e+02
6.761761761761762024e-01 2.579370230913559112e+02
6.770520520520521002e-01 2.578888453638559213e+02
6.779279279279278869e-01 2.578406676363559313e+02
6.788038038038037847e-01 2.577924899088558846e+02
6.796796796796796825e-01 2.577443121813558946e+02
6.805555555555555802e-01 2.576961344538559047e+02
6.814314314314314780e-01 2.576479567263558579e+02
6.823073073073072647e-01 2.575997789988558679e+02
6.831831831831831625e-01 2.575516012713558780e+02
6.840590590590590603e-01 2.575034235438558881e+02
6.849349349349349581e-01 2.574552458163558413e+02
6.858108108108108558e-01 2.574070680888558513e+02
6.866866866866866426e-01 2.573588903613558614e+02
6.875625625625625403e-01 2.573107126338558146e+02
6.884384384384384381e-01 2.572625349063558247e+02
6.893143143143143359e-01 2.572143571788558347e+02
6.901901901901902336e-01 2.571661794513558448e+02
6.910660660660660204e-01 2.571194920814708098e+02
6.919419419419419182e-01 2.570728272250435111e+02
6.928178178178178159e-01 2.570261623686162125e+02
6.936936936936937137e-01 2.569794975121889706e+02
6.945695695695696115e-01 2.569328326557617288e+02
6.954454454454453982e-01 2.568857193565710304e+02
6.963213213213212960e-01 2.568365069020741203e+02
6.971971971971971938e-01 2.567872944475771533e+02
6.980730730730730915e-01 2.567380819930802431e+02
6.989489489489489893e-01 2.566888695385832762e+02
6.998248248248247760e-01 2.566396570840863660e+02
7.007007007007006738e-01 2.565904446295894559e+02
7.015765765765765716e-01 2.565412321750924889e+02
7.024524524524524693e-01 2.564920197205955787e+02
7.033283283283283671e-01 2.564428072660986118e+02
7.042042042042041539e-01 2.563935948116017016e+02
7.050800800800800516e-01 2.563444751281916183e+02
7.059559559559559494e-01 2.562953819194768812e+02
7.068318318318318472e-01 2.562462887107620872e+02
7.077077077077077449e-01 2.561971955020473501e+02
7.085835835835835317e-01 2.561481022933326130e+02
7.094594594594594295e-01 2.560990090846178191e+02
7.103353353353353272e-01 2.560499158759030820e+02
7.112112112112112250e-01 2.560008226671883449e+02
7.120870870870871228e-01 2.559510845273189545e+02
7.129629629629629095e-01 2.559011435385357061e+02
7.138388388388388073e-01 2.558512025497523723e+02
7.147147147147147050e-01 2.558012615609690954e+02
7.155905905905906028e-01 2.557513205721858185e+02
7.164664664664665006e-01 2.557013795834025132e+02
7.173423423423422873e-01 2.556514385946192647e+02
7.182182182182181851e-01 2.556014976058359593e+02
7.190940940940940829e-01 2.555515566170526540e+02
7.199699699699699806e-01 2.555016156282694055e+02
7.208458458458458784e-01 2.554516746394861002e+02
7.217217217217216652e-01 2.554017336507027949e+02
7.225975975975975629e-01 2.553517926619195180e+02
7.234734734734734607e-01 2.553018516731362126e+02
7.243493493493493585e-01 2.552519106843529357e+02
7.252252252252252562e-01 2.552019696955696872e+02
7.261011011011010430e-01 2.551520287067863819e+02
7.269769769769769407e-01 2.551020877180031050e+02
7.278528528528528385e-01 2.550521467292197997e+02
7.287287287287287363e-01 2.550022057404364944e+02
7.296046046046046341e-01 2.549521569390188347e+02
7.304804804804804208e-01 2.549015027643633005e+02
7.313563563563563186e-01 2.548505489021620178e+02
7.322322322322322163e-01 2.547974776939897197e+02
7.331081081081081141e-01 2.547438487070407405e+02
7.339839839839840119e-01 2.546853348038521005e+02
7.348598598598597986e-01 2.546305159565172858e+02
7.357357357357356964e-01 2.545756971091824425e+02
7.366116116116115942e-01 2.545209596104259333e+02
7.374874874874874919e-01 2.544674644194238340e+02
7.383633633633633897e-01 2.544139692284217631e+02
7.392392392392392875e-01 2.543604740374196638e+02
7.401151151151150742e-01 2.543069788464175929e+02
7.409909909909909720e-01 2.542534836554154936e+02
7.418668668668668698e-01 2.541999884644133942e+02
7.427427427427427675e-01 2.541464932734112949e+02
7.436186186186186653e-01 2.540929980824092524e+02
7.444944944944944520e-01 2.540395028914071531e+02
7.453703703703703498e-01 2.539860077004050538e+02
7.462462462462462476e-01 2.539325125094029829e+02
7.471221221221221453e-01 2.538790173184008836e+02
7.479979979979980431e-01 2.538255221273988127e+02
7.488738738738738299e-01 2.537720269363967134e+02
7.497497497497497276e-01 2.537185317453946425e+02
7.506256256256256254e-01 2.536650365543925432e+02
7.515015015015015232e-01 2.536126338414103714e+02
7.523773773773774209e-01 2.535661634477648363e+02
7.532532532532532077e-01 2.535178867065824591e+02
7.541291291291291055e-01 2.534674403825800368e+02
7.550050050050050032e-01 2.534169940585776715e+02
7.558808808808809010e-01 2.533665477345752208e+02
7.567567567567567988e-01 2.533161014105727986e+02
7.576326326326325855e-01 2.532656550865703480e+02
7.585085085085084833e-01 2.532152087625679826e+02
7.593843843843843811e-01 2.531636296390909706e+02
7.602602602602602788e-01 2.531119697273070699e+02
7.611361361361361766e-01 2.530610417867359558e+02
7.620120120120119633e-01 2.530113604424568337e+02
7.628878878878878611e-01 2.529616790981777115e+02
7.637637637637637589e-01 2.529119977538985609e+02
7.646396396396396566e-01 2.528623164096194387e+02
7.655155155155155544e-01 2.528126350653402881e+02
7.663913913913913412e-01 2.527629537210611375e+02
7.672672672672672389e-01 2.527132723767820153e+02
7.681431431431431367e-01 2.526635910325028362e+02
7.690190190190190345e-01 2.526139096882237141e+02
7.698948948948949322e-01 2.525642283439446203e+02
7.707707707707707190e-01 2.525145469996654697e+02
7.716466466466466168e-01 2.524648656553863191e+02
7.725225225225225145e-01 2.524151843111071969e+02
7.733983983983984123e-01 2.523655029668280463e+02
7.742742742742743101e-01 2.523158216225489241e+02
7.751501501501500968e-01 2.522654996328785728e+02
7.760260260260259946e-01 2.522137091727249469e+02
7.769019019019018923e-01 2.521619187125713211e+02
7.777777777777777901e-01 2.521101282524176952e+02
7.786536536536536879e-01 2.520583377922640693e+02
7.795295295295294746e-01 2.520065473321104434e+02
7.804054054054053724e-01 2.519547568719568176e+02
7.812812812812812702e-01 2.519029664118032485e+02
7.821571571571571679e-01 2.518510767205750653e+02
7.830330330330330657e-01 2.517990216879698835e+02
7.839089089089088525e-01 2.517469666553647016e+02
7.847847847847847502e-01 2.516949116227595482e+02
7.856606606606606480e-01 2.516426528987618099e+02
7.865365365365365458e-01 2.515900959263068728e+02
7.874124124124124435e-01 2.515375389538519073e+02
7.882882882882882303e-01 2.514849819813969702e+02
7.891641641641641280e-01 2.514324250089420048e+02
7.900400400400400258e-01 2.513798680364870393e+02
7.909159159159159236e-01 2.513273110640320738e+02
7.917917917917918214e-01 2.512740266378747265e+02
7.926676676676676081e-01 2.512202542280040802e+02
7.935435435435435059e-01 2.511664818181333771e+02
7.944194194194194036e-01 2.511127094082627309e+02
7.952952952952953014e-01 2.510589369983920278e+02
7.961711711711711992e-01 2.510051645885213532e+02
7.970470470470469859e-01 2.509513921786506785e+02
7.979229229229228837e-01 2.508976197687800038e+02
7.987987987987987815e-01 2.508438473589093292e+02
7.996746746746746792e-01 2.507900749490386545e+02
8.005505505505505770e-01 2.507363025391679798e+02
8.014264264264264748e-01 2.506825473465331129e+02
8.023023023023022615e-01 2.506288113524808239e+02
8.031781781781781593e-01 2.505750753584285633e+02
8.040540540540540571e-01 2.505223772627871313e+02
8.049299299299299548e-01 2.504697110802453324e+02
8.058058058058058526e-01 2.504170448977035619e+02
8.066816816816816393e-01 2.503643787151617914e+02
8.075575575575575371e-01 2.503117125326200778e+02
8.084334334334334349e-01 2.502590463500782789e+02
8.093093093093093326e-01 2.502058959181572391e+02
8.101851851851852304e-01 2.501521020441998076e+02
8.110610610610610172e-01 2.500983081702424329e+02
8.119369369369369149e-01 2.500445142962850298e+02
8.128128128128128127e-01 2.499907204223276267e+02
8.136886886886887105e-01 2.499369265483702520e+02
8.145645645645646082e-01 2.498831326744128205e+02
8.154404404404403950e-01 2.498293388004554458e+02
8.163163163163162928e-01 2.497755449264980143e+02
8.171921921921921905e-01 2.497217510525406396e+02
8.180680680680680883e-01 2.496679571785832081e+02
8.189439439439439861e-01 2.496141633046258335e+02
8.198198198198197728e-01 2.495603694306684304e+02
8.206956956956956706e-01 2.495065755567110557e+02
8.215715715715715683e-01 2.494527816827535958e+02
8.224474474474474661e-01 2.493989878087962495e+02
8.233233233233233639e-01 2.493451939348388464e+02
8.241991991991991506e-01 2.492914000608814433e+02
8.250750750750750484e-01 2.492380142767896132e+02
8.259509509509509462e-01 2.491876326376778934e+02
8.268268268268268439e-01 2.491372509985661452e+02
8.277027027027027417e-01 2.490868693594543686e+02
8.285785785785785285e-01 2.490364877203426488e+02
8.294544544544544262e-01 2.489798866038630649e+02
8.303303303303303240e-01 2.489231600462447034e+02
8.312062062062062218e-01 2.488664334886263134e+02
8.320820820820821195e-01 2.488111099670290969e+02
8.329579579579579063e-01 2.487560294205913749e+02
8.338338338338338041e-01 2.487009712361907532e+02
8.347097097097097018e-01 2.486459177565619996e+02
8.355855855855855996e-01 2.485908642769332175e+02
8.364614614614614974e-01 2.485358107973044639e+02
8.373373373373372841e-01 2.484807573176757103e+02
8.382132132132131819e-01 2.484257038380469567e+02
8.390890890890890796e-01 2.483706503584181746e+02
8.399649649649649774e-01 2.483155968787894494e+02
8.408408408408408752e-01 2.482600866479896808e+02
8.417167167167166619e-01 2.482042266022885144e+02
8.425925925925925597e-01 2.481483665565873196e+02
8.434684684684684575e-01 2.480923171632055073e+02
8.443443443443443552e-01 2.480358979857624036e+02
8.452202202202202530e-01 2.479794788083193282e+02
8.460960960960960398e-01 2.479230596308761960e+02
8.469719719719719375e-01 2.478666404534330923e+02
8.478478478478478353e-01 2.478102212759900169e+02
8.487237237237237331e-01 2.477538020985469132e+02
8.495995995995996308e-01 2.476973829211038094e+02
8.504754754754754176e-01 2.476409637436607341e+02
8.513513513513513153e-01 2.475845445662176303e+02
8.522272272272272131e-01 2.475281253887745265e+02
8.531031031031031109e-01 2.474743414477924262e+02
8.539789789789790087e-01 2.474211318919650466e+02
8.548548548548547954e-01 2.473679223361377240e+02
8.557307307307306932e-01 2.473147127803103444e+02
8.566066066066065909e-01 2.472615032244829649e+02
8.574824824824824887e-01 2.472083284813953128e+02
8.583583583583583865e-01 2.471552296540970701e+02
8.592342342342341732e-01 2.471021308267988275e+02
8.601101101101100710e-01 2.470490319995005848e+02
8.609859859859859688e-01 2.469961331819448844e+02
8.618618618618618665e-01 2.469432498580733295e+02
8.627377377377377643e-01 2.468903665342017462e+02
8.636136136136135510e-01 2.468374832103302197e+02
8.644894894894894488e-01 2.467845998864586647e+02
8.653653653653653466e-01 2.467317165625870814e+02
8.662412412412412444e-01 2.466788332387155833e+02
8.671171171171171421e-01 2.466259499148440000e+02
8.679929929929930399e-01 2.465730665909724451e+02
8.688688688688688266e-01 2.465201832671008901e+02
8.697447447447447244e-01 2.464672999432293068e+02
8.706206206206206222e-01 2.464144166193577803e+02
8.714964964964965199e-01 2.463615332954861969e+02
8.723723723723724177e-01 2.463086499716146704e+02
8.732482482482482045e-01 2.462557666477430871e+02
8.741241241241241022e-01 2.462028833238715606e+02
8.750000000000000000e-01 2.461499999999999773e+02
