LineProbe
number of points: 1000 (fixed)
point 0: [0. 0. 0.]
point 1: [0.875 0.    0.   ]
-----

# T 1000
0.000000000000000000e+00 2.662223589801832304e+02
8.758758758758758683e-04 2.662350266179992104e+02
1.751751751751751737e-03 2.662476942558151336e+02
2.627627627627627388e-03 2.662603206597283361e+02
3.503503503503503473e-03 2.662727580395328459e+02
4.379379379379379558e-03 2.662851954193372990e+02
5.255255255255254776e-03 2.662976327991417520e+02
6.131131131131130861e-03 2.663100701789462619e+02
7.007007007007006946e-03 2.663225075587507718e+02
7.882882882882882164e-03 2.663349449385552816e+02
8.758758758758759116e-03 2.663473823183597915e+02
9.634634634634634334e-03 2.663598196981643014e+02
1.051051051051050955e-02 2.663722570779688112e+02
1.138638638638638650e-02 2.663846944577732643e+02
1.226226226226226172e-02 2.663971918891282940e+02
1.313813813813813867e-02 2.664097205156115251e+02
1.401401401401401389e-02 2.664222491420945857e+02
1.488988988988988911e-02 2.664347777685777601e+02
1.576576576576576433e-02 2.664473063950609344e+02
1.664164164164164128e-02 2.664598350215441087e+02
1.751751751751751823e-02 2.664723636480272262e+02
1.839339339339339172e-02 2.664847814061553208e+02
1.926926926926926867e-02 2.664960369491995493e+02
2.014514514514514562e-02 2.665072924922437210e+02
2.102102102102101910e-02 2.665185480352878926e+02
2.189689689689689606e-02 2.665296685047252936e+02
2.277277277277277301e-02 2.665405747523091122e+02
2.364864864864864996e-02 2.665507648745577853e+02
2.452452452452452344e-02 2.665607025213527095e+02
2.540040040040040040e-02 2.665706401681477473e+02
2.627627627627627735e-02 2.665805778149426715e+02
2.715215215215215083e-02 2.665905154617376525e+02
2.802802802802802778e-02 2.666004531085326335e+02
2.890390390390390474e-02 2.666103907553276144e+02
2.977977977977977822e-02 2.666203284021225954e+02
3.065565565565565517e-02 2.666302660489175196e+02
3.153153153153152866e-02 2.666402036957125006e+02
3.240740740740740561e-02 2.666501413425074816e+02
3.328328328328328256e-02 2.666600789893024057e+02
3.415915915915915951e-02 2.666699125022220755e+02
3.503503503503503647e-02 2.666788460998371306e+02
3.591091091091091342e-02 2.666877796974521857e+02
3.678678678678678343e-02 2.666967132950672408e+02
3.766266266266266038e-02 2.667056468926822959e+02
3.853853853853853734e-02 2.667145804902973509e+02
3.941441441441441429e-02 2.667235140879123492e+02
4.029029029029029124e-02 2.667324476855274611e+02
4.116616616616616819e-02 2.667428987502486848e+02
4.204204204204203821e-02 2.667539805465746667e+02
4.291791791791791516e-02 2.667658861229898548e+02
4.379379379379379211e-02 2.667777916994050997e+02
4.466966966966966907e-02 2.667896972758202878e+02
4.554554554554554602e-02 2.668016028522355327e+02
4.642142142142142297e-02 2.668135084286506640e+02
4.729729729729729992e-02 2.668254140050659089e+02
4.817317317317316994e-02 2.668373195814810970e+02
4.904904904904904689e-02 2.668492251578962851e+02
4.992492492492492384e-02 2.668611307343115300e+02
5.080080080080080079e-02 2.668730291247667310e+02
5.167667667667667775e-02 2.668849228112821379e+02
5.255255255255255470e-02 2.668968164977974311e+02
5.342842842842842471e-02 2.669087101843128380e+02
5.430430430430430166e-02 2.669206038708281881e+02
5.518018018018017862e-02 2.669324975573435950e+02
5.605605605605605557e-02 2.669434796373150220e+02
5.693193193193193252e-02 2.669539971204844733e+02
5.780780780780780947e-02 2.669645146036539245e+02
5.868368368368368643e-02 2.669750320868233189e+02
5.955955955955955644e-02 2.669855495699927701e+02
6.043543543543543339e-02 2.669960670531622213e+02
6.131131131131131035e-02 2.670065845363316726e+02
6.218718718718718730e-02 2.670171020195010669e+02
6.306306306306305731e-02 2.670276195026705182e+02
6.393893893893894120e-02 2.670381369858399694e+02
6.481481481481481122e-02 2.670485796094411057e+02
6.569069069069069511e-02 2.670586065716070721e+02
6.656656656656656512e-02 2.670686335337730952e+02
6.744244244244243514e-02 2.670786604959390615e+02
6.831831831831831903e-02 2.670886874581050279e+02
6.919419419419418904e-02 2.670987144202709942e+02
7.007007007007007293e-02 2.671089574603663550e+02
7.094594594594594295e-02 2.671198009621485312e+02
7.182182182182182684e-02 2.671306444639306505e+02
7.269769769769769685e-02 2.671414879657127130e+02
7.357357357357356686e-02 2.671523314674948324e+02
7.444944944944945076e-02 2.671631435642759698e+02
7.532532532532532077e-02 2.671739112821242088e+02
7.620120120120120466e-02 2.671846789999725615e+02
7.707707707707707467e-02 2.671954394787009619e+02
7.795295295295295857e-02 2.672061397622745744e+02
7.882882882882882858e-02 2.672168400458481869e+02
7.970470470470469859e-02 2.672275403294217995e+02
8.058058058058058248e-02 2.672382406129953551e+02
8.145645645645645250e-02 2.672489408965689677e+02
8.233233233233233639e-02 2.672596411801425802e+02
8.320820820820820640e-02 2.672703414637161359e+02
8.408408408408407642e-02 2.672810417472897484e+02
8.495995995995996031e-02 2.672917420308633609e+02
8.583583583583583032e-02 2.673023067699502349e+02
8.671171171171171421e-02 2.673124246613732566e+02
8.758758758758758423e-02 2.673225425527962784e+02
8.846346346346346812e-02 2.673326604442193002e+02
8.933933933933933813e-02 2.673427783356423220e+02
9.021521521521520814e-02 2.673528962270653437e+02
9.109109109109109204e-02 2.673630819272950134e+02
9.196696696696696205e-02 2.673739203621086631e+02
9.284284284284284594e-02 2.673847587969221991e+02
9.371871871871871595e-02 2.673955972317357919e+02
9.459459459459459985e-02 2.674064356665494415e+02
9.547047047047046986e-02 2.674172741013630912e+02
9.634634634634633987e-02 2.674281125361766271e+02
9.722222222222222376e-02 2.674389509709902768e+02
9.809809809809809378e-02 2.674497894058038696e+02
9.897397397397397767e-02 2.674606278406174624e+02
9.984984984984984768e-02 2.674714662754311121e+02
1.007257257257257316e-01 2.674823047102447049e+02
1.016016016016016016e-01 2.674931431450582977e+02
1.024774774774774716e-01 2.675039815798719474e+02
1.033533533533533555e-01 2.675148200146855402e+02
1.042292292292292255e-01 2.675256230185246409e+02
1.051051051051051094e-01 2.675364130953263384e+02
1.059809809809809794e-01 2.675471803905863339e+02
1.068568568568568494e-01 2.675579476858463863e+02
1.077327327327327333e-01 2.675687149811063819e+02
1.086086086086086033e-01 2.675794822763664342e+02
1.094844844844844872e-01 2.675902495716264866e+02
1.103603603603603572e-01 2.676010168668865390e+02
1.112362362362362411e-01 2.676117841621465345e+02
1.121121121121121111e-01 2.676225514574065301e+02
1.129879879879879812e-01 2.676333187526665824e+02
1.138638638638638650e-01 2.676448784244739727e+02
1.147397397397397351e-01 2.676574324908858671e+02
1.156156156156156189e-01 2.676699865572977046e+02
1.164914914914914890e-01 2.676825406237095990e+02
1.173673673673673729e-01 2.676950946901214365e+02
1.182432432432432429e-01 2.677076487565333878e+02
1.191191191191191129e-01 2.677202028229452253e+02
1.199949949949949968e-01 2.677327568893571197e+02
1.208708708708708668e-01 2.677453109557689572e+02
1.217467467467467507e-01 2.677578650221808516e+02
1.226226226226226207e-01 2.677704190885926891e+02
1.234984984984984907e-01 2.677810958383059869e+02
1.243743743743743746e-01 2.677911798068142275e+02
1.252502502502502446e-01 2.678012637753224681e+02
1.261261261261261146e-01 2.678113477438306518e+02
1.270020020020020124e-01 2.678214317123389492e+02
1.278778778778778824e-01 2.678315156808471897e+02
1.287537537537537524e-01 2.678415996493554303e+02
1.296296296296296224e-01 2.678516836178636709e+02
1.305055055055054924e-01 2.678617675863719114e+02
1.313813813813813902e-01 2.678718515548801520e+02
1.322572572572572602e-01 2.678817537638514068e+02
1.331331331331331302e-01 2.678915877629974602e+02
1.340090090090090003e-01 2.679014217621435137e+02
1.348848848848848703e-01 2.679112557612895671e+02
1.357607607607607680e-01 2.679210897604355637e+02
1.366366366366366381e-01 2.679309237595816739e+02
1.375125125125125081e-01 2.679407577587276705e+02
1.383883883883883781e-01 2.679505917578737240e+02
1.392642642642642758e-01 2.679593373263339231e+02
1.401401401401401459e-01 2.679677930805467554e+02
1.410160160160160159e-01 2.679762488347595308e+02
1.418918918918918859e-01 2.679847045889723631e+02
1.427677677677677559e-01 2.679931603431852523e+02
1.436436436436436537e-01 2.680016160973980845e+02
1.445195195195195237e-01 2.680100718516109168e+02
1.453953953953953937e-01 2.680185276058236923e+02
1.462712712712712637e-01 2.680269833600365814e+02
1.471471471471471337e-01 2.680354391142494137e+02
1.480230230230230315e-01 2.680438948684623028e+02
1.488988988988989015e-01 2.680523506226750783e+02
1.497747747747747715e-01 2.680608063768879106e+02
1.506506506506506415e-01 2.680692621311007997e+02
1.515265265265265116e-01 2.680777178853136320e+02
1.524024024024024093e-01 2.680861736395264074e+02
1.532782782782782793e-01 2.680946293937392966e+02
1.541541541541541493e-01 2.681030851479521289e+02
1.550300300300300194e-01 2.681107650776605169e+02
1.559059059059059171e-01 2.681177158273877126e+02
1.567817817817817871e-01 2.681255331530933290e+02
1.576576576576576572e-01 2.681335600647765887e+02
1.585335335335335272e-01 2.681413584462674748e+02
1.594094094094093972e-01 2.681491568277584179e+02
1.602852852852852950e-01 2.681569552092493609e+02
1.611611611611611650e-01 2.681647535907402471e+02
1.620370370370370350e-01 2.681725519722311901e+02
1.629129129129129050e-01 2.681803503537221331e+02
1.637887887887887750e-01 2.681881487352130762e+02
1.646646646646646728e-01 2.681959471167040192e+02
1.655405405405405428e-01 2.682037454981949054e+02
1.664164164164164128e-01 2.682115438796858484e+02
1.672922922922922828e-01 2.682193422611767915e+02
1.681681681681681528e-01 2.682271406426676776e+02
1.690440440440440506e-01 2.682349390241586207e+02
1.699199199199199206e-01 2.682427374056495637e+02
1.707957957957957906e-01 2.682502055372950736e+02
1.716716716716716606e-01 2.682576630057581042e+02
1.725475475475475584e-01 2.682651204742211917e+02
1.734234234234234284e-01 2.682725779426842223e+02
1.742992992992992984e-01 2.682800354111472529e+02
1.751751751751751685e-01 2.682874928796103404e+02
1.760510510510510385e-01 2.682949503480733711e+02
1.769269269269269362e-01 2.683024035960412448e+02
1.778028028028028062e-01 2.683097791701322876e+02
1.786786786786786763e-01 2.683171547442232736e+02
1.795545545545545463e-01 2.683245303183142596e+02
1.804304304304304163e-01 2.683319058924052456e+02
1.813063063063063141e-01 2.683392814664962316e+02
1.821821821821821841e-01 2.683466570405872744e+02
1.830580580580580541e-01 2.683540326146782604e+02
1.839339339339339241e-01 2.683617233191488367e+02
1.848098098098098219e-01 2.683705413981098218e+02
1.856856856856856919e-01 2.683784565674757800e+02
1.865615615615615619e-01 2.683855295594003678e+02
1.874374374374374319e-01 2.683929068164549676e+02
1.883133133133133019e-01 2.684003367881794588e+02
1.891891891891891997e-01 2.684077667599038932e+02
1.900650650650650697e-01 2.684151967316283844e+02
1.909409409409409397e-01 2.684226267033528757e+02
1.918168168168168097e-01 2.684300566750773669e+02
1.926926926926926797e-01 2.684374866468018581e+02
1.935685685685685775e-01 2.684449166185263493e+02
1.944444444444444475e-01 2.684523465902507837e+02
1.953203203203203175e-01 2.684597765619753318e+02
1.961961961961961876e-01 2.684672065336997662e+02
1.970720720720720576e-01 2.684746365054242574e+02
1.979479479479479553e-01 2.684820664771486918e+02
1.988238238238238254e-01 2.684894964488732398e+02
1.996996996996996954e-01 2.684969264205976742e+02
2.005755755755755654e-01 2.685043563923221654e+02
2.014514514514514631e-01 2.685117863640466567e+02
2.023273273273273332e-01 2.685192163357711479e+02
2.032032032032032032e-01 2.685266463074956391e+02
2.040790790790790732e-01 2.685340762792200735e+02
2.049549549549549432e-01 2.685418592855684210e+02
2.058308308308308410e-01 2.685507375421755114e+02
2.067067067067067110e-01 2.685596157987825450e+02
2.075825825825825810e-01 2.685684940553895785e+02
2.084584584584584510e-01 2.685773723119966689e+02
2.093343343343343210e-01 2.685861654277399566e+02
2.102102102102102188e-01 2.685945216821671124e+02
2.110860860860860888e-01 2.686028779365942682e+02
2.119619619619619588e-01 2.686112341910213672e+02
2.128378378378378288e-01 2.686195904454485230e+02
2.137137137137136988e-01 2.686279466998756789e+02
2.145895895895895966e-01 2.686363029543028915e+02
2.154654654654654666e-01 2.686446592087299905e+02
2.163413413413413366e-01 2.686530154631570895e+02
2.172172172172172067e-01 2.686612185543418718e+02
2.180930930930931044e-01 2.686691655758737625e+02
2.189689689689689744e-01 2.686771125974056531e+02
2.198448448448448445e-01 2.686850596189376006e+02
2.207207207207207145e-01 2.686930066404694912e+02
2.215965965965965845e-01 2.687009536620013819e+02
2.224724724724724823e-01 2.687089006835332725e+02
2.233483483483483523e-01 2.687168477050652200e+02
2.242242242242242223e-01 2.687247947265971106e+02
2.251001001001000923e-01 2.687327417481290013e+02
2.259759759759759623e-01 2.687406887696608919e+02
2.268518518518518601e-01 2.687486357911928394e+02
2.277277277277277301e-01 2.687565828127246732e+02
2.286036036036036001e-01 2.687645298342566207e+02
2.294794794794794701e-01 2.687724768557885113e+02
2.303553553553553401e-01 2.687804238773204020e+02
2.312312312312312379e-01 2.687885050113027887e+02
2.321071071071071079e-01 2.687953794185598895e+02
2.329829829829829779e-01 2.688005575960021929e+02
2.338588588588588479e-01 2.688069666974394067e+02
2.347347347347347457e-01 2.688139312003453369e+02
2.356106106106106157e-01 2.688189719265046733e+02
2.364864864864864857e-01 2.688240047517523976e+02
2.373623623623623557e-01 2.688290375770000651e+02
2.382382382382382258e-01 2.688340704022478462e+02
2.391141141141141235e-01 2.688391032274955137e+02
2.399899899899899935e-01 2.688441360527432380e+02
2.408658658658658636e-01 2.688491688779909623e+02
2.417417417417417336e-01 2.688542017032386866e+02
2.426176176176176036e-01 2.688592345284864109e+02
2.434934934934935014e-01 2.688642673537341352e+02
2.443693693693693714e-01 2.688693001789818027e+02
2.452452452452452414e-01 2.688743330042295838e+02
2.461211211211211114e-01 2.688793658294772513e+02
2.469969969969969814e-01 2.688843986547249187e+02
2.478728728728728792e-01 2.688894314799726999e+02
2.487487487487487492e-01 2.688944643052203674e+02
2.496246246246246192e-01 2.688994971304680917e+02
2.505005005005004892e-01 2.689045299557158160e+02
2.513763763763763870e-01 2.689096159553481584e+02
2.522522522522522292e-01 2.689147099890645336e+02
2.531281281281281270e-01 2.689198040227808519e+02
2.540040040040040248e-01 2.689248980564971703e+02
2.548798798798798670e-01 2.689299920902134886e+02
2.557557557557557648e-01 2.689350861239298069e+02
2.566316316316316071e-01 2.689384667378741938e+02
2.575075075075075048e-01 2.689413669898698913e+02
2.583833833833834026e-01 2.689442672418656457e+02
2.592592592592592449e-01 2.689471674938613432e+02
2.601351351351351426e-01 2.689500677458569839e+02
2.610110110110109849e-01 2.689529679978526815e+02
2.618868868868868827e-01 2.689558682498484359e+02
2.627627627627627804e-01 2.689587685018441334e+02
2.636386386386386227e-01 2.689616687538398310e+02
2.645145145145145205e-01 2.689644190307006966e+02
2.653903903903903627e-01 2.689657173105485981e+02
2.662662662662662605e-01 2.689670155903965565e+02
2.671421421421421583e-01 2.689683138702445149e+02
2.680180180180180005e-01 2.689696121500924733e+02
2.688938938938938983e-01 2.689709104299403748e+02
2.697697697697697405e-01 2.689722087097883332e+02
2.706456456456456383e-01 2.689735069896362347e+02
2.715215215215215361e-01 2.689748052694841931e+02
2.723973973973973783e-01 2.689761035493320946e+02
2.732732732732732761e-01 2.689767898640936323e+02
2.741491491491491739e-01 2.689772799595494917e+02
2.750250250250250161e-01 2.689777700550053510e+02
2.759009009009009139e-01 2.689782601504612103e+02
2.767767767767767562e-01 2.689787502459171264e+02
2.776526526526526539e-01 2.689792403413729858e+02
2.785285285285285517e-01 2.689797304368288451e+02
2.794044044044043940e-01 2.689802205322847612e+02
2.802802802802802917e-01 2.689807106277406206e+02
2.811561561561561340e-01 2.689812007231964799e+02
2.820320320320320318e-01 2.689816908186523392e+02
2.829079079079079295e-01 2.689821809141081985e+02
2.837837837837837718e-01 2.689826710095641147e+02
2.846596596596596696e-01 2.689827405664526623e+02
2.855355355355355118e-01 2.689825795750735438e+02
2.864114114114114096e-01 2.689827522119797436e+02
2.872872872872873073e-01 2.689803601104188147e+02
2.881631631631631496e-01 2.689779266516223402e+02
2.890390390390390474e-01 2.689754931928258657e+02
2.899149149149148896e-01 2.689730597340293912e+02
2.907907907907907874e-01 2.689706262752329167e+02
2.916666666666666852e-01 2.689692376022752001e+02
2.925425425425425274e-01 2.689688071121814801e+02
2.934184184184184252e-01 2.689683766220877601e+02
2.942942942942942675e-01 2.689679461319940401e+02
2.951701701701701652e-01 2.689675156419003201e+02
2.960460460460460630e-01 2.689670851518066002e+02
2.969219219219219053e-01 2.689666546617128802e+02
2.977977977977978030e-01 2.689662241716191602e+02
2.986736736736736453e-01 2.689657936815254402e+02
2.995495495495495430e-01 2.689651493462655480e+02
3.004254254254254408e-01 2.689644816426512648e+02
3.013013013013012831e-01 2.689638139390370384e+02
3.021771771771771808e-01 2.689631462354227551e+02
3.030530530530530231e-01 2.689624785318085287e+02
3.039289289289289209e-01 2.689618108281943023e+02
3.048048048048048186e-01 2.689611431245800759e+02
3.056806806806806609e-01 2.689604754209657926e+02
3.065565565565565587e-01 2.689598077173515662e+02
3.074324324324324564e-01 2.689591400137373398e+02
3.083083083083082987e-01 2.689584723101231134e+02
3.091841841841841965e-01 2.689578046065088301e+02
3.100600600600600387e-01 2.689574579584146363e+02
3.109359359359359365e-01 2.689574281165856178e+02
3.118118118118118343e-01 2.689574938500229564e+02
3.126876876876876765e-01 2.689578224441765997e+02
3.135635635635635743e-01 2.689574528849873900e+02
3.144394394394394165e-01 2.689559848523620644e+02
3.153153153153153143e-01 2.689545168197366820e+02
3.161911911911912121e-01 2.689530487871112996e+02
3.170670670670670543e-01 2.689515807544860309e+02
3.179429429429429521e-01 2.689501127218606484e+02
3.188188188188187944e-01 2.689486446892353797e+02
3.196946946946946921e-01 2.689471766566099404e+02
3.205705705705705899e-01 2.689457086239846149e+02
3.214464464464464322e-01 2.689442405913593461e+02
3.223223223223223299e-01 2.689427725587339069e+02
3.231981981981981722e-01 2.689413045261085813e+02
3.240740740740740700e-01 2.689398364934831989e+02
3.249499499499499677e-01 2.689383684608578733e+02
3.258258258258258100e-01 2.689369004282325477e+02
3.267017017017017078e-01 2.689354323956071653e+02
3.275775775775775500e-01 2.689339643629818966e+02
3.284534534534534478e-01 2.689324963303565141e+02
3.293293293293293456e-01 2.689310282977311886e+02
3.302052052052051878e-01 2.689295602651058630e+02
3.310810810810810856e-01 2.689280922324804806e+02
3.319569569569569278e-01 2.689266241998551550e+02
3.328328328328328256e-01 2.689251561672297726e+02
3.337087087087087234e-01 2.689236881346044470e+02
3.345845845845845656e-01 2.689222201019791214e+02
3.354604604604604634e-01 2.689207520693537390e+02
3.363363363363363057e-01 2.689192840367284134e+02
3.372122122122122034e-01 2.689178160041030878e+02
3.380880880880881012e-01 2.689163502120267140e+02
3.389639639639639435e-01 2.689148849269672610e+02
3.398398398398398412e-01 2.689134196419078080e+02
3.407157157157157390e-01 2.689119543568483550e+02
3.415915915915915813e-01 2.689104890717889020e+02
3.424674674674674790e-01 2.689090237867294491e+02
3.433433433433433213e-01 2.689068523192029261e+02
3.442192192192192191e-01 2.689041374477835120e+02
3.450950950950951168e-01 2.689011850140705064e+02
3.459709709709709591e-01 2.688982325803574440e+02
3.468468468468468568e-01 2.688952801466444384e+02
3.477227227227226991e-01 2.688923277129314329e+02
3.485985985985985969e-01 2.688893752792184273e+02
3.494744744744744946e-01 2.688864228455053649e+02
3.503503503503503369e-01 2.688834704117924161e+02
3.512262262262262347e-01 2.688805179780793537e+02
3.521021021021020769e-01 2.688775655443663481e+02
3.529779779779779747e-01 2.688746131106532857e+02
3.538538538538538725e-01 2.688716606769402802e+02
3.547297297297297147e-01 2.688687082432272746e+02
3.556056056056056125e-01 2.688657558095142690e+02
3.564814814814814548e-01 2.688628033758012066e+02
3.573573573573573525e-01 2.688598509420882010e+02
3.582332332332332503e-01 2.688568985083751954e+02
3.591091091091090926e-01 2.688539460746621899e+02
3.599849849849849903e-01 2.688509936409491274e+02
3.608608608608608326e-01 2.688480412072361787e+02
3.617367367367367303e-01 2.688450887735231163e+02
3.626126126126126281e-01 2.688436327509273838e+02
3.634884884884884704e-01 2.688423423255977127e+02
3.643643643643643681e-01 2.688410519002680417e+02
3.652402402402402104e-01 2.688397614749383138e+02
3.661161161161161082e-01 2.688384710496085859e+02
3.669919919919920059e-01 2.688355916800118734e+02
3.678678678678678482e-01 2.688326558445823480e+02
3.687437437437437460e-01 2.688297200091528225e+02
3.696196196196196437e-01 2.688267841737232402e+02
3.704954954954954860e-01 2.688238483382937147e+02
3.713713713713713838e-01 2.688209125028641324e+02
3.722472472472472260e-01 2.688179766674346070e+02
3.731231231231231238e-01 2.688150408320050246e+02
3.739989989989990216e-01 2.688121049965754992e+02
3.748748748748748638e-01 2.688091691611459737e+02
3.757507507507507616e-01 2.688062333257163914e+02
3.766266266266266038e-01 2.688032974902868659e+02
3.775025025025025016e-01 2.688003616548572836e+02
3.783783783783783994e-01 2.687974258194277581e+02
3.792542542542542416e-01 2.687944899839982327e+02
3.801301301301301394e-01 2.687914339169001323e+02
3.810060060060059817e-01 2.687872880424246205e+02
3.818818818818818794e-01 2.687831421679491086e+02
3.827577577577577772e-01 2.687791223182397857e+02
3.836336336336336195e-01 2.687757521571561483e+02
3.845095095095095172e-01 2.687726698949379625e+02
3.853853853853853595e-01 2.687697045173165975e+02
3.862612612612612573e-01 2.687667391396952326e+02
3.871371371371371550e-01 2.687637737620739244e+02
3.880130130130129973e-01 2.687608083844525027e+02
3.888888888888888951e-01 2.687578430068311377e+02
3.897647647647647373e-01 2.687541637648914730e+02
3.906406406406406351e-01 2.687502147648993969e+02
3.915165165165165329e-01 2.687462657649072071e+02
3.923923923923923751e-01 2.687423167649151310e+02
3.932682682682682729e-01 2.687383677649229980e+02
3.941441441441441151e-01 2.687344187649308651e+02
3.950200200200200129e-01 2.687304697649387322e+02
3.958958958958959107e-01 2.687265207649465992e+02
3.967717717717717529e-01 2.687217768716125192e+02
3.976476476476476507e-01 2.687120838489449284e+02
3.985235235235234930e-01 2.687023908262772238e+02
3.993993993993993907e-01 2.686926978036096330e+02
4.002752752752752885e-01 2.686830047809420421e+02
4.011511511511511308e-01 2.686733117582743944e+02
4.020270270270270285e-01 2.686636187356067467e+02
4.029029029029029263e-01 2.686539257129390990e+02
4.037787787787787686e-01 2.686442326902714512e+02
4.046546546546546663e-01 2.686345396676038035e+02
4.055305305305305086e-01 2.686248466449362127e+02
4.064064064064064064e-01 2.686151536222686218e+02
4.072822822822823041e-01 2.686054605996009741e+02
4.081581581581581464e-01 2.685957675769333264e+02
4.090340340340340441e-01 2.685860745542656787e+02
4.099099099099098864e-01 2.685763815315980878e+02
4.107857857857857842e-01 2.685666885089304401e+02
4.116616616616616819e-01 2.685569954862627924e+02
4.125375375375375242e-01 2.685473024635951447e+02
4.134134134134134220e-01 2.685376094409275538e+02
4.142892892892892642e-01 2.685279164182599061e+02
4.151651651651651620e-01 2.685182233955923152e+02
4.160410410410410598e-01 2.685085303729246675e+02
4.169169169169169020e-01 2.684988373502569630e+02
4.177927927927927998e-01 2.684905479774632227e+02
4.186686686686686421e-01 2.684826242519634434e+02
4.195445445445445398e-01 2.684747005264636073e+02
4.204204204204204376e-01 2.684667768009637712e+02
4.212962962962962798e-01 2.684588530754640487e+02
4.221721721721721776e-01 2.684509293499642695e+02
4.230480480480480199e-01 2.684421638782835089e+02
4.239239239239239176e-01 2.684312650965970306e+02
4.247997997997998154e-01 2.684203663149104955e+02
4.256756756756756577e-01 2.684095834019668700e+02
4.265515515515515554e-01 2.683990997020873124e+02
4.274274274274273977e-01 2.683880788200902430e+02
4.283033033033032955e-01 2.683756874905330960e+02
4.291791791791791932e-01 2.683632961609760059e+02
4.300550550550550355e-01 2.683509048314188590e+02
4.309309309309309333e-01 2.683385135018617689e+02
4.318068068068067755e-01 2.683261221723046219e+02
4.326826826826826733e-01 2.683137308427474750e+02
4.335585585585585711e-01 2.683013395131903280e+02
4.344344344344344133e-01 2.682889481836331811e+02
4.353103103103103111e-01 2.682765568540760910e+02
4.361861861861862089e-01 2.682641655245190009e+02
4.370620620620620511e-01 2.682517741949618539e+02
4.379379379379379489e-01 2.682393828654047638e+02
4.388138138138137911e-01 2.682269915358476169e+02
4.396896896896896889e-01 2.682146002062904699e+02
4.405655655655655867e-01 2.682022088767333230e+02
4.414414414414414289e-01 2.681898175471762329e+02
4.423173173173173267e-01 2.681774262176190859e+02
4.431931931931931690e-01 2.681648223398739788e+02
4.440690690690690667e-01 2.681518715383229505e+02
4.449449449449449645e-01 2.681389207367718654e+02
4.458208208208208068e-01 2.681259699352208372e+02
4.466966966966967045e-01 2.681127096929802747e+02
4.475725725725725468e-01 2.681004884396963917e+02
4.484484484484484446e-01 2.680883472257510789e+02
4.493243243243243423e-01 2.680762060118057661e+02
4.502002002002001846e-01 2.680640647978603965e+02
4.510760760760760824e-01 2.680519235839150838e+02
4.519519519519519246e-01 2.680397823699697710e+02
4.528278278278278224e-01 2.680276411560244583e+02
4.537037037037037202e-01 2.680154999420791455e+02
4.545795795795795624e-01 2.680027123832872462e+02
4.554554554554554602e-01 2.679898493060630926e+02
4.563313313313313024e-01 2.679768627293890404e+02
4.572072072072072002e-01 2.679625806061430353e+02
4.580830830830830980e-01 2.679482984828970302e+02
4.589589589589589402e-01 2.679340163596509683e+02
4.598348348348348380e-01 2.679197342364049632e+02
4.607107107107106803e-01 2.679054521131589013e+02
4.615865865865865780e-01 2.678911699899128962e+02
4.624624624624624758e-01 2.678768878666668911e+02
4.633383383383383181e-01 2.678626057434208860e+02
4.642142142142142158e-01 2.678483236201748241e+02
4.650900900900901136e-01 2.678340414969288190e+02
4.659659659659659559e-01 2.678197593736828139e+02
4.668418418418418536e-01 2.678054772504368088e+02
4.677177177177176959e-01 2.677911951271907469e+02
4.685935935935935936e-01 2.677769130039447418e+02
4.694694694694694914e-01 2.677626308806987367e+02
4.703453453453453337e-01 2.677483487574526748e+02
4.712212212212212314e-01 2.677340851041038263e+02
4.720970970970970737e-01 2.677198808478769365e+02
4.729729729729729715e-01 2.677056765916501035e+02
4.738488488488488692e-01 2.676914626578818570e+02
4.747247247247247115e-01 2.676762306578760331e+02
4.756006006006006093e-01 2.676609986578702660e+02
4.764764764764764515e-01 2.676457666578644989e+02
4.773523523523523493e-01 2.676305346578587887e+02
4.782282282282282471e-01 2.676153026578529648e+02
4.791041041041040893e-01 2.676000706578472546e+02
4.799799799799799871e-01 2.675848386578414306e+02
4.808558558558558294e-01 2.675696066578357204e+02
4.817317317317317271e-01 2.675543746578298965e+02
4.826076076076076249e-01 2.675391426578241294e+02
4.834834834834834671e-01 2.675239106578184192e+02
4.843593593593593649e-01 2.675086786578126521e+02
4.852352352352352072e-01 2.674934466578068850e+02
4.861111111111111049e-01 2.674782127826298392e+02
4.869869869869870027e-01 2.674629550340667947e+02
4.878628628628628450e-01 2.674476972855038071e+02
4.887387387387387427e-01 2.674324395369408194e+02
4.896146146146145850e-01 2.674165404467735243e+02
4.904904904904904828e-01 2.673993492971487171e+02
4.913663663663663805e-01 2.673821581475238531e+02
4.922422422422422228e-01 2.673649669978990460e+02
4.931181181181181206e-01 2.673477758482742388e+02
4.939939939939939628e-01 2.673305846986494316e+02
4.948698698698698606e-01 2.673133935490245676e+02
4.957457457457457584e-01 2.672962023993997605e+02
4.966216216216216006e-01 2.672790112497748964e+02
4.974974974974974984e-01 2.672618861593168731e+02
4.983733733733733962e-01 2.672430917369399594e+02
4.992492492492492384e-01 2.672222454893066015e+02
5.001251251251250807e-01 2.672010897669966312e+02
5.010010010010009784e-01 2.671799340446867177e+02
5.018768768768768762e-01 2.671587783223768042e+02
5.027527527527527740e-01 2.671376226000668339e+02
5.036286286286286717e-01 2.671164668777568636e+02
5.045045045045044585e-01 2.670953111554470070e+02
5.053803803803803563e-01 2.670741554331369798e+02
5.062562562562562540e-01 2.670529997108270663e+02
5.071321321321321518e-01 2.670318439885170960e+02
5.080080080080080496e-01 2.670106882662071826e+02
5.088838838838838363e-01 2.669895325438972122e+02
5.097597597597597341e-01 2.669683768215872988e+02
5.106356356356356319e-01 2.669472210992773284e+02
5.115115115115115296e-01 2.669260653769674150e+02
5.123873873873874274e-01 2.669049096546574447e+02
5.132632632632632141e-01 2.668837539323475312e+02
5.141391391391391119e-01 2.668625982100375609e+02
5.150150150150150097e-01 2.668414424877276474e+02
5.158908908908909074e-01 2.668202867654176771e+02
5.167667667667668052e-01 2.667991310431077636e+02
5.176426426426425920e-01 2.667779753207977933e+02
5.185185185185184897e-01 2.667568195984878230e+02
5.193943943943943875e-01 2.667356638761779095e+02
5.202702702702702853e-01 2.667151951997382184e+02
5.211461461461461830e-01 2.666951200908532087e+02
5.220220220220219698e-01 2.666750449819682558e+02
5.228978978978978676e-01 2.666544594684488629e+02
5.237737737737737653e-01 2.666320895610642765e+02
5.246496496496496631e-01 2.666097196536796901e+02
5.255255255255255609e-01 2.665873497462951036e+02
5.264014014014013476e-01 2.665649103932197477e+02
5.272772772772772454e-01 2.665411091120726610e+02
5.281531531531531432e-01 2.665172328013911738e+02
5.290290290290290409e-01 2.664931053709829598e+02
5.299049049049049387e-01 2.664686762744176463e+02
5.307807807807807254e-01 2.664423493590761041e+02
5.316566566566566232e-01 2.664160224437346187e+02
5.325325325325325210e-01 2.663896955283930765e+02
5.334084084084084187e-01 2.663633686130515343e+02
5.342842842842843165e-01 2.663370416977100490e+02
5.351601601601601033e-01 2.663107147823685636e+02
5.360360360360360010e-01 2.662843878670270215e+02
5.369119119119118988e-01 2.662580609516854793e+02
5.377877877877877966e-01 2.662317340363439371e+02
5.386636636636636943e-01 2.662054071210023949e+02
5.395395395395394811e-01 2.661790802056609095e+02
5.404154154154153789e-01 2.661527532903193674e+02
5.412912912912912766e-01 2.661264263749778820e+02
5.421671671671671744e-01 2.661000994596363398e+02
5.430430430430430722e-01 2.660737725442947976e+02
5.439189189189188589e-01 2.660474456289533123e+02
5.447947947947947567e-01 2.660211187136117701e+02
5.456706706706706544e-01 2.659947917982702279e+02
5.465465465465465522e-01 2.659684648829287426e+02
5.474224224224224500e-01 2.659421379675872004e+02
5.482982982982983478e-01 2.659158110522456582e+02
5.491741741741741345e-01 2.658894841369041160e+02
5.500500500500500323e-01 2.658630882221625029e+02
5.509259259259259300e-01 2.658363058013326281e+02
5.518018018018018278e-01 2.658095233805026396e+02
5.526776776776777256e-01 2.657827409596727080e+02
5.535535535535535123e-01 2.657559585388428331e+02
5.544294294294294101e-01 2.657291263946423214e+02
5.553053053053053079e-01 2.657013871377866963e+02
5.561811811811812056e-01 2.656731320270367860e+02
5.570570570570571034e-01 2.656448769162868189e+02
5.579329329329328901e-01 2.656162731918409463e+02
5.588088088088087879e-01 2.655875150006401668e+02
5.596846846846846857e-01 2.655587568094393873e+02
5.605605605605605835e-01 2.655299986182386078e+02
5.614364364364364812e-01 2.655012404270378283e+02
5.623123123123122680e-01 2.654724822358371057e+02
5.631881881881881657e-01 2.654437240446363262e+02
5.640640640640640635e-01 2.654149658534355467e+02
5.649399399399399613e-01 2.653862076622347672e+02
5.658158158158158590e-01 2.653575370420720674e+02
5.666916916916916458e-01 2.653290666960866702e+02
5.675675675675675436e-01 2.653005963501012161e+02
5.684434434434434413e-01 2.652721260041157620e+02
5.693193193193193391e-01 2.652436556581303648e+02
5.701951951951952369e-01 2.652151853121449108e+02
5.710710710710710236e-01 2.651867149661595136e+02
5.719469469469469214e-01 2.651582446201740595e+02
5.728228228228228192e-01 2.651297742741886054e+02
5.736986986986987169e-01 2.651013039282032082e+02
5.745745745745746147e-01 2.650728335822177542e+02
5.754504504504504014e-01 2.650443632362323001e+02
5.763263263263262992e-01 2.650158928902469029e+02
5.772022022022021970e-01 2.649874225442614488e+02
5.780780780780780947e-01 2.649589521982759948e+02
5.789539539539539925e-01 2.649304818522905975e+02
5.798298298298297793e-01 2.649020115063052003e+02
5.807057057057056770e-01 2.648731616427896256e+02
5.815815815815815748e-01 2.648442439414009755e+02
5.824574574574574726e-01 2.648153262400123253e+02
5.833333333333333703e-01 2.647864085386236184e+02
5.842092092092091571e-01 2.647575927975441914e+02
5.850850850850850549e-01 2.647293821053063994e+02
5.859609609609609526e-01 2.647011714130686073e+02
5.868368368368368504e-01 2.646729607208308721e+02
5.877127127127127482e-01 2.646447500285930801e+02
5.885885885885885349e-01 2.646165393363553449e+02
5.894644644644644327e-01 2.645882303203725314e+02
5.903403403403403304e-01 2.645599081794653671e+02
5.912162162162162282e-01 2.645315860385581459e+02
5.920920920920921260e-01 2.645032638976509816e+02
5.929679679679679127e-01 2.644744369452484989e+02
5.938438438438438105e-01 2.644427170341979831e+02
5.947197197197197083e-01 2.644109971231474674e+02
5.955955955955956060e-01 2.643792772120970085e+02
5.964714714714715038e-01 2.643475573010464927e+02
5.973473473473472906e-01 2.643158373899959770e+02
5.982232232232231883e-01 2.642841174789455181e+02
5.990990990990990861e-01 2.642523975678950023e+02
5.999749749749749839e-01 2.642206776568444866e+02
6.008508508508508816e-01 2.641889577457939708e+02
6.017267267267266684e-01 2.641572378347435688e+02
6.026026026026025662e-01 2.641255179236929962e+02
6.034784784784784639e-01 2.640923087113093288e+02
6.043543543543543617e-01 2.640589392366712218e+02
6.052302302302302595e-01 2.640255697620330579e+02
6.061061061061060462e-01 2.639922002873948941e+02
6.069819819819819440e-01 2.639588308127567302e+02
6.078578578578578417e-01 2.639254613381185663e+02
6.087337337337337395e-01 2.638920918634804593e+02
6.096096096096096373e-01 2.638587223888422955e+02
6.104854854854855351e-01 2.638238754394012631e+02
6.113613613613613218e-01 2.637860378017322205e+02
6.122372372372372196e-01 2.637482001640630642e+02
6.131131131131131173e-01 2.637103625263939648e+02
6.139889889889890151e-01 2.636725248887248654e+02
6.148648648648649129e-01 2.636346872510557660e+02
6.157407407407406996e-01 2.635968496133866665e+02
6.166166166166165974e-01 2.635590119757175671e+02
6.174924924924924952e-01 2.635211743380485245e+02
6.183683683683683929e-01 2.634842164660267372e+02
6.192442442442442907e-01 2.634489242080751410e+02
6.201201201201200774e-01 2.634136319501235448e+02
6.209959959959959752e-01 2.633778422360939544e+02
6.218718718718718730e-01 2.633386898133431373e+02
6.227477477477477708e-01 2.632995373905923202e+02
6.236236236236236685e-01 2.632603849678415031e+02
6.244994994994994553e-01 2.632212325450907429e+02
6.253753753753753530e-01 2.631820801223399258e+02
6.262512512512512508e-01 2.631417268375728327e+02
6.271271271271271486e-01 2.631015183336483574e+02
6.280030030030030463e-01 2.630595561607532886e+02
6.288788788788788331e-01 2.630172709409165464e+02
6.297547547547547309e-01 2.629749857210798609e+02
6.306306306306306286e-01 2.629327005012431755e+02
6.315065065065065264e-01 2.628904152814064332e+02
6.323823823823824242e-01 2.628481300615696910e+02
6.332582582582582109e-01 2.628058448417329487e+02
6.341341341341341087e-01 2.627633186032257981e+02
6.350100100100100065e-01 2.627205802596837430e+02
6.358858858858859042e-01 2.626778419161416878e+02
6.367617617617618020e-01 2.626351035725996894e+02
6.376376376376375887e-01 2.625923652290576342e+02
6.385135135135134865e-01 2.625496268855156359e+02
6.393893893893893843e-01 2.625068885419735807e+02
6.402652652652652820e-01 2.624641501984315255e+02
6.411411411411411798e-01 2.624214118548895271e+02
6.420170170170169666e-01 2.623786735113474720e+02
6.428928928928928643e-01 2.623364118725314142e+02
6.437687687687687621e-01 2.622942341382490667e+02
6.446446446446446599e-01 2.622525689547746879e+02
6.455205205205205576e-01 2.622128758142146694e+02
6.463963963963963444e-01 2.621731826736546509e+02
6.472722722722722422e-01 2.621334895330946324e+02
6.481481481481481399e-01 2.620937963925346139e+02
6.490240240240240377e-01 2.620541032519746523e+02
6.498998998998999355e-01 2.620144101114146338e+02
6.507757757757757222e-01 2.619747169708546153e+02
6.516516516516516200e-01 2.619350238302945968e+02
6.525275275275275177e-01 2.618953306897345783e+02
6.534034034034034155e-01 2.618552033459872064e+02
6.542792792792793133e-01 2.618145316482656426e+02
6.551551551551551000e-01 2.617720671847868630e+02
6.560310310310309978e-01 2.617296027213080833e+02
6.569069069069068956e-01 2.616871382578293037e+02
6.577827827827827933e-01 2.616446737943505241e+02
6.586586586586586911e-01 2.616022093308717444e+02
6.595345345345344779e-01 2.615597448673929648e+02
6.604104104104103756e-01 2.615172804039141852e+02
6.612862862862862734e-01 2.614748159404354055e+02
6.621621621621621712e-01 2.614323514769566827e+02
6.630380380380380689e-01 2.613898870134779031e+02
6.639139139139138557e-01 2.613474225499991235e+02
6.647897897897897534e-01 2.612973670717977370e+02
6.656656656656656512e-01 2.612471916333483932e+02
6.665415415415415490e-01 2.611970161948989926e+02
6.674174174174174468e-01 2.611468407564495919e+02
6.682932932932932335e-01 2.610966653180002481e+02
6.691691691691691313e-01 2.610464898795508475e+02
6.700450450450450290e-01 2.609963144411015037e+02
6.709209209209209268e-01 2.609461390026521030e+02
6.717967967967968246e-01 2.608959635642027592e+02
6.726726726726726113e-01 2.608457881257534154e+02
6.735485485485485091e-01 2.607949097623765056e+02
6.744244244244244069e-01 2.607415711972182066e+02
6.753003003003003046e-01 2.606882326320599077e+02
6.761761761761762024e-01 2.606348940669016656e+02
6.770520520520521002e-01 2.605815555017433667e+02
6.779279279279278869e-01 2.605282169365850109e+02
6.788038038038037847e-01 2.604748783714267688e+02
6.796796796796796825e-01 2.604215398062684699e+02
6.805555555555555802e-01 2.603681993534239609e+02
6.814314314314314780e-01 2.603148540304979406e+02
6.823073073073072647e-01 2.602615087075718634e+02
6.831831831831831625e-01 2.602081633846458431e+02
6.840590590590590603e-01 2.601548180617197659e+02
6.849349349349349581e-01 2.601014727387937455e+02
6.858108108108108558e-01 2.600481274158676683e+02
6.866866866866866426e-01 2.599947820929416480e+02
6.875625625625625403e-01 2.599414367700155708e+02
6.884384384384384381e-01 2.598880914470895505e+02
6.893143143143143359e-01 2.598347461241635301e+02
6.901901901901902336e-01 2.597821129845621613e+02
6.910660660660660204e-01 2.597306531156328901e+02
6.919419419419419182e-01 2.596791932467035622e+02
6.928178178178178159e-01 2.596277333777742342e+02
6.936936936936937137e-01 2.595762735088450199e+02
6.945695695695696115e-01 2.595248136399156920e+02
6.954454454454453982e-01 2.594733537709863640e+02
6.963213213213212960e-01 2.594218939020571497e+02
6.971971971971971938e-01 2.593704340331278217e+02
6.980730730730730915e-01 2.593194156396548351e+02
6.989489489489489893e-01 2.592689851876604052e+02
6.998248248248247760e-01 2.592178316352128604e+02
7.007007007007006738e-01 2.591666780827652019e+02
7.015765765765765716e-01 2.591155245303176002e+02
7.024524524524524693e-01 2.590643709778699986e+02
7.033283283283283671e-01 2.590132174254223969e+02
7.042042042042041539e-01 2.589620638729747952e+02
7.050800800800800516e-01 2.589109103205271936e+02
7.059559559559559494e-01 2.588589712145839599e+02
7.068318318318318472e-01 2.588061540012903947e+02
7.077077077077077449e-01 2.587533367879968296e+02
7.085835835835835317e-01 2.587005195747032644e+02
7.094594594594594295e-01 2.586477023614096993e+02
7.103353353353353272e-01 2.585948851481161341e+02
7.112112112112112250e-01 2.585420679348225690e+02
7.120870870870871228e-01 2.584892507215290038e+02
7.129629629629629095e-01 2.584364335082354387e+02
7.138388388388388073e-01 2.583836162949418167e+02
7.147147147147147050e-01 2.583305361401096434e+02
7.155905905905906028e-01 2.582772769153163495e+02
7.164664664664665006e-01 2.582240176905230555e+02
7.173423423423422873e-01 2.581707584657297048e+02
7.182182182182181851e-01 2.581174992409364677e+02
7.190940940940940829e-01 2.580642400161431738e+02
7.199699699699699806e-01 2.580109807913498798e+02
7.208458458458458784e-01 2.579577215665565291e+02
7.217217217217216652e-01 2.579044623417632920e+02
7.225975975975975629e-01 2.578502514188745636e+02
7.234734734734734607e-01 2.577954314659743886e+02
7.243493493493493585e-01 2.577406115130742137e+02
7.252252252252252562e-01 2.576852667526275127e+02
7.261011011011010430e-01 2.576273221032569154e+02
7.269769769769769407e-01 2.575693774538864318e+02
7.278528528528528385e-01 2.575114328045158913e+02
7.287287287287287363e-01 2.574534881551453509e+02
7.296046046046046341e-01 2.573955435057748105e+02
7.304804804804804208e-01 2.573375988564042700e+02
7.313563563563563186e-01 2.572796542070337864e+02
7.322322322322322163e-01 2.572217095576632460e+02
7.331081081081081141e-01 2.571637649082927055e+02
7.339839839839840119e-01 2.571058202589221082e+02
7.348598598598597986e-01 2.570478756095516246e+02
7.357357357357356964e-01 2.569899309601810842e+02
7.366116116116115942e-01 2.569319863108105437e+02
7.374874874874874919e-01 2.568740416614400033e+02
7.383633633633633897e-01 2.568160970120694628e+02
7.392392392392392875e-01 2.567581523626989792e+02
7.401151151151150742e-01 2.567002077133284388e+02
7.409909909909909720e-01 2.566422630639578983e+02
7.418668668668668698e-01 2.565846529368792517e+02
7.427427427427427675e-01 2.565275006736005139e+02
7.436186186186186653e-01 2.564703484103217761e+02
7.444944944944944520e-01 2.564116700319790993e+02
7.453703703703703498e-01 2.563483634283025481e+02
7.462462462462462476e-01 2.562850568246259400e+02
7.471221221221221453e-01 2.562217502209493887e+02
7.479979979979980431e-01 2.561587276134321201e+02
7.488738738738738299e-01 2.560987068622550282e+02
7.497497497497497276e-01 2.560386861110778796e+02
7.506256256256256254e-01 2.559794049720989619e+02
7.515015015015015232e-01 2.559214363806677000e+02
7.523773773773774209e-01 2.558634677892364664e+02
7.532532532532532077e-01 2.558054991978052328e+02
7.541291291291291055e-01 2.557475306063740277e+02
7.550050050050050032e-01 2.556895620149427941e+02
7.558808808808809010e-01 2.556315934235115890e+02
7.567567567567567988e-01 2.555736248320803270e+02
7.576326326326325855e-01 2.555156562406491503e+02
7.585085085085084833e-01 2.554576876492179167e+02
7.593843843843843811e-01 2.553997190577866547e+02
7.602602602602602788e-01 2.553417504663554496e+02
7.611361361361361766e-01 2.552837818749242160e+02
7.620120120120119633e-01 2.552258132834929825e+02
7.628878878878878611e-01 2.551678446920617489e+02
7.637637637637637589e-01 2.551113096988261191e+02
7.646396396396396566e-01 2.550554879290226040e+02
7.655155155155155544e-01 2.549996661592190890e+02
7.663913913913913412e-01 2.549438443894156308e+02
7.672672672672672389e-01 2.548880226196121441e+02
7.681431431431431367e-01 2.548288877973185436e+02
7.690190190190190345e-01 2.547676050636615059e+02
7.698948948948949322e-01 2.547063223300044683e+02
7.707707707707707190e-01 2.546450395963474307e+02
7.716466466466466168e-01 2.545837568626903931e+02
7.725225225225225145e-01 2.545224741290333839e+02
7.733983983983984123e-01 2.544611913953763178e+02
7.742742742742743101e-01 2.543999086617192802e+02
7.751501501501500968e-01 2.543386259280622710e+02
7.760260260260259946e-01 2.542773431944052049e+02
7.769019019019018923e-01 2.542160604607482242e+02
7.777777777777777901e-01 2.541547777270911581e+02
7.786536536536536879e-01 2.540934949934340921e+02
7.795295295295294746e-01 2.540322122597771113e+02
7.804054054054053724e-01 2.539709295261200452e+02
7.812812812812812702e-01 2.539096467924630360e+02
7.821571571571571679e-01 2.538483640588059700e+02
7.830330330330330657e-01 2.537871726310464453e+02
7.839089089089088525e-01 2.537274880435809905e+02
7.847847847847847502e-01 2.536678034561155641e+02
7.856606606606606480e-01 2.536078305844792169e+02
7.865365365365365458e-01 2.535465070244796948e+02
7.874124124124124435e-01 2.534851834644801443e+02
7.882882882882882303e-01 2.534238599044806506e+02
7.891641641641641280e-01 2.533625363444811569e+02
7.900400400400400258e-01 2.532990116893592472e+02
7.909159159159159236e-01 2.532354476998031032e+02
7.917917917917918214e-01 2.531676414384600378e+02
7.926676676676676081e-01 2.530988671592383810e+02
7.935435435435435059e-01 2.530300928800166673e+02
7.944194194194194036e-01 2.529613186007950389e+02
7.952952952952953014e-01 2.528925443215733253e+02
7.961711711711711992e-01 2.528237700423516685e+02
7.970470470470469859e-01 2.527549957631300117e+02
7.979229229229228837e-01 2.526862214839083549e+02
7.987987987987987815e-01 2.526174472046866981e+02
7.996746746746746792e-01 2.525486729254650129e+02
8.005505505505505770e-01 2.524798986462433277e+02
8.014264264264264748e-01 2.524111243670216140e+02
8.023023023023022615e-01 2.523423500877999857e+02
8.031781781781781593e-01 2.522735758085783004e+02
8.040540540540540571e-01 2.522048015293565868e+02
8.049299299299299548e-01 2.521360272501349584e+02
8.058058058058058526e-01 2.520672529709132732e+02
8.066816816816816393e-01 2.519984786916915880e+02
8.075575575575575371e-01 2.519297044124699312e+02
8.084334334334334349e-01 2.518609301332482460e+02
8.093093093093093326e-01 2.517921558540265892e+02
8.101851851851852304e-01 2.517233815748049039e+02
8.110610610610610172e-01 2.516545874038304191e+02
8.119369369369369149e-01 2.515836106987930521e+02
8.128128128128128127e-01 2.515156232388481214e+02
8.136886886886887105e-01 2.514477369181621498e+02
8.145645645645646082e-01 2.513798505974762065e+02
8.154404404404403950e-01 2.513119642767902349e+02
8.163163163163162928e-01 2.512440779561042916e+02
8.171921921921921905e-01 2.511761916354183199e+02
8.180680680680680883e-01 2.511086077184725411e+02
8.189439439439439861e-01 2.510459667455438648e+02
8.198198198198197728e-01 2.509833257726151885e+02
8.206956956956956706e-01 2.509206847996865122e+02
8.215715715715715683e-01 2.508561000508863117e+02
8.224474474474474661e-01 2.507906721254373679e+02
8.233233233233233639e-01 2.507252441999884809e+02
8.241991991991991506e-01 2.506598162745395371e+02
8.250750750750750484e-01 2.505943883490905932e+02
8.259509509509509462e-01 2.505289604236417063e+02
8.268268268268268439e-01 2.504635324981927340e+02
8.277027027027027417e-01 2.503981045727438470e+02
8.285785785785785285e-01 2.503326766472949316e+02
8.294544544544544262e-01 2.502667801719664453e+02
8.303303303303303240e-01 2.501996686834685306e+02
8.312062062062062218e-01 2.501325571949706159e+02
8.320820820820821195e-01 2.500654457064727012e+02
8.329579579579579063e-01 2.499983342179747581e+02
8.338338338338338041e-01 2.499305428915417906e+02
8.347097097097097018e-01 2.498612631307470338e+02
8.355855855855855996e-01 2.497919833699522769e+02
8.364614614614614974e-01 2.497227036091575769e+02
8.373373373373372841e-01 2.496527055994584998e+02
8.382132132132131819e-01 2.495788551798860340e+02
8.390890890890890796e-01 2.495050047603135113e+02
8.399649649649649774e-01 2.494311543407410454e+02
8.408408408408408752e-01 2.493573039211685511e+02
8.417167167167166619e-01 2.492834535015960569e+02
8.425925925925925597e-01 2.492096030820235626e+02
8.434684684684684575e-01 2.491357526624511252e+02
8.443443443443443552e-01 2.490619022428786025e+02
8.452202202202202530e-01 2.489880518233061366e+02
8.460960960960960398e-01 2.489142014037336423e+02
8.469719719719719375e-01 2.488403509841611765e+02
8.478478478478478353e-01 2.487710822182291395e+02
8.487237237237237331e-01 2.487028648406148363e+02
8.495995995995996308e-01 2.486346474630005048e+02
8.504754754754754176e-01 2.485664300853862301e+02
8.513513513513513153e-01 2.484982127077719554e+02
8.522272272272272131e-01 2.484299953301576807e+02
8.531031031031031109e-01 2.483617779525433775e+02
8.539789789789790087e-01 2.482935605749291028e+02
8.548548548548547954e-01 2.482253431973148281e+02
8.557307307307306932e-01 2.481571258197005250e+02
8.566066066066065909e-01 2.480889084420862218e+02
8.574824824824824887e-01 2.480206910644719187e+02
8.583583583583583865e-01 2.479524736868576156e+02
8.592342342342341732e-01 2.478842563092433693e+02
8.601101101101100710e-01 2.478160389316290662e+02
8.609859859859859688e-01 2.477478215540147914e+02
8.618618618618618665e-01 2.476796041764005167e+02
8.627377377377377643e-01 2.476113867987862136e+02
8.636136136136135510e-01 2.475431694211719105e+02
8.644894894894894488e-01 2.474749520435576358e+02
8.653653653653653466e-01 2.474060925323069284e+02
8.662412412412412444e-01 2.473371443806153991e+02
8.671171171171171421e-01 2.472681962289238982e+02
8.679929929929930399e-01 2.471992480772323972e+02
8.688688688688688266e-01 2.471302999255409247e+02
8.697447447447447244e-01 2.470613517738494238e+02
8.706206206206206222e-01 2.469924036221578660e+02
8.714964964964965199e-01 2.469234554704663651e+02
8.723723723723724177e-01 2.468545073187748642e+02
8.732482482482482045e-01 2.467855591670833917e+02
8.741241241241241022e-01 2.467174019736684727e+02
8.750000000000000000e-01 2.466500000000000341e+02
