LineProbe
number of points: 1000 (fixed)
point 0: [0. 0. 0.]
point 1: [0.875 0.    0.   ]
-----

# T 1000
0.000000000000000000e+00 2.599875569418230725e+02
8.758758758758758683e-04 2.599951423015812679e+02
1.751751751751751737e-03 2.600027276613394065e+02
2.627627627627627388e-03 2.600102972597809412e+02
3.503503503503503473e-03 2.600177946053277651e+02
4.379379379379379558e-03 2.600252919508745890e+02
5.255255255255254776e-03 2.600327892964214698e+02
6.131131131131130861e-03 2.600402866419682937e+02
7.007007007007006946e-03 2.600477839875151744e+02
7.882882882882882164e-03 2.600552813330619983e+02
8.758758758758759116e-03 2.600627786786088791e+02
9.634634634634634334e-03 2.600702760241557598e+02
1.051051051051050955e-02 2.600777733697025838e+02
1.138638638638638650e-02 2.600852707152494077e+02
1.226226226226226172e-02 2.600928747498491020e+02
1.313813813813813867e-02 2.601005342064760271e+02
1.401401401401401389e-02 2.601081936631029521e+02
1.488988988988988911e-02 2.601158531197298203e+02
1.576576576576576433e-02 2.601235125763567453e+02
1.664164164164164128e-02 2.601311720329836135e+02
1.751751751751751823e-02 2.601388314896105385e+02
1.839339339339339172e-02 2.601464554558899067e+02
1.926926926926926867e-02 2.601537073825797393e+02
2.014514514514514562e-02 2.601609593092695718e+02
2.102102102102101910e-02 2.601682112359595180e+02
2.189689689689689606e-02 2.601754122633215047e+02
2.277277277277277301e-02 2.601825325661909574e+02
2.364864864864864996e-02 2.601894322190504454e+02
2.452452452452452344e-02 2.601962540800644206e+02
2.540040040040040040e-02 2.602030759410783958e+02
2.627627627627627735e-02 2.602098978020924278e+02
2.715215215215215083e-02 2.602167196631064030e+02
2.802802802802802778e-02 2.602235415241203782e+02
2.890390390390390474e-02 2.602303633851344102e+02
2.977977977977977822e-02 2.602371852461484423e+02
3.065565565565565517e-02 2.602440071071623606e+02
3.153153153153152866e-02 2.602508289681763927e+02
3.240740740740740561e-02 2.602576508291903679e+02
3.328328328328328256e-02 2.602644726902043431e+02
3.415915915915915951e-02 2.602712668346131295e+02
3.503503503503503647e-02 2.602778214546866025e+02
3.591091091091091342e-02 2.602843760747600754e+02
3.678678678678678343e-02 2.602909306948335484e+02
3.766266266266266038e-02 2.602974853149070213e+02
3.853853853853853734e-02 2.603040399349804375e+02
3.941441441441441429e-02 2.603105945550539104e+02
4.029029029029029124e-02 2.603171491751273834e+02
4.116616616616616819e-02 2.603240647650902702e+02
4.204204204204203821e-02 2.603311303913317261e+02
4.291791791791791516e-02 2.603383919755656848e+02
4.379379379379379211e-02 2.603456535597995867e+02
4.466966966966966907e-02 2.603529151440335454e+02
4.554554554554554602e-02 2.603601767282674473e+02
4.642142142142142297e-02 2.603674383125014060e+02
4.729729729729729992e-02 2.603746998967353079e+02
4.817317317317316994e-02 2.603819614809692666e+02
4.904904904904904689e-02 2.603892230652031685e+02
4.992492492492492384e-02 2.603964846494371272e+02
5.080080080080080079e-02 2.604036701736304735e+02
5.167667667667667775e-02 2.604108059088104028e+02
5.255255255255255470e-02 2.604179416439903889e+02
5.342842842842842471e-02 2.604250773791703182e+02
5.430430430430430166e-02 2.604322131143501906e+02
5.518018018018017862e-02 2.604393488495301767e+02
5.605605605605605557e-02 2.604461714905837084e+02
5.693193193193193252e-02 2.604528345644085903e+02
5.780780780780780947e-02 2.604594976382334153e+02
5.868368368368368643e-02 2.604661607120582403e+02
5.955955955955955644e-02 2.604728237858830653e+02
6.043543543543543339e-02 2.604794868597079471e+02
6.131131131131131035e-02 2.604861499335328290e+02
6.218718718718718730e-02 2.604928130073575971e+02
6.306306306306305731e-02 2.604994760811824790e+02
6.393893893893894120e-02 2.605061391550073040e+02
6.481481481481481122e-02 2.605127005272661904e+02
6.569069069069069511e-02 2.605186971965775911e+02
6.656656656656656512e-02 2.605246938658889917e+02
6.744244244244243514e-02 2.605306905352004492e+02
6.831831831831831903e-02 2.605366872045119067e+02
6.919419419419418904e-02 2.605426838738233641e+02
7.007007007007007293e-02 2.605486766191244214e+02
7.094594594594594295e-02 2.605546584599434254e+02
7.182182182182182684e-02 2.605606403007624294e+02
7.269769769769769685e-02 2.605666221415814334e+02
7.357357357357356686e-02 2.605726039824004374e+02
7.444944944944945076e-02 2.605785027027183673e+02
7.532532532532532077e-02 2.605842839640645821e+02
7.620120120120120466e-02 2.605900652254107399e+02
7.707707707707707467e-02 2.605958273267743834e+02
7.795295295295295857e-02 2.606014301079256938e+02
7.882882882882882858e-02 2.606070328890770611e+02
7.970470470470469859e-02 2.606126356702283715e+02
8.058058058058058248e-02 2.606182384513796819e+02
8.145645645645645250e-02 2.606238412325310492e+02
8.233233233233233639e-02 2.606294440136823596e+02
8.320820820820820640e-02 2.606350467948337268e+02
8.408408408408407642e-02 2.606406495759850372e+02
8.495995995995996031e-02 2.606462523571363477e+02
8.583583583583583032e-02 2.606518455806340171e+02
8.671171171171171421e-02 2.606574072955448855e+02
8.758758758758758423e-02 2.606629690104556971e+02
8.846346346346346812e-02 2.606685307253665655e+02
8.933933933933933813e-02 2.606740924402773771e+02
9.021521521521520814e-02 2.606796541551882456e+02
9.109109109109109204e-02 2.606852258041096775e+02
9.196696696696696205e-02 2.606908930788437715e+02
9.284284284284284594e-02 2.606965603535778655e+02
9.371871871871871595e-02 2.607022276283120163e+02
9.459459459459459985e-02 2.607078949030461672e+02
9.547047047047046986e-02 2.607135621777802612e+02
9.634634634634633987e-02 2.607192294525143552e+02
9.722222222222222376e-02 2.607248967272485061e+02
9.809809809809809378e-02 2.607305640019826569e+02
9.897397397397397767e-02 2.607362312767167509e+02
9.984984984984984768e-02 2.607418985514509018e+02
1.007257257257257316e-01 2.607475658261849958e+02
1.016016016016016016e-01 2.607532331009191466e+02
1.024774774774774716e-01 2.607589003756532406e+02
1.033533533533533555e-01 2.607645676503873347e+02
1.042292292292292255e-01 2.607702961599757145e+02
1.051051051051051094e-01 2.607760408294307695e+02
1.059809809809809794e-01 2.607817848270869945e+02
1.068568568568568494e-01 2.607875288247432763e+02
1.077327327327327333e-01 2.607932728223995014e+02
1.086086086086086033e-01 2.607990168200557264e+02
1.094844844844844872e-01 2.608047608177120082e+02
1.103603603603603572e-01 2.608105048153682333e+02
1.112362362362362411e-01 2.608162488130245151e+02
1.121121121121121111e-01 2.608219928106807401e+02
1.129879879879879812e-01 2.608277368083369652e+02
1.138638638638638650e-01 2.608336546829198141e+02
1.147397397397397351e-01 2.608397907647151328e+02
1.156156156156156189e-01 2.608459268465104515e+02
1.164914914914914890e-01 2.608520629283058270e+02
1.173673673673673729e-01 2.608581990101011456e+02
1.182432432432432429e-01 2.608643350918964643e+02
1.191191191191191129e-01 2.608704711736917830e+02
1.199949949949949968e-01 2.608766072554871016e+02
1.208708708708708668e-01 2.608827433372824771e+02
1.217467467467467507e-01 2.608888794190777958e+02
1.226226226226226207e-01 2.608950155008731144e+02
1.234984984984984907e-01 2.609003160377554309e+02
1.243743743743743746e-01 2.609053527431166231e+02
1.252502502502502446e-01 2.609103894484777015e+02
1.261261261261261146e-01 2.609154261538388937e+02
1.270020020020020124e-01 2.609204628592000290e+02
1.278778778778778824e-01 2.609254995645611643e+02
1.287537537537537524e-01 2.609305362699222997e+02
1.296296296296296224e-01 2.609355729752834350e+02
1.305055055055054924e-01 2.609406096806445703e+02
1.313813813813813902e-01 2.609456463860057056e+02
1.322572572572572602e-01 2.609505674902981127e+02
1.331331331331331302e-01 2.609554452123899182e+02
1.340090090090090003e-01 2.609603229344817237e+02
1.348848848848848703e-01 2.609652006565734723e+02
1.357607607607607680e-01 2.609700783786652778e+02
1.366366366366366381e-01 2.609749561007570833e+02
1.375125125125125081e-01 2.609798338228488888e+02
1.383883883883883781e-01 2.609847115449406374e+02
1.392642642642642758e-01 2.609891917189028163e+02
1.401401401401401459e-01 2.609935660385249321e+02
1.410160160160160159e-01 2.609979403581470478e+02
1.418918918918918859e-01 2.610023146777691068e+02
1.427677677677677559e-01 2.610066889973912225e+02
1.436436436436436537e-01 2.610110633170133383e+02
1.445195195195195237e-01 2.610154376366353972e+02
1.453953953953953937e-01 2.610198119562575130e+02
1.462712712712712637e-01 2.610241862758796287e+02
1.471471471471471337e-01 2.610285605955017445e+02
1.480230230230230315e-01 2.610329349151238034e+02
1.488988988988989015e-01 2.610373092347458623e+02
1.497747747747747715e-01 2.610416835543680349e+02
1.506506506506506415e-01 2.610460578739901507e+02
1.515265265265265116e-01 2.610504321936122096e+02
1.524024024024024093e-01 2.610548065132343254e+02
1.532782782782782793e-01 2.610591808328564412e+02
1.541541541541541493e-01 2.610635551524785001e+02
1.550300300300300194e-01 2.610675020800241555e+02
1.559059059059059171e-01 2.610709430833563829e+02
1.567817817817817871e-01 2.610745275390936513e+02
1.576576576576576572e-01 2.610782264880583057e+02
1.585335335335335272e-01 2.610819492406787390e+02
1.594094094094093972e-01 2.610856719932992291e+02
1.602852852852852950e-01 2.610893947459196625e+02
1.611611611611611650e-01 2.610931174985400958e+02
1.620370370370370350e-01 2.610968402511605859e+02
1.629129129129129050e-01 2.611005630037810192e+02
1.637887887887887750e-01 2.611042857564015094e+02
1.646646646646646728e-01 2.611080085090219427e+02
1.655405405405405428e-01 2.611117312616424329e+02
1.664164164164164128e-01 2.611154540142629230e+02
1.672922922922922828e-01 2.611191767668833563e+02
1.681681681681681528e-01 2.611228995195038465e+02
1.690440440440440506e-01 2.611266222721242798e+02
1.699199199199199206e-01 2.611303450247447699e+02
1.707957957957957906e-01 2.611338958491194830e+02
1.716716716716716606e-01 2.611374411222357708e+02
1.725475475475475584e-01 2.611409863953520016e+02
1.734234234234234284e-01 2.611445316684682894e+02
1.742992992992992984e-01 2.611480769415845202e+02
1.751751751751751685e-01 2.611516222147007511e+02
1.760510510510510385e-01 2.611551674878170388e+02
1.769269269269269362e-01 2.611587091040652808e+02
1.778028028028028062e-01 2.611621834194147596e+02
1.786786786786786763e-01 2.611656577347642951e+02
1.795545545545545463e-01 2.611691320501137739e+02
1.804304304304304163e-01 2.611726063654632526e+02
1.813063063063063141e-01 2.611760806808127882e+02
1.821821821821821841e-01 2.611795549961622669e+02
1.830580580580580541e-01 2.611830293115117456e+02
1.839339339339339241e-01 2.611864092327380718e+02
1.848098098098098219e-01 2.611892407870660691e+02
1.856856856856856919e-01 2.611913892751351796e+02
1.865615615615615619e-01 2.611929425028089327e+02
1.874374374374374319e-01 2.611945175051777710e+02
1.883133133133133019e-01 2.611960962800652055e+02
1.891891891891891997e-01 2.611976750549526969e+02
1.900650650650650697e-01 2.611992538298401314e+02
1.909409409409409397e-01 2.612008326047275659e+02
1.918168168168168097e-01 2.612024113796150573e+02
1.926926926926926797e-01 2.612039901545024918e+02
1.935685685685685775e-01 2.612055689293899832e+02
1.944444444444444475e-01 2.612071477042774177e+02
1.953203203203203175e-01 2.612087264791648522e+02
1.961961961961961876e-01 2.612103052540523436e+02
1.970720720720720576e-01 2.612118840289397781e+02
1.979479479479479553e-01 2.612134628038272695e+02
1.988238238238238254e-01 2.612150415787147040e+02
1.996996996996996954e-01 2.612166203536021385e+02
2.005755755755755654e-01 2.612181991284895730e+02
2.014514514514514631e-01 2.612197779033770644e+02
2.023273273273273332e-01 2.612213566782644989e+02
2.032032032032032032e-01 2.612229354531519903e+02
2.040790790790790732e-01 2.612245142280394248e+02
2.049549549549549432e-01 2.612262156638938677e+02
2.058308308308308410e-01 2.612282976416179281e+02
2.067067067067067110e-01 2.612303796193419885e+02
2.075825825825825810e-01 2.612324615970660489e+02
2.084584584584584510e-01 2.612345435747901092e+02
2.093343343343343210e-01 2.612365637100674576e+02
2.102102102102102188e-01 2.612382665291759167e+02
2.110860860860860888e-01 2.612399693482843190e+02
2.119619619619619588e-01 2.612416721673927213e+02
2.128378378378378288e-01 2.612433749865011805e+02
2.137137137137136988e-01 2.612450778056096397e+02
2.145895895895895966e-01 2.612467806247180988e+02
2.154654654654654666e-01 2.612484834438265580e+02
2.163413413413413366e-01 2.612501862629350171e+02
2.172172172172172067e-01 2.612520253492185134e+02
2.180930930930931044e-01 2.612540922570580619e+02
2.189689689689689744e-01 2.612561591648975536e+02
2.198448448448448445e-01 2.612582260727371022e+02
2.207207207207207145e-01 2.612602929805766507e+02
2.215965965965965845e-01 2.612623598884161993e+02
2.224724724724724823e-01 2.612644267962556910e+02
2.233483483483483523e-01 2.612664937040951827e+02
2.242242242242242223e-01 2.612685606119347312e+02
2.251001001001000923e-01 2.612706275197742798e+02
2.259759759759759623e-01 2.612726944276138283e+02
2.268518518518518601e-01 2.612747613354533769e+02
2.277277277277277301e-01 2.612768282432928686e+02
2.286036036036036001e-01 2.612788951511324171e+02
2.294794794794794701e-01 2.612809620589719088e+02
2.303553553553553401e-01 2.612830289668114574e+02
2.312312312312312379e-01 2.612850494703235995e+02
2.321071071071071079e-01 2.612864351265778282e+02
2.329829829829829779e-01 2.612867813331131401e+02
2.338588588588588479e-01 2.612872411459589443e+02
2.347347347347347457e-01 2.612877822548584277e+02
2.356106106106106157e-01 2.612875264814935008e+02
2.364864864864864857e-01 2.612872674353494631e+02
2.373623623623623557e-01 2.612870083892053685e+02
2.382382382382382258e-01 2.612867493430613877e+02
2.391141141141141235e-01 2.612864902969173500e+02
2.399899899899899935e-01 2.612862312507732554e+02
2.408658658658658636e-01 2.612859722046292745e+02
2.417417417417417336e-01 2.612857131584852368e+02
2.426176176176176036e-01 2.612854541123411423e+02
2.434934934934935014e-01 2.612851950661971046e+02
2.443693693693693714e-01 2.612849360200530668e+02
2.452452452452452414e-01 2.612846769739090291e+02
2.461211211211211114e-01 2.612844179277649914e+02
2.469969969969969814e-01 2.612841588816209537e+02
2.478728728728728792e-01 2.612838998354768592e+02
2.487487487487487492e-01 2.612836407893328214e+02
2.496246246246246192e-01 2.612833817431888406e+02
2.505005005005004892e-01 2.612831226970447460e+02
2.513763763763763870e-01 2.612826058996860183e+02
2.522522522522522292e-01 2.612820501588601587e+02
2.531281281281281270e-01 2.612814944180342991e+02
2.540040040040040248e-01 2.612809386772084963e+02
2.548798798798798670e-01 2.612803829363825798e+02
2.557557557557557648e-01 2.612798271955567770e+02
2.566316316316316071e-01 2.612783768190045635e+02
2.575075075075075048e-01 2.612766756288643251e+02
2.583833833833834026e-01 2.612749744387240298e+02
2.592592592592592449e-01 2.612732732485837914e+02
2.601351351351351426e-01 2.612715720584435530e+02
2.610110110110109849e-01 2.612698708683033715e+02
2.618868868868868827e-01 2.612681696781630762e+02
2.627627627627627804e-01 2.612664684880228378e+02
2.636386386386386227e-01 2.612647672978825995e+02
2.645145145145145205e-01 2.612629729928729034e+02
2.653903903903903627e-01 2.612602771883421156e+02
2.662662662662662605e-01 2.612575813838112708e+02
2.671421421421421583e-01 2.612548855792804261e+02
2.680180180180180005e-01 2.612521897747496382e+02
2.688938938938938983e-01 2.612494939702187366e+02
2.697697697697697405e-01 2.612467981656880056e+02
2.706456456456456383e-01 2.612441023611571040e+02
2.715215215215215361e-01 2.612414065566263162e+02
2.723973973973973783e-01 2.612387107520954714e+02
2.732732732732732761e-01 2.612355597543319163e+02
2.741491491491491739e-01 2.612322628042878137e+02
2.750250250250250161e-01 2.612289658542436541e+02
2.759009009009009139e-01 2.612256689041994946e+02
2.767767767767767562e-01 2.612223719541553919e+02
2.776526526526526539e-01 2.612190750041112324e+02
2.785285285285285517e-01 2.612157780540670728e+02
2.794044044044043940e-01 2.612124811040229133e+02
2.802802802802802917e-01 2.612091841539786969e+02
2.811561561561561340e-01 2.612058872039345943e+02
2.820320320320320318e-01 2.612025902538904347e+02
2.829079079079079295e-01 2.611992933038462752e+02
2.837837837837837718e-01 2.611959963538021157e+02
2.846596596596596696e-01 2.611927560378108524e+02
2.855355355355355118e-01 2.611893002453358577e+02
2.864114114114114096e-01 2.611855101525040368e+02
2.872872872872873073e-01 2.611807408375011050e+02
2.881631631631631496e-01 2.611759557322245655e+02
2.890390390390390474e-01 2.611711706269480260e+02
2.899149149149148896e-01 2.611663855216714865e+02
2.907907907907907874e-01 2.611616004163948901e+02
2.916666666666666852e-01 2.611568984967283882e+02
2.925425425425425274e-01 2.611522728673628535e+02
2.934184184184184252e-01 2.611476472379972620e+02
2.942942942942942675e-01 2.611430216086317273e+02
2.951701701701701652e-01 2.611383959792661358e+02
2.960460460460460630e-01 2.611337703499006011e+02
2.969219219219219053e-01 2.611291447205350664e+02
2.977977977977978030e-01 2.611245190911694749e+02
2.986736736736736453e-01 2.611198934618039402e+02
2.995495495495495430e-01 2.611151899615839511e+02
3.004254254254254408e-01 2.611104779518721557e+02
3.013013013013012831e-01 2.611057659421602466e+02
3.021771771771771808e-01 2.611010539324483943e+02
3.030530530530530231e-01 2.610963419227365421e+02
3.039289289289289209e-01 2.610916299130246898e+02
3.048048048048048186e-01 2.610869179033128376e+02
3.056806806806806609e-01 2.610822058936009284e+02
3.065565565565565587e-01 2.610774938838890762e+02
3.074324324324324564e-01 2.610727818741771671e+02
3.083083083083082987e-01 2.610680698644653717e+02
3.091841841841841965e-01 2.610633578547534626e+02
3.100600600600600387e-01 2.610583760171257381e+02
3.109359359359359365e-01 2.610531279228259791e+02
3.118118118118118343e-01 2.610479180295386072e+02
3.126876876876876765e-01 2.610428132005199586e+02
3.135635635635635743e-01 2.610372612645580261e+02
3.144394394394394165e-01 2.610312705488686333e+02
3.153153153153153143e-01 2.610252798331792405e+02
3.161911911911912121e-01 2.610192891174898477e+02
3.170670670670670543e-01 2.610132984018004549e+02
3.179429429429429521e-01 2.610073076861110621e+02
3.188188188188187944e-01 2.610013169704216693e+02
3.196946946946946921e-01 2.609953262547322765e+02
3.205705705705705899e-01 2.609893355390428837e+02
3.214464464464464322e-01 2.609833448233534909e+02
3.223223223223223299e-01 2.609773541076640981e+02
3.231981981981981722e-01 2.609713633919747053e+02
3.240740740740740700e-01 2.609653726762852557e+02
3.249499499499499677e-01 2.609593819605958629e+02
3.258258258258258100e-01 2.609533912449064701e+02
3.267017017017017078e-01 2.609474005292170773e+02
3.275775775775775500e-01 2.609414098135276845e+02
3.284534534534534478e-01 2.609354190978382917e+02
3.293293293293293456e-01 2.609294283821488989e+02
3.302052052052051878e-01 2.609234376664595061e+02
3.310810810810810856e-01 2.609174469507701133e+02
3.319569569569569278e-01 2.609114562350807205e+02
3.328328328328328256e-01 2.609054655193913277e+02
3.337087087087087234e-01 2.608994748037018780e+02
3.345845845845845656e-01 2.608934840880124852e+02
3.354604604604604634e-01 2.608874933723231493e+02
3.363363363363363057e-01 2.608815026566336996e+02
3.372122122122122034e-01 2.608755119409443068e+02
3.380880880880881012e-01 2.608695140614881893e+02
3.389639639639639435e-01 2.608635145609332540e+02
3.398398398398398412e-01 2.608575150603784323e+02
3.407157157157157390e-01 2.608515155598236106e+02
3.415915915915915813e-01 2.608455160592687321e+02
3.424674674674674790e-01 2.608395165587138536e+02
3.433433433433433213e-01 2.608326488655762887e+02
3.442192192192192191e-01 2.608248976101273797e+02
3.450950950950951168e-01 2.608169823326626329e+02
3.459709709709709591e-01 2.608090670551979429e+02
3.468468468468468568e-01 2.608011517777332529e+02
3.477227227227226991e-01 2.607932365002685060e+02
3.485985985985985969e-01 2.607853212228038160e+02
3.494744744744744946e-01 2.607774059453391260e+02
3.503503503503503369e-01 2.607694906678743791e+02
3.512262262262262347e-01 2.607615753904096891e+02
3.521021021021020769e-01 2.607536601129449991e+02
3.529779779779779747e-01 2.607457448354803091e+02
3.538538538538538725e-01 2.607378295580155623e+02
3.547297297297297147e-01 2.607299142805508723e+02
3.556056056056056125e-01 2.607219990030861254e+02
3.564814814814814548e-01 2.607140837256214354e+02
3.573573573573573525e-01 2.607061684481567454e+02
3.582332332332332503e-01 2.606982531706920554e+02
3.591091091091090926e-01 2.606903378932273654e+02
3.599849849849849903e-01 2.606824226157626185e+02
3.608608608608608326e-01 2.606745073382979285e+02
3.617367367367367303e-01 2.606665920608332385e+02
3.626126126126126281e-01 2.606594473043301718e+02
3.634884884884884704e-01 2.606523878159483729e+02
3.643643643643643681e-01 2.606453283275666308e+02
3.652402402402402104e-01 2.606382688391848319e+02
3.661161161161161082e-01 2.606312093508030330e+02
3.669919919919920059e-01 2.606230310090645048e+02
3.678678678678678482e-01 2.606148129069719062e+02
3.687437437437437460e-01 2.606065948048793075e+02
3.696196196196196437e-01 2.605983767027866520e+02
3.704954954954954860e-01 2.605901586006940533e+02
3.713713713713713838e-01 2.605819404986014547e+02
3.722472472472472260e-01 2.605737223965088560e+02
3.731231231231231238e-01 2.605655042944162574e+02
3.739989989989990216e-01 2.605572861923236587e+02
3.748748748748748638e-01 2.605490680902310601e+02
3.757507507507507616e-01 2.605408499881384614e+02
3.766266266266266038e-01 2.605326318860458628e+02
3.775025025025025016e-01 2.605244137839532641e+02
3.783783783783783994e-01 2.605161956818606654e+02
3.792542542542542416e-01 2.605079775797680668e+02
3.801301301301301394e-01 2.604996956209767518e+02
3.810060060060059817e-01 2.604908348504448554e+02
3.818818818818818794e-01 2.604819740799129590e+02
3.827577577577577772e-01 2.604730768207285792e+02
3.836336336336336195e-01 2.604639914535781031e+02
3.845095095095095172e-01 2.604547983585658244e+02
3.853853853853853595e-01 2.604455615269183113e+02
3.862612612612612573e-01 2.604363246952707414e+02
3.871371371371371550e-01 2.604270878636232283e+02
3.880130130130129973e-01 2.604178510319757152e+02
3.888888888888888951e-01 2.604086142003281452e+02
3.897647647647647373e-01 2.603987838448610432e+02
3.906406406406406351e-01 2.603887292061154994e+02
3.915165165165165329e-01 2.603786745673698988e+02
3.923923923923923751e-01 2.603686199286243550e+02
3.932682682682682729e-01 2.603585652898788112e+02
3.941441441441441151e-01 2.603485106511332674e+02
3.950200200200200129e-01 2.603384560123877236e+02
3.958958958958959107e-01 2.603284013736421230e+02
3.967717717717717529e-01 2.603179648117130682e+02
3.976476476476476507e-01 2.603051503367594250e+02
3.985235235235234930e-01 2.602923358618057250e+02
3.993993993993993907e-01 2.602795213868520818e+02
4.002752752752752885e-01 2.602667069118983818e+02
4.011511511511511308e-01 2.602538924369447386e+02
4.020270270270270285e-01 2.602410779619910954e+02
4.029029029029029263e-01 2.602282634870374523e+02
4.037787787787787686e-01 2.602154490120838091e+02
4.046546546546546663e-01 2.602026345371301090e+02
4.055305305305305086e-01 2.601898200621764090e+02
4.064064064064064064e-01 2.601770055872227658e+02
4.072822822822823041e-01 2.601641911122691226e+02
4.081581581581581464e-01 2.601513766373154795e+02
4.090340340340340441e-01 2.601385621623618363e+02
4.099099099099098864e-01 2.601257476874081931e+02
4.107857857857857842e-01 2.601129332124544931e+02
4.116616616616616819e-01 2.601001187375008499e+02
4.125375375375375242e-01 2.600873042625471498e+02
4.134134134134134220e-01 2.600744897875935067e+02
4.142892892892892642e-01 2.600616753126398635e+02
4.151651651651651620e-01 2.600488608376862203e+02
4.160410410410410598e-01 2.600360463627325203e+02
4.169169169169169020e-01 2.600232318877788771e+02
4.177927927927927998e-01 2.600110143167457295e+02
4.186686686686686421e-01 2.599989758670200786e+02
4.195445445445445398e-01 2.599869374172943139e+02
4.204204204204204376e-01 2.599748989675685493e+02
4.212962962962962798e-01 2.599628605178428415e+02
4.221721721721721776e-01 2.599508220681171338e+02
4.230480480480480199e-01 2.599383364627881861e+02
4.239239239239239176e-01 2.599246554231078221e+02
4.247997997997998154e-01 2.599109743834274013e+02
4.256756756756756577e-01 2.598974605276645207e+02
4.265515515515515554e-01 2.598843783984481206e+02
4.274274274274273977e-01 2.598711001736511435e+02
4.283033033033032955e-01 2.598573216739917484e+02
4.291791791791791932e-01 2.598435431743324102e+02
4.300550550550550355e-01 2.598297646746730720e+02
4.309309309309309333e-01 2.598159861750136201e+02
4.318068068068067755e-01 2.598022076753542819e+02
4.326826826826826733e-01 2.597884291756948869e+02
4.335585585585585711e-01 2.597746506760355487e+02
4.344344344344344133e-01 2.597608721763761537e+02
4.353103103103103111e-01 2.597470936767168155e+02
4.361861861861862089e-01 2.597333151770574204e+02
4.370620620620620511e-01 2.597195366773980822e+02
4.379379379379379489e-01 2.597057581777386872e+02
4.388138138138137911e-01 2.596919796780793490e+02
4.396896896896896889e-01 2.596782011784199540e+02
4.405655655655655867e-01 2.596644226787605589e+02
4.414414414414414289e-01 2.596506441791011639e+02
4.423173173173173267e-01 2.596368656794418257e+02
4.431931931931931690e-01 2.596229832757304052e+02
4.440690690690690667e-01 2.596089312785279617e+02
4.449449449449449645e-01 2.595948792813255750e+02
4.458208208208208068e-01 2.595808272841231314e+02
4.466966966966967045e-01 2.595660756708291501e+02
4.475725725725725468e-01 2.595519557386627980e+02
4.484484484484484446e-01 2.595379064777546319e+02
4.493243243243243423e-01 2.595238572168464657e+02
4.502002002002001846e-01 2.595098079559382427e+02
4.510760760760760824e-01 2.594957586950301334e+02
4.519519519519519246e-01 2.594817094341219104e+02
4.528278278278278224e-01 2.594676601732137442e+02
4.537037037037037202e-01 2.594536109123055780e+02
4.545795795795795624e-01 2.594392852272112577e+02
4.554554554554554602e-01 2.594249353825028379e+02
4.563313313313313024e-01 2.594104737781748327e+02
4.572072072072072002e-01 2.593951534069294667e+02
4.580830830830830980e-01 2.593798330356841007e+02
4.589589589589589402e-01 2.593645126644387915e+02
4.598348348348348380e-01 2.593491922931933686e+02
4.607107107107106803e-01 2.593338719219480595e+02
4.615865865865865780e-01 2.593185515507026935e+02
4.624624624624624758e-01 2.593032311794573275e+02
4.633383383383383181e-01 2.592879108082120183e+02
4.642142142142142158e-01 2.592725904369666523e+02
4.650900900900901136e-01 2.592572700657212863e+02
4.659659659659659559e-01 2.592419496944759203e+02
4.668418418418418536e-01 2.592266293232306111e+02
4.677177177177176959e-01 2.592113089519851883e+02
4.685935935935935936e-01 2.591959885807398791e+02
4.694694694694694914e-01 2.591806682094945131e+02
4.703453453453453337e-01 2.591653478382491471e+02
4.712212212212212314e-01 2.591502180106639912e+02
4.720970970970970737e-01 2.591357009501650168e+02
4.729729729729729715e-01 2.591211838896659856e+02
4.738488488488488692e-01 2.591066513505961666e+02
4.747247247247247115e-01 2.590904904836497735e+02
4.756006006006006093e-01 2.590743296167033805e+02
4.764764764764764515e-01 2.590581687497570442e+02
4.773523523523523493e-01 2.590420078828107080e+02
4.782282282282282471e-01 2.590258470158643149e+02
4.791041041041040893e-01 2.590096861489179787e+02
4.799799799799799871e-01 2.589935252819715856e+02
4.808558558558558294e-01 2.589773644150252494e+02
4.817317317317317271e-01 2.589612035480789132e+02
4.826076076076076249e-01 2.589450426811325201e+02
4.834834834834834671e-01 2.589288818141861839e+02
4.843593593593593649e-01 2.589127209472397908e+02
4.852352352352352072e-01 2.588965600802934546e+02
4.861111111111111049e-01 2.588803815920845182e+02
4.869869869869870027e-01 2.588639787621232813e+02
4.878628628628628450e-01 2.588475759321621013e+02
4.887387387387387427e-01 2.588311731022008075e+02
4.896146146146145850e-01 2.588141111722669052e+02
4.904904904904904828e-01 2.587957214065154972e+02
4.913663663663663805e-01 2.587773316407642596e+02
4.922422422422422228e-01 2.587589418750129084e+02
4.931181181181181206e-01 2.587405521092616141e+02
4.939939939939939628e-01 2.587221623435102629e+02
4.948698698698698606e-01 2.587037725777589685e+02
4.957457457457457584e-01 2.586853828120076741e+02
4.966216216216216006e-01 2.586669930462563798e+02
4.974974974974974984e-01 2.586487941503438037e+02
4.983733733733733962e-01 2.586293146789218440e+02
4.992492492492492384e-01 2.586083287148446175e+02
5.001251251251250807e-01 2.585871573583049781e+02
5.010010010010009784e-01 2.585659860017653955e+02
5.018768768768768762e-01 2.585448146452257561e+02
5.027527527527527740e-01 2.585236432886861735e+02
5.036286286286286717e-01 2.585024719321465341e+02
5.045045045045044585e-01 2.584813005756069515e+02
5.053803803803803563e-01 2.584601292190673121e+02
5.062562562562562540e-01 2.584389578625277295e+02
5.071321321321321518e-01 2.584177865059880901e+02
5.080080080080080496e-01 2.583966151494485075e+02
5.088838838838838363e-01 2.583754437929088681e+02
5.097597597597597341e-01 2.583542724363692855e+02
5.106356356356356319e-01 2.583331010798296461e+02
5.115115115115115296e-01 2.583119297232900067e+02
5.123873873873874274e-01 2.582907583667504241e+02
5.132632632632632141e-01 2.582695870102107847e+02
5.141391391391391119e-01 2.582484156536712021e+02
5.150150150150150097e-01 2.582272442971316195e+02
5.158908908908909074e-01 2.582060729405919801e+02
5.167667667667668052e-01 2.581849015840523407e+02
5.176426426426425920e-01 2.581637302275127013e+02
5.185185185185184897e-01 2.581425588709731187e+02
5.193943943943943875e-01 2.581213875144334793e+02
5.202702702702702853e-01 2.581011182812446236e+02
5.211461461461461830e-01 2.580813658206562877e+02
5.220220220220219698e-01 2.580616133600680087e+02
5.228978978978978676e-01 2.580415402417956443e+02
5.237737737737737653e-01 2.580203460921579222e+02
5.246496496496496631e-01 2.579991519425202000e+02
5.255255255255255609e-01 2.579779577928824779e+02
5.264014014014013476e-01 2.579567497923765700e+02
5.272772772772772454e-01 2.579352701567830763e+02
5.281531531531531432e-01 2.579136470940420054e+02
5.290290290290290409e-01 2.578915439885232672e+02
5.299049049049049387e-01 2.578693346675500493e+02
5.307807807807807254e-01 2.578464571321317180e+02
5.316566566566566232e-01 2.578235795967133868e+02
5.325325325325325210e-01 2.578007020612950555e+02
5.334084084084084187e-01 2.577778245258766674e+02
5.342842842842843165e-01 2.577549469904583361e+02
5.351601601601601033e-01 2.577320694550400049e+02
5.360360360360360010e-01 2.577091919196216736e+02
5.369119119119118988e-01 2.576863143842033423e+02
5.377877877877877966e-01 2.576634368487850111e+02
5.386636636636636943e-01 2.576405593133666230e+02
5.395395395395394811e-01 2.576176817779482917e+02
5.404154154154153789e-01 2.575948042425299604e+02
5.412912912912912766e-01 2.575719267071116292e+02
5.421671671671671744e-01 2.575490491716932979e+02
5.430430430430430722e-01 2.575261716362749667e+02
5.439189189189188589e-01 2.575032941008565786e+02
5.447947947947947567e-01 2.574804165654382473e+02
5.456706706706706544e-01 2.574575390300199160e+02
5.465465465465465522e-01 2.574346614946015848e+02
5.474224224224224500e-01 2.574117839591832535e+02
5.482982982982983478e-01 2.573889064237649222e+02
5.491741741741741345e-01 2.573660288883465910e+02
5.500500500500500323e-01 2.573431168859744389e+02
5.509259259259259300e-01 2.573200118139895380e+02
5.518018018018018278e-01 2.572969067420045803e+02
5.526776776776777256e-01 2.572738016700196226e+02
5.535535535535535123e-01 2.572506965980346649e+02
5.544294294294294101e-01 2.572278523296590151e+02
5.553053053053053079e-01 2.572049921399080858e+02
5.561811811811812056e-01 2.571815836914882993e+02
5.570570570570571034e-01 2.571581752430685128e+02
5.579329329329328901e-01 2.571346665924959325e+02
5.588088088088087879e-01 2.571111135434916264e+02
5.596846846846846857e-01 2.570875604944873771e+02
5.605605605605605835e-01 2.570640074454830710e+02
5.614364364364364812e-01 2.570404543964788218e+02
5.623123123123122680e-01 2.570169013474745725e+02
5.631881881881881657e-01 2.569933482984703232e+02
5.640640640640640635e-01 2.569697952494660740e+02
5.649399399399399613e-01 2.569462422004617679e+02
5.658158158158158590e-01 2.569228738081719143e+02
5.666916916916916458e-01 2.568999277241287018e+02
5.675675675675675436e-01 2.568769816400854893e+02
5.684434434434434413e-01 2.568540355560422768e+02
5.693193193193193391e-01 2.568310894719990074e+02
5.701951951951952369e-01 2.568081433879558517e+02
5.710710710710710236e-01 2.567851973039125824e+02
5.719469469469469214e-01 2.567622512198693698e+02
5.728228228228228192e-01 2.567393051358261573e+02
5.736986986986987169e-01 2.567163590517829448e+02
5.745745745745746147e-01 2.566934129677397323e+02
5.754504504504504014e-01 2.566704668836965197e+02
5.763263263263262992e-01 2.566475207996533072e+02
5.772022022022021970e-01 2.566245747156100947e+02
5.780780780780780947e-01 2.566016286315668822e+02
5.789539539539539925e-01 2.565786825475236697e+02
5.798298298298297793e-01 2.565557364634804571e+02
5.807057057057056770e-01 2.565323832085102254e+02
5.815815815815815748e-01 2.565089571726866779e+02
5.824574574574574726e-01 2.564855311368631874e+02
5.833333333333333703e-01 2.564621051010395831e+02
5.842092092092091571e-01 2.564387454557567025e+02
5.850850850850850549e-01 2.564157797825990315e+02
5.859609609609609526e-01 2.563928141094413604e+02
5.868368368368368504e-01 2.563698484362836894e+02
5.877127127127127482e-01 2.563468827631259614e+02
5.885885885885885349e-01 2.563239170899683472e+02
5.894644644644644327e-01 2.563011633180851732e+02
5.903403403403403304e-01 2.562784378322301677e+02
5.912162162162162282e-01 2.562557123463751054e+02
5.920920920920921260e-01 2.562329868605200431e+02
5.929679679679679127e-01 2.562099875220387162e+02
5.938438438438438105e-01 2.561854187971010788e+02
5.947197197197197083e-01 2.561608500721635551e+02
5.955955955955956060e-01 2.561362813472259745e+02
5.964714714714715038e-01 2.561117126222883940e+02
5.973473473473472906e-01 2.560871438973508134e+02
5.982232232232231883e-01 2.560625751724132328e+02
5.990990990990990861e-01 2.560380064474757091e+02
5.999749749749749839e-01 2.560134377225380717e+02
6.008508508508508816e-01 2.559888689976005196e+02
6.017267267267266684e-01 2.559643002726629675e+02
6.026026026026025662e-01 2.559397315477253585e+02
6.034784784784784639e-01 2.559143755614795737e+02
6.043543543543543617e-01 2.558889348588172652e+02
6.052302302302302595e-01 2.558634941561548999e+02
6.061061061061060462e-01 2.558380534534925914e+02
6.069819819819819440e-01 2.558126127508302545e+02
6.078578578578578417e-01 2.557871720481679176e+02
6.087337337337337395e-01 2.557617313455055523e+02
6.096096096096096373e-01 2.557362906428432439e+02
6.104854854854855351e-01 2.557102383688622353e+02
6.113613613613613218e-01 2.556829481589517457e+02
6.122372372372372196e-01 2.556556579490413128e+02
6.131131131131131173e-01 2.556283677391308231e+02
6.139889889889890151e-01 2.556010775292203618e+02
6.148648648648649129e-01 2.555737873193098721e+02
6.157407407407406996e-01 2.555464971093994677e+02
6.166166166166165974e-01 2.555192068994889496e+02
6.174924924924924952e-01 2.554919166895784883e+02
6.183683683683683929e-01 2.554650200098977848e+02
6.192442442442442907e-01 2.554388683803218782e+02
6.201201201201200774e-01 2.554127167507459717e+02
6.209959959959959752e-01 2.553864457473377740e+02
6.218718718718718730e-01 2.553593677994684015e+02
6.227477477477477708e-01 2.553322898515989721e+02
6.236236236236236685e-01 2.553052119037295711e+02
6.244994994994994553e-01 2.552781339558601985e+02
6.253753753753753530e-01 2.552510560079907691e+02
6.262512512512512508e-01 2.552233541611097110e+02
6.271271271271271486e-01 2.551960258540465531e+02
6.280030030030030463e-01 2.551682920007029338e+02
6.288788788788788331e-01 2.551406033544780030e+02
6.297547547547547309e-01 2.551129147082531290e+02
6.306306306306306286e-01 2.550852260620282550e+02
6.315065065065065264e-01 2.550575374158033242e+02
6.323823823823824242e-01 2.550298487695784786e+02
6.332582582582582109e-01 2.550021601233535193e+02
6.341341341341341087e-01 2.549745052052289793e+02
6.350100100100100065e-01 2.549468799690367860e+02
6.358858858858859042e-01 2.549192547328446494e+02
6.367617617617618020e-01 2.548916294966524845e+02
6.376376376376375887e-01 2.548640042604603480e+02
6.385135135135134865e-01 2.548363790242681830e+02
6.393893893893893843e-01 2.548087537880760181e+02
6.402652652652652820e-01 2.547811285518838247e+02
6.411411411411411798e-01 2.547535033156916597e+02
6.420170170170169666e-01 2.547258780794995232e+02
6.428928928928928643e-01 2.546983154667814802e+02
6.437687687687687621e-01 2.546707638763863031e+02
6.446446446446446599e-01 2.546434461029049316e+02
6.455205205205205576e-01 2.546170279416786002e+02
6.463963963963963444e-01 2.545906097804523256e+02
6.472722722722722422e-01 2.545641916192259941e+02
6.481481481481481399e-01 2.545377734579996627e+02
6.490240240240240377e-01 2.545113552967733312e+02
6.498998998998999355e-01 2.544849371355469998e+02
6.507757757757757222e-01 2.544585189743206683e+02
6.516516516516516200e-01 2.544321008130943937e+02
6.525275275275275177e-01 2.544056826518680907e+02
6.534034034034034155e-01 2.543791608206293802e+02
6.542792792792793133e-01 2.543519593621468289e+02
6.551551551551551000e-01 2.543238285635651437e+02
6.560310310310309978e-01 2.542956977649834016e+02
6.569069069069068956e-01 2.542675669664017164e+02
6.577827827827827933e-01 2.542394361678200028e+02
6.586586586586586911e-01 2.542113053692382891e+02
6.595345345345344779e-01 2.541831745706565755e+02
6.604104104104103756e-01 2.541550437720748903e+02
6.612862862862862734e-01 2.541269129734931482e+02
6.621621621621621712e-01 2.540987821749114630e+02
6.630380380380380689e-01 2.540706513763297494e+02
6.639139139139138557e-01 2.540425205777480642e+02
6.647897897897897534e-01 2.540108840824899801e+02
6.656656656656656512e-01 2.539791921869649229e+02
6.665415415415415490e-01 2.539475002914398374e+02
6.674174174174174468e-01 2.539158083959147234e+02
6.682932932932932335e-01 2.538841165003896947e+02
6.691691691691691313e-01 2.538524246048646091e+02
6.700450450450450290e-01 2.538207327093394952e+02
6.709209209209209268e-01 2.537890408138144380e+02
6.717967967967968246e-01 2.537573489182893809e+02
6.726726726726726113e-01 2.537256570227642669e+02
6.735485485485485091e-01 2.536941378814780137e+02
6.744244244244244069e-01 2.536632233713115454e+02
6.753003003003003046e-01 2.536323088611450203e+02
6.761761761761762024e-01 2.536013943509785236e+02
6.770520520520521002e-01 2.535704798408120269e+02
6.779279279279278869e-01 2.535395653306455586e+02
6.788038038038037847e-01 2.535086508204790334e+02
6.796796796796796825e-01 2.534777363103125936e+02
6.805555555555555802e-01 2.534469234293582076e+02
6.814314314314314780e-01 2.534163727437508840e+02
6.823073073073072647e-01 2.533858220581435603e+02
6.831831831831831625e-01 2.533552713725362651e+02
6.840590590590590603e-01 2.533247206869289414e+02
6.849349349349349581e-01 2.532941700013216177e+02
6.858108108108108558e-01 2.532636193157142941e+02
6.866866866866866426e-01 2.532330686301069989e+02
6.875625625625625403e-01 2.532025179444996752e+02
6.884384384384384381e-01 2.531719672588923515e+02
6.893143143143143359e-01 2.531414165732850279e+02
6.901901901901902336e-01 2.531113559652989693e+02
6.910660660660660204e-01 2.530821027248544510e+02
6.919419419419419182e-01 2.530528494844098759e+02
6.928178178178178159e-01 2.530235962439653576e+02
6.936936936936937137e-01 2.529943430035207825e+02
6.945695695695696115e-01 2.529650897630762358e+02
6.954454454454453982e-01 2.529358365226317460e+02
6.963213213213212960e-01 2.529065832821871709e+02
6.971971971971971938e-01 2.528773300417426242e+02
6.980730730730730915e-01 2.528482798328703325e+02
6.989489489489489893e-01 2.528194869884329137e+02
6.998248248248247760e-01 2.527903085448394336e+02
7.007007007007006738e-01 2.527611301012458966e+02
7.015765765765765716e-01 2.527319516576523881e+02
7.024524524524524693e-01 2.527027732140589080e+02
7.033283283283283671e-01 2.526735947704653995e+02
7.042042042042041539e-01 2.526444163268718910e+02
7.050800800800800516e-01 2.526152378832784393e+02
7.059559559559559494e-01 2.525860465060958688e+02
7.068318318318318472e-01 2.525568406714897378e+02
7.077077077077077449e-01 2.525276348368836068e+02
7.085835835835835317e-01 2.524984290022774474e+02
7.094594594594594295e-01 2.524692231676713163e+02
7.103353353353353272e-01 2.524400173330651853e+02
7.112112112112112250e-01 2.524108114984590543e+02
7.120870870870871228e-01 2.523816056638528948e+02
7.129629629629629095e-01 2.523523998292467923e+02
7.138388388388388073e-01 2.523231939946406612e+02
7.147147147147147050e-01 2.522938501126802180e+02
7.155905905905906028e-01 2.522644122169155310e+02
7.164664664664665006e-01 2.522349743211508439e+02
7.173423423423422873e-01 2.522055364253861285e+02
7.182182182182181851e-01 2.521760985296214415e+02
7.190940940940940829e-01 2.521466606338566976e+02
7.199699699699699806e-01 2.521172227380920390e+02
7.208458458458458784e-01 2.520877848423273235e+02
7.217217217217216652e-01 2.520583469465626081e+02
7.225975975975975629e-01 2.520286501707076923e+02
7.234734734734734607e-01 2.519987877270375520e+02
7.243493493493493585e-01 2.519689252833673550e+02
7.252252252252252562e-01 2.519389429684631523e+02
7.261011011011010430e-01 2.519083668132156220e+02
7.269769769769769407e-01 2.518777906579680916e+02
7.278528528528528385e-01 2.518472145027205897e+02
7.287287287287287363e-01 2.518166383474730310e+02
7.296046046046046341e-01 2.517860621922255291e+02
7.304804804804804208e-01 2.517554860369779988e+02
7.313563563563563186e-01 2.517249098817304684e+02
7.322322322322322163e-01 2.516943337264829381e+02
7.331081081081081141e-01 2.516637575712354078e+02
7.339839839839840119e-01 2.516331814159879059e+02
7.348598598598597986e-01 2.516026052607403756e+02
7.357357357357356964e-01 2.515720291054928452e+02
7.366116116116115942e-01 2.515414529502453149e+02
7.374874874874874919e-01 2.515108767949978414e+02
7.383633633633633897e-01 2.514803006397502827e+02
7.392392392392392875e-01 2.514497244845028092e+02
7.401151151151150742e-01 2.514191483292552789e+02
7.409909909909909720e-01 2.513885721740077202e+02
7.418668668668668698e-01 2.513579400750204798e+02
7.427427427427427675e-01 2.513272314053116645e+02
7.436186186186186653e-01 2.512965227356028493e+02
7.444944944944944520e-01 2.512653033853056002e+02
7.453703703703703498e-01 2.512325353019588761e+02
7.462462462462462476e-01 2.511997672186121235e+02
7.471221221221221453e-01 2.511669991352654279e+02
7.479979979979980431e-01 2.511344412075486048e+02
7.488738738738738299e-01 2.511041046373726999e+02
7.497497497497497276e-01 2.510737680671967667e+02
7.506256256256256254e-01 2.510437721765271419e+02
7.515015015015015232e-01 2.510143808703297736e+02
7.523773773773774209e-01 2.509849895641324906e+02
7.532532532532532077e-01 2.509555982579351223e+02
7.541291291291291055e-01 2.509262069517377824e+02
7.550050050050050032e-01 2.508968156455404710e+02
7.558808808808809010e-01 2.508674243393431027e+02
7.567567567567567988e-01 2.508380330331457628e+02
7.576326326326325855e-01 2.508086417269484514e+02
7.585085085085084833e-01 2.507792504207511115e+02
7.593843843843843811e-01 2.507498591145537716e+02
7.602602602602602788e-01 2.507204678083564318e+02
7.611361361361361766e-01 2.506910765021590919e+02
7.620120120120119633e-01 2.506616851959617520e+02
7.628878878878878611e-01 2.506322938897644121e+02
7.637637637637637589e-01 2.506038851226054476e+02
7.646396396396396566e-01 2.505759651743271093e+02
7.655155155155155544e-01 2.505480452260487709e+02
7.663913913913913412e-01 2.505201252777704326e+02
7.672672672672672389e-01 2.504922053294920943e+02
7.681431431431431367e-01 2.504628367368017621e+02
7.690190190190190345e-01 2.504325289619513342e+02
7.698948948948949322e-01 2.504022211871009631e+02
7.707707707707707190e-01 2.503719134122505920e+02
7.716466466466466168e-01 2.503416056374001641e+02
7.725225225225225145e-01 2.503112978625497931e+02
7.733983983983984123e-01 2.502809900876993936e+02
7.742742742742743101e-01 2.502506823128489941e+02
7.751501501501500968e-01 2.502203745379986231e+02
7.760260260260259946e-01 2.501900667631482520e+02
7.769019019019018923e-01 2.501597589882977957e+02
7.777777777777777901e-01 2.501294512134474530e+02
7.786536536536536879e-01 2.500991434385970251e+02
7.795295295295294746e-01 2.500688356637466825e+02
7.804054054054053724e-01 2.500385278888962546e+02
7.812812812812812702e-01 2.500082201140458551e+02
7.821571571571571679e-01 2.499779123391954556e+02
7.830330330330330657e-01 2.499476478271656106e+02
7.839089089089088525e-01 2.499180972904975420e+02
7.847847847847847502e-01 2.498885467538294449e+02
7.856606606606606480e-01 2.498589637468874969e+02
7.865365365365365458e-01 2.498292286080372833e+02
7.874124124124124435e-01 2.497994934691870412e+02
7.882882882882882303e-01 2.497697583303367992e+02
7.891641641641641280e-01 2.497400231914865287e+02
7.900400400400400258e-01 2.497096120392597527e+02
7.909159159159159236e-01 2.496791508771114252e+02
7.917917917917918214e-01 2.496473108652135977e+02
7.926676676676676081e-01 2.496151593297034879e+02
7.935435435435435059e-01 2.495830077941932927e+02
7.944194194194194036e-01 2.495508562586831545e+02
7.952952952952953014e-01 2.495187047231730730e+02
7.961711711711711992e-01 2.494865531876629063e+02
7.970470470470469859e-01 2.494544016521527965e+02
7.979229229229228837e-01 2.494222501166426298e+02
7.987987987987987815e-01 2.493900985811325199e+02
7.996746746746746792e-01 2.493579470456223817e+02
8.005505505505505770e-01 2.493257955101122150e+02
8.014264264264264748e-01 2.492936439746021051e+02
8.023023023023022615e-01 2.492614924390919384e+02
8.031781781781781593e-01 2.492293409035818286e+02
8.040540540540540571e-01 2.491971893680716903e+02
8.049299299299299548e-01 2.491650378325615520e+02
8.058058058058058526e-01 2.491328862970514137e+02
8.066816816816816393e-01 2.491007347615412755e+02
8.075575575575575371e-01 2.490685832260311656e+02
8.084334334334334349e-01 2.490364316905209989e+02
8.093093093093093326e-01 2.490042801550108607e+02
8.101851851851852304e-01 2.489721286195007508e+02
8.110610610610610172e-01 2.489399731511946072e+02
8.119369369369369149e-01 2.489073861743468399e+02
8.128128128128128127e-01 2.488761647495914531e+02
8.136886886886887105e-01 2.488449895274466144e+02
8.145645645645646082e-01 2.488138143053017757e+02
8.154404404404403950e-01 2.487826390831568801e+02
8.163163163163162928e-01 2.487514638610120414e+02
8.171921921921921905e-01 2.487202886388671743e+02
8.180680680680680883e-01 2.486891087267360376e+02
8.189439439439439861e-01 2.486578521543767692e+02
8.198198198198197728e-01 2.486265955820174440e+02
8.206956956956956706e-01 2.485953390096581757e+02
8.215715715715715683e-01 2.485643507671243242e+02
8.224474474474474661e-01 2.485334789214684292e+02
8.233233233233233639e-01 2.485026070758125343e+02
8.241991991991991506e-01 2.484717352301566393e+02
8.250750750750750484e-01 2.484408633845007444e+02
8.259509509509509462e-01 2.484099915388448494e+02
8.268268268268268439e-01 2.483791196931889544e+02
8.277027027027027417e-01 2.483482478475330595e+02
8.285785785785785285e-01 2.483173760018771929e+02
8.294544544544544262e-01 2.482865688374992033e+02
8.303303303303303240e-01 2.482559294004175854e+02
8.312062062062062218e-01 2.482252899633359675e+02
8.320820820820821195e-01 2.481946505262543496e+02
8.329579579579579063e-01 2.481640110891727318e+02
8.338338338338338041e-01 2.481329104458460506e+02
8.347097097097097018e-01 2.481008000394751889e+02
8.355855855855855996e-01 2.480686896331042703e+02
8.364614614614614974e-01 2.480365792267333518e+02
8.373373373373372841e-01 2.480042601032188259e+02
8.382132132132131819e-01 2.479708215015124324e+02
8.390890890890890796e-01 2.479373828998060389e+02
8.399649649649649774e-01 2.479039442980996455e+02
8.408408408408408752e-01 2.478705056963932805e+02
8.417167167167166619e-01 2.478370670946869154e+02
8.425925925925925597e-01 2.478036284929805220e+02
8.434684684684684575e-01 2.477701898912741285e+02
8.443443443443443552e-01 2.477367512895677351e+02
8.452202202202202530e-01 2.477033126878613416e+02
8.460960960960960398e-01 2.476698740861549766e+02
8.469719719719719375e-01 2.476364354844485831e+02
8.478478478478478353e-01 2.476051465617918552e+02
8.487237237237237331e-01 2.475743509429980520e+02
8.495995995995996308e-01 2.475435553242042772e+02
8.504754754754754176e-01 2.475127597054104456e+02
8.513513513513513153e-01 2.474819640866166424e+02
8.522272272272272131e-01 2.474511684678228676e+02
8.531031031031031109e-01 2.474203728490290928e+02
8.539789789789790087e-01 2.473895772302353464e+02
8.548548548548547954e-01 2.473587816114415716e+02
8.557307307307306932e-01 2.473279859926477684e+02
8.566066066066065909e-01 2.472971903738539368e+02
8.574824824824824887e-01 2.472663947550601620e+02
8.583583583583583865e-01 2.472355991362663872e+02
8.592342342342341732e-01 2.472048035174726124e+02
8.601101101101100710e-01 2.471740078986788660e+02
8.609859859859859688e-01 2.471432122798850628e+02
8.618618618618618665e-01 2.471124166610912596e+02
8.627377377377377643e-01 2.470816210422975132e+02
8.636136136136135510e-01 2.470508254235036816e+02
8.644894894894894488e-01 2.470200298047099352e+02
8.653653653653653466e-01 2.469891424995204261e+02
8.662412412412412444e-01 2.469582425378960977e+02
8.671171171171171421e-01 2.469273425762717977e+02
8.679929929929930399e-01 2.468964426146474693e+02
8.688688688688688266e-01 2.468655426530231694e+02
8.697447447447447244e-01 2.468346426913988694e+02
8.706206206206206222e-01 2.468037427297744841e+02
8.714964964964965199e-01 2.467728427681502126e+02
8.723723723723724177e-01 2.467419428065258842e+02
8.732482482482482045e-01 2.467110428449015558e+02
8.741241241241241022e-01 2.466803991017035003e+02
8.750000000000000000e-01 2.466500000000000341e+02
