LineProbe
number of points: 1000 (fixed)
point 0: [0. 0. 0.]
point 1: [0.875 0.    0.   ]
-----

# T 1000
0.000000000000000000e+00 2.673537602433848406e+02
8.758758758758758683e-04 2.673669255233420472e+02
1.751751751751751737e-03 2.673800908032993107e+02
2.627627627627627388e-03 2.673932560832565741e+02
3.503503503503503473e-03 2.674064213632138376e+02
4.379379379379379558e-03 2.674200512285702303e+02
5.255255255255254776e-03 2.674337878872159990e+02
6.131131131131130861e-03 2.674475849752163867e+02
7.007007007007006946e-03 2.674622878514988997e+02
7.882882882882882164e-03 2.674769907277815832e+02
8.758758758758759116e-03 2.674916936040641531e+02
9.634634634634634334e-03 2.675063964803467798e+02
1.051051051051050955e-02 2.675210993566294064e+02
1.138638638638638650e-02 2.675358022329120331e+02
1.226226226226226172e-02 2.675505051091946598e+02
1.313813813813813867e-02 2.675652079854772865e+02
1.401401401401401389e-02 2.675799108617599131e+02
1.488988988988988911e-02 2.675941433974645633e+02
1.576576576576576433e-02 2.676077953182325473e+02
1.664164164164164128e-02 2.676214472390006449e+02
1.751751751751751823e-02 2.676350991597686857e+02
1.839339339339339172e-02 2.676487510805367833e+02
1.926926926926926867e-02 2.676624030013048241e+02
2.014514514514514562e-02 2.676760549220728649e+02
2.102102102102101910e-02 2.676897068428409057e+02
2.189689689689689606e-02 2.677028571287773389e+02
2.277277277277277301e-02 2.677156375030388631e+02
2.364864864864864996e-02 2.677284178773004442e+02
2.452452452452452344e-02 2.677411982515619684e+02
2.540040040040040040e-02 2.677539786258234926e+02
2.627627627627627735e-02 2.677667590000850169e+02
2.715215215215215083e-02 2.677795393743465411e+02
2.802802802802802778e-02 2.677923197486081222e+02
2.890390390390390474e-02 2.678051001228696464e+02
2.977977977977977822e-02 2.678178804971312275e+02
3.065565565565565517e-02 2.678306608713927517e+02
3.153153153153152866e-02 2.678434412456542759e+02
3.240740740740740561e-02 2.678562216199158001e+02
3.328328328328328256e-02 2.678690019941773244e+02
3.415915915915915951e-02 2.678817823684389055e+02
3.503503503503503647e-02 2.678945627427004297e+02
3.591091091091091342e-02 2.679073431169619539e+02
3.678678678678678343e-02 2.679201234912235350e+02
3.766266266266266038e-02 2.679329038654850592e+02
3.853853853853853734e-02 2.679456842397465834e+02
3.941441441441441429e-02 2.679584646140081077e+02
4.029029029029029124e-02 2.679712449882696319e+02
4.116616616616616819e-02 2.679834840574463897e+02
4.204204204204203821e-02 2.679951822509361818e+02
4.291791791791791516e-02 2.680068804444260877e+02
4.379379379379379211e-02 2.680185915988719216e+02
4.466966966966966907e-02 2.680303221793465696e+02
4.554554554554554602e-02 2.680420527598212743e+02
4.642142142142142297e-02 2.680536976674978860e+02
4.729729729729729992e-02 2.680651413374811227e+02
4.817317317317316994e-02 2.680765758933090410e+02
4.904904904904904689e-02 2.680880104491370162e+02
4.992492492492492384e-02 2.680994450049649345e+02
5.080080080080080079e-02 2.681108795607928528e+02
5.167667667667667775e-02 2.681223141166208279e+02
5.255255255255255470e-02 2.681337486724487462e+02
5.342842842842842471e-02 2.681451669847920130e+02
5.430430430430430166e-02 2.681565625014694092e+02
5.518018018018017862e-02 2.681679580181469191e+02
5.605605605605605557e-02 2.681793535348243154e+02
5.693193193193193252e-02 2.681907490515017685e+02
5.780780780780780947e-02 2.682021445681792216e+02
5.868368368368368643e-02 2.682135400848566746e+02
5.955955955955955644e-02 2.682249356015341277e+02
6.043543543543543339e-02 2.682363311182115240e+02
6.131131131131131035e-02 2.682477266348889771e+02
6.218718718718718730e-02 2.682591221515664301e+02
6.306306306306305731e-02 2.682705176682438832e+02
6.393893893893894120e-02 2.682819131849213363e+02
6.481481481481481122e-02 2.682920242077893249e+02
6.569069069069069511e-02 2.683020007774589999e+02
6.656656656656656512e-02 2.683119773471286749e+02
6.744244244244243514e-02 2.683219539167983498e+02
6.831831831831831903e-02 2.683320082905204913e+02
6.919419419419418904e-02 2.683420835913194651e+02
7.007007007007007293e-02 2.683521588921184957e+02
7.094594594594594295e-02 2.683622341929174695e+02
7.182182182182182684e-02 2.683723094937164433e+02
7.269769769769769685e-02 2.683823847945154739e+02
7.357357357357356686e-02 2.683924600953145045e+02
7.444944944944945076e-02 2.684026978432837041e+02
7.532532532532532077e-02 2.684130623205652455e+02
7.620120120120120466e-02 2.684234267978467869e+02
7.707707707707707467e-02 2.684337912751283284e+02
7.795295295295295857e-02 2.684441557524098698e+02
7.882882882882882858e-02 2.684546163033534754e+02
7.970470470470469859e-02 2.684650919537472760e+02
8.058058058058058248e-02 2.684755676041411334e+02
8.145645645645645250e-02 2.684860432545349340e+02
8.233233233233233639e-02 2.684965189049287346e+02
8.320820820820820640e-02 2.685069945553225352e+02
8.408408408408407642e-02 2.685174702057163358e+02
8.495995995995996031e-02 2.685279458561101364e+02
8.583583583583583032e-02 2.685384215065039371e+02
8.671171171171171421e-02 2.685488971568977377e+02
8.758758758758758423e-02 2.685593728072915383e+02
8.846346346346346812e-02 2.685698484576853389e+02
8.933933933933933813e-02 2.685803241080791395e+02
9.021521521521520814e-02 2.685907997584729969e+02
9.109109109109109204e-02 2.686012754088667407e+02
9.196696696696696205e-02 2.686120399746657768e+02
9.284284284284284594e-02 2.686228288142516476e+02
9.371871871871871595e-02 2.686336176538375753e+02
9.459459459459459985e-02 2.686444064934235598e+02
9.547047047047046986e-02 2.686551953330094875e+02
9.634634634634633987e-02 2.686659841725954152e+02
9.722222222222222376e-02 2.686767730121813997e+02
9.809809809809809378e-02 2.686875618517673274e+02
9.897397397397397767e-02 2.686983506913532551e+02
9.984984984984984768e-02 2.687091395309391828e+02
1.007257257257257316e-01 2.687199283705251673e+02
1.016016016016016016e-01 2.687307172101111519e+02
1.024774774774774716e-01 2.687410044412264938e+02
1.033533533533533555e-01 2.687502658904423924e+02
1.042292292292292255e-01 2.687595273396582911e+02
1.051051051051051094e-01 2.687687887888741898e+02
1.059809809809809794e-01 2.687780502380901453e+02
1.068568568568568494e-01 2.687873116873060440e+02
1.077327327327327333e-01 2.687965731365219426e+02
1.086086086086086033e-01 2.688058345857378413e+02
1.094844844844844872e-01 2.688150960349537399e+02
1.103603603603603572e-01 2.688243574841696386e+02
1.112362362362362411e-01 2.688336189333855373e+02
1.121121121121121111e-01 2.688428803826014928e+02
1.129879879879879812e-01 2.688521418318174483e+02
1.138638638638638650e-01 2.688614032810332901e+02
1.147397397397397351e-01 2.688706647302491888e+02
1.156156156156156189e-01 2.688799261794651443e+02
1.164914914914914890e-01 2.688893759736570246e+02
1.173673673673673729e-01 2.688990064649157148e+02
1.182432432432432429e-01 2.689086933112711790e+02
1.191191191191191129e-01 2.689183801576266433e+02
1.199949949949949968e-01 2.689280670039820507e+02
1.208708708708708668e-01 2.689377538503375149e+02
1.217467467467467507e-01 2.689473625382831870e+02
1.226226226226226207e-01 2.689561194151409040e+02
1.234984984984984907e-01 2.689648762919984506e+02
1.243743743743743746e-01 2.689736331688561677e+02
1.252502502502502446e-01 2.689823900457137711e+02
1.261261261261261146e-01 2.689912744295547782e+02
1.270020020020020124e-01 2.690002312257057611e+02
1.278778778778778824e-01 2.690091880218567439e+02
1.287537537537537524e-01 2.690174379935045863e+02
1.296296296296296224e-01 2.690254610390729795e+02
1.305055055055054924e-01 2.690334840846413726e+02
1.313813813813813902e-01 2.690415071302097658e+02
1.322572572572572602e-01 2.690495301757781021e+02
1.331331331331331302e-01 2.690575532213464953e+02
1.340090090090090003e-01 2.690655762669148316e+02
1.348848848848848703e-01 2.690735993124832248e+02
1.357607607607607680e-01 2.690816223580516180e+02
1.366366366366366381e-01 2.690896454036200112e+02
1.375125125125125081e-01 2.690976684491884043e+02
1.383883883883883781e-01 2.691056914947567407e+02
1.392642642642642758e-01 2.691137145403251338e+02
1.401401401401401459e-01 2.691217375858935270e+02
1.410160160160160159e-01 2.691297606314619202e+02
1.418918918918918859e-01 2.691377836770303134e+02
1.427677677677677559e-01 2.691458067225987065e+02
1.436436436436436537e-01 2.691538297681670997e+02
1.445195195195195237e-01 2.691620026449434135e+02
1.453953953953953937e-01 2.691708531135231510e+02
1.462712712712712637e-01 2.691796785873436875e+02
1.471471471471471337e-01 2.691884959095364707e+02
1.480230230230230315e-01 2.691973132317292539e+02
1.488988988988989015e-01 2.692061305539220371e+02
1.497747747747747715e-01 2.692149478761148771e+02
1.506506506506506415e-01 2.692237651983076603e+02
1.515265265265265116e-01 2.692325825205004435e+02
1.524024024024024093e-01 2.692413998426932267e+02
1.532782782782782793e-01 2.692502171648860667e+02
1.541541541541541493e-01 2.692590344870788499e+02
1.550300300300300194e-01 2.692678518092716331e+02
1.559059059059059171e-01 2.692766691314644163e+02
1.567817817817817871e-01 2.692854864536572563e+02
1.576576576576576572e-01 2.692943037758500395e+02
1.585335335335335272e-01 2.693030576977788542e+02
1.594094094094093972e-01 2.693114993591082680e+02
1.602852852852852950e-01 2.693199410204376818e+02
1.611611611611611650e-01 2.693283826817670956e+02
1.620370370370370350e-01 2.693368243430965663e+02
1.629129129129129050e-01 2.693452660044259801e+02
1.637887887887887750e-01 2.693537076657553939e+02
1.646646646646646728e-01 2.693621493270848077e+02
1.655405405405405428e-01 2.693693017665113416e+02
1.664164164164164128e-01 2.693761365967981192e+02
1.672922922922922828e-01 2.693829714270850673e+02
1.681681681681681528e-01 2.693898062573719017e+02
1.690440440440440506e-01 2.693966410876587361e+02
1.699199199199199206e-01 2.694034759179456273e+02
1.707957957957957906e-01 2.694099256573903176e+02
1.716716716716716606e-01 2.694157488612879661e+02
1.725475475475475584e-01 2.694215720651856145e+02
1.734234234234234284e-01 2.694273952690832061e+02
1.742992992992992984e-01 2.694332184729808546e+02
1.751751751751751685e-01 2.694390416768785030e+02
1.760510510510510385e-01 2.694448648807760947e+02
1.769269269269269362e-01 2.694506880846737431e+02
1.778028028028028062e-01 2.694560333340775742e+02
1.786786786786786763e-01 2.694610960111837699e+02
1.795545545545545463e-01 2.694661586882899655e+02
1.804304304304304163e-01 2.694712213653961612e+02
1.813063063063063141e-01 2.694762840425024137e+02
1.821821821821821841e-01 2.694813467196085526e+02
1.830580580580580541e-01 2.694864093967147483e+02
1.839339339339339241e-01 2.694914720738210008e+02
1.848098098098098219e-01 2.694965347509271965e+02
1.856856856856856919e-01 2.695015974280333921e+02
1.865615615615615619e-01 2.695066601051395878e+02
1.874374374374374319e-01 2.695117227822457835e+02
1.883133133133133019e-01 2.695167776585279853e+02
1.891891891891891997e-01 2.695218274420393527e+02
1.900650650650650697e-01 2.695268772255505496e+02
1.909409409409409397e-01 2.695319270090618602e+02
1.918168168168168097e-01 2.695369767925731708e+02
1.926926926926926797e-01 2.695420265760844245e+02
1.935685685685685775e-01 2.695470763595957351e+02
1.944444444444444475e-01 2.695521261431070457e+02
1.953203203203203175e-01 2.695571759266183562e+02
1.961961961961961876e-01 2.695622257101296668e+02
1.970720720720720576e-01 2.695672754936409206e+02
1.979479479479479553e-01 2.695715303951982946e+02
1.988238238238238254e-01 2.695753680782688662e+02
1.996996996996996954e-01 2.695792057613394377e+02
2.005755755755755654e-01 2.695830434444100661e+02
2.014514514514514631e-01 2.695867233143836756e+02
2.023273273273273332e-01 2.695897431167179548e+02
2.032032032032032032e-01 2.695927629190521770e+02
2.040790790790790732e-01 2.695957827213864562e+02
2.049549549549549432e-01 2.695988025237207353e+02
2.058308308308308410e-01 2.696018223260549576e+02
2.067067067067067110e-01 2.696048421283891798e+02
2.075825825825825810e-01 2.696078619307234590e+02
2.084584584584584510e-01 2.696108817330576812e+02
2.093343343343343210e-01 2.696139015353919604e+02
2.102102102102102188e-01 2.696169213377262395e+02
2.110860860860860888e-01 2.696199411400604617e+02
2.119619619619619588e-01 2.696229609423947409e+02
2.128378378378378288e-01 2.696259807447290200e+02
2.137137137137136988e-01 2.696290005470632423e+02
2.145895895895895966e-01 2.696320203493975214e+02
2.154654654654654666e-01 2.696350401517318005e+02
2.163413413413413366e-01 2.696380599540660228e+02
2.172172172172172067e-01 2.696411066185897880e+02
2.180930930930931044e-01 2.696441566096032147e+02
2.189689689689689744e-01 2.696472066006166983e+02
2.198448448448448445e-01 2.696488092763348732e+02
2.207207207207207145e-01 2.696503358882749808e+02
2.215965965965965845e-01 2.696518625002149747e+02
2.224724724724724823e-01 2.696533891121550255e+02
2.233483483483483523e-01 2.696549157240950763e+02
2.242242242242242223e-01 2.696564423360350702e+02
2.251001001001000923e-01 2.696579689479751778e+02
2.259759759759759623e-01 2.696594955599151717e+02
2.268518518518518601e-01 2.696610221718551657e+02
2.277277277277277301e-01 2.696625487837952164e+02
2.286036036036036001e-01 2.696640753957352672e+02
2.294794794794794701e-01 2.696656020076753180e+02
2.303553553553553401e-01 2.696671286196153687e+02
2.312312312312312379e-01 2.696685138240723063e+02
2.321071071071071079e-01 2.696692529930145952e+02
2.329829829829829779e-01 2.696699921619568840e+02
2.338588588588588479e-01 2.696707313308992298e+02
2.347347347347347457e-01 2.696714704998414618e+02
2.356106106106106157e-01 2.696722096687838075e+02
2.364864864864864857e-01 2.696729488377260964e+02
2.373623623623623557e-01 2.696736880066683852e+02
2.382382382382382258e-01 2.696744271756107310e+02
2.391141141141141235e-01 2.696751389855025423e+02
2.399899899899899935e-01 2.696747871438819288e+02
2.408658658658658636e-01 2.696744353022613154e+02
2.417417417417417336e-01 2.696740834606407020e+02
2.426176176176176036e-01 2.696736423970102692e+02
2.434934934934935014e-01 2.696731716186221206e+02
2.443693693693693714e-01 2.696727008402340289e+02
2.452452452452452414e-01 2.696722300618458803e+02
2.461211211211211114e-01 2.696717592834576749e+02
2.469969969969969814e-01 2.696712885050695263e+02
2.478728728728728792e-01 2.696708177266814346e+02
2.487487487487487492e-01 2.696703469482932292e+02
2.496246246246246192e-01 2.696699454409092027e+02
2.505005005005004892e-01 2.696696075665563512e+02
2.513763763763763870e-01 2.696692696922034997e+02
2.522522522522522292e-01 2.696689318178506483e+02
2.531281281281281270e-01 2.696685939434977968e+02
2.540040040040040248e-01 2.696681279858153175e+02
2.548798798798798670e-01 2.696675917679756935e+02
2.557557557557557648e-01 2.696670555501360695e+02
2.566316316316316071e-01 2.696665193322965024e+02
2.575075075075075048e-01 2.696659831144568784e+02
2.583833833833834026e-01 2.696654468966173113e+02
2.592592592592592449e-01 2.696649106787776304e+02
2.601351351351351426e-01 2.696643744609381201e+02
2.610110110110109849e-01 2.696638382430984962e+02
2.618868868868868827e-01 2.696633020252588153e+02
2.627627627627627804e-01 2.696624809940515206e+02
2.636386386386386227e-01 2.696611602157854577e+02
2.645145145145145205e-01 2.696598394375194516e+02
2.653903903903903627e-01 2.696585186592533887e+02
2.662662662662662605e-01 2.696571978809873258e+02
2.671421421421421583e-01 2.696558771027212629e+02
2.680180180180180005e-01 2.696532060235173844e+02
2.688938938938938983e-01 2.696501227794665283e+02
2.697697697697697405e-01 2.696470395354156722e+02
2.706456456456456383e-01 2.696439562913648729e+02
2.715215215215215361e-01 2.696408730473140167e+02
2.723973973973973783e-01 2.696377898032631606e+02
2.732732732732732761e-01 2.696347065592123613e+02
2.741491491491491739e-01 2.696314741100227934e+02
2.750250250250250161e-01 2.696281744225742614e+02
2.759009009009009139e-01 2.696248747351256725e+02
2.767767767767767562e-01 2.696215750476770836e+02
2.776526526526526539e-01 2.696182753602285516e+02
2.785285285285285517e-01 2.696149756727800195e+02
2.794044044044043940e-01 2.696116759853314306e+02
2.802802802802802917e-01 2.696083762978828418e+02
2.811561561561561340e-01 2.696050766104342529e+02
2.820320320320320318e-01 2.696017769229857208e+02
2.829079079079079295e-01 2.695986085971380248e+02
2.837837837837837718e-01 2.695956093860670535e+02
2.846596596596596696e-01 2.695926101749960253e+02
2.855355355355355118e-01 2.695896109639250540e+02
2.864114114114114096e-01 2.695866117528540826e+02
2.872872872872873073e-01 2.695834679739415947e+02
2.881631631631631496e-01 2.695786650976548344e+02
2.890390390390390474e-01 2.695738622213680173e+02
2.899149149149148896e-01 2.695690593450812571e+02
2.907907907907907874e-01 2.695642564687944969e+02
2.916666666666666852e-01 2.695594535925076798e+02
2.925425425425425274e-01 2.695546507162208627e+02
2.934184184184184252e-01 2.695498478399341025e+02
2.942942942942942675e-01 2.695450449636473422e+02
2.951701701701701652e-01 2.695402217058115184e+02
2.960460460460460630e-01 2.695352762033358545e+02
2.969219219219219053e-01 2.695303307008601905e+02
2.977977977977978030e-01 2.695253851983845834e+02
2.986736736736736453e-01 2.695204396959088626e+02
2.995495495495495430e-01 2.695155525942956274e+02
3.004254254254254408e-01 2.695107090564481496e+02
3.013013013013012831e-01 2.695058655186006149e+02
3.021771771771771808e-01 2.695010219807530802e+02
3.030530530530530231e-01 2.694961784429056024e+02
3.039289289289289209e-01 2.694913349050580678e+02
3.048048048048048186e-01 2.694864913672105899e+02
3.056806806806806609e-01 2.694816478293630553e+02
3.065565565565565587e-01 2.694768042915155775e+02
3.074324324324324564e-01 2.694708594180200407e+02
3.083083083083082987e-01 2.694637541203771889e+02
3.091841841841841965e-01 2.694566488227342802e+02
3.100600600600600387e-01 2.694495435250914284e+02
3.109359359359359365e-01 2.694424382274485197e+02
3.118118118118118343e-01 2.694355056849780681e+02
3.126876876876876765e-01 2.694290291330452192e+02
3.135635635635635743e-01 2.694225525811124271e+02
3.144394394394394165e-01 2.694160760291796350e+02
3.153153153153153143e-01 2.694095994772468430e+02
3.161911911911912121e-01 2.694031229253140509e+02
3.170670670670670543e-01 2.693966463733812020e+02
3.179429429429429521e-01 2.693901698214483531e+02
3.188188188188187944e-01 2.693836932695155610e+02
3.196946946946946921e-01 2.693767936106207799e+02
3.205705705705705899e-01 2.693698731699187192e+02
3.214464464464464322e-01 2.693629527292167154e+02
3.223223223223223299e-01 2.693560322885147116e+02
3.231981981981981722e-01 2.693491118478126509e+02
3.240740740740740700e-01 2.693421914071106471e+02
3.249499499499499677e-01 2.693352709664085864e+02
3.258258258258258100e-01 2.693283505257065826e+02
3.267017017017017078e-01 2.693217277986590830e+02
3.275775775775775500e-01 2.693154466279866597e+02
3.284534534534534478e-01 2.693091654573142364e+02
3.293293293293293456e-01 2.693028842866417563e+02
3.302052052052051878e-01 2.692966031159693330e+02
3.310810810810810856e-01 2.692903219452969097e+02
3.319569569569569278e-01 2.692840407746244864e+02
3.328328328328328256e-01 2.692761101521413707e+02
3.337087087087087234e-01 2.692670567291506245e+02
3.345845845845845656e-01 2.692580033061598215e+02
3.354604604604604634e-01 2.692489498831690184e+02
3.363363363363363057e-01 2.692398964601782723e+02
3.372122122122122034e-01 2.692308946222850636e+02
3.380880880880881012e-01 2.692219414941297373e+02
3.389639639639639435e-01 2.692129883659743541e+02
3.398398398398398412e-01 2.692040352378190846e+02
3.407157157157157390e-01 2.691950821096637014e+02
3.415915915915915813e-01 2.691861289815083751e+02
3.424674674674674790e-01 2.691771758533530488e+02
3.433433433433433213e-01 2.691682227251976656e+02
3.442192192192192191e-01 2.691589707856264226e+02
3.450950950950951168e-01 2.691480741392585969e+02
3.459709709709709591e-01 2.691371774928907712e+02
3.468468468468468568e-01 2.691262808465229455e+02
3.477227227227226991e-01 2.691153842001551197e+02
3.485985985985985969e-01 2.691044875537872940e+02
3.494744744744744946e-01 2.690935909074194683e+02
3.503503503503503369e-01 2.690826942610516426e+02
3.512262262262262347e-01 2.690717976146838168e+02
3.521021021021020769e-01 2.690609009683159911e+02
3.529779779779779747e-01 2.690500043219481086e+02
3.538538538538538725e-01 2.690391076755802828e+02
3.547297297297297147e-01 2.690282110292124571e+02
3.556056056056056125e-01 2.690173143828446314e+02
3.564814814814814548e-01 2.690062639853398991e+02
3.573573573573573525e-01 2.689935947887512384e+02
3.582332332332332503e-01 2.689806872068375583e+02
3.591091091091090926e-01 2.689677796249238213e+02
3.599849849849849903e-01 2.689548720430101412e+02
3.608608608608608326e-01 2.689419644610964610e+02
3.617367367367367303e-01 2.689290568791827809e+02
3.626126126126126281e-01 2.689161492972690439e+02
3.634884884884884704e-01 2.689032417153553638e+02
3.643643643643643681e-01 2.688903341334416837e+02
3.652402402402402104e-01 2.688774265515280035e+02
3.661161161161161082e-01 2.688645189696143234e+02
3.669919919919920059e-01 2.688516113877006433e+02
3.678678678678678482e-01 2.688387038057869063e+02
3.687437437437437460e-01 2.688257962238732262e+02
3.696196196196196437e-01 2.688128886419594892e+02
3.704954954954954860e-01 2.687974325087796501e+02
3.713713713713713838e-01 2.687812734258651517e+02
3.722472472472472260e-01 2.687651143429506533e+02
3.731231231231231238e-01 2.687489552600361549e+02
3.739989989989990216e-01 2.687327961771216565e+02
3.748748748748748638e-01 2.687166370942071580e+02
3.757507507507507616e-01 2.687004780112926596e+02
3.766266266266266038e-01 2.686843189283781612e+02
3.775025025025025016e-01 2.686681598454636628e+02
3.783783783783783994e-01 2.686520007625491644e+02
3.792542542542542416e-01 2.686358416796346660e+02
3.801301301301301394e-01 2.686196825967201676e+02
3.810060060060059817e-01 2.686034389032411127e+02
3.818818818818818794e-01 2.685869489604998535e+02
3.827577577577577772e-01 2.685704590177586510e+02
3.836336336336336195e-01 2.685539690750174486e+02
3.845095095095095172e-01 2.685374791322761894e+02
3.853853853853853595e-01 2.685209891895349870e+02
3.862612612612612573e-01 2.685044992467937846e+02
3.871371371371371550e-01 2.684873768205791293e+02
3.880130130130129973e-01 2.684698587954530922e+02
3.888888888888888951e-01 2.684523407703269413e+02
3.897647647647647373e-01 2.684348227452008473e+02
3.906406406406406351e-01 2.684173047200747533e+02
3.915165165165165329e-01 2.683997866949486024e+02
3.923923923923923751e-01 2.683822686698225084e+02
3.932682682682682729e-01 2.683647506446964144e+02
3.941441441441441151e-01 2.683452232415826870e+02
3.950200200200200129e-01 2.683252475854893078e+02
3.958958958958959107e-01 2.683052719293959854e+02
3.967717717717717529e-01 2.682852962733026061e+02
3.976476476476476507e-01 2.682653206172092837e+02
3.985235235235234930e-01 2.682453449611158476e+02
3.993993993993993907e-01 2.682253693050225252e+02
4.002752752752752885e-01 2.682053936489291459e+02
4.011511511511511308e-01 2.681854179928357667e+02
4.020270270270270285e-01 2.681654423367423874e+02
4.029029029029029263e-01 2.681454666806490650e+02
4.037787787787787686e-01 2.681254910245556857e+02
4.046546546546546663e-01 2.681055153684623633e+02
4.055305305305305086e-01 2.680855397123689841e+02
4.064064064064064064e-01 2.680655640562756048e+02
4.072822822822823041e-01 2.680456064506354892e+02
4.081581581581581464e-01 2.680265463242287751e+02
4.090340340340340441e-01 2.680074861978221179e+02
4.099099099099098864e-01 2.679884260714154038e+02
4.107857857857857842e-01 2.679693659450087466e+02
4.116616616616616819e-01 2.679503058186020326e+02
4.125375375375375242e-01 2.679312456921953753e+02
4.134134134134134220e-01 2.679121855657887181e+02
4.142892892892892642e-01 2.678879895142139276e+02
4.151651651651651620e-01 2.678632306506457894e+02
4.160410410410410598e-01 2.678440882907084415e+02
4.169169169169169020e-01 2.678254589555272673e+02
4.177927927927927998e-01 2.678057540256841662e+02
4.186686686686686421e-01 2.677856645017646429e+02
4.195445445445445398e-01 2.677655749778450627e+02
4.204204204204204376e-01 2.677454854539255393e+02
4.212962962962962798e-01 2.677253959300059591e+02
4.221721721721721776e-01 2.677052641920476503e+02
4.230480480480480199e-01 2.676846189457826881e+02
4.239239239239239176e-01 2.676639736995176690e+02
4.247997997997998154e-01 2.676433284532527068e+02
4.256756756756756577e-01 2.676226832069877446e+02
4.265515515515515554e-01 2.676020379607227255e+02
4.274274274274273977e-01 2.675813927144577633e+02
4.283033033033032955e-01 2.675607474681927442e+02
4.291791791791791932e-01 2.675393758360536367e+02
4.300550550550550355e-01 2.675177707409227423e+02
4.309309309309309333e-01 2.674961656457917343e+02
4.318068068068067755e-01 2.674745605506608399e+02
4.326826826826826733e-01 2.674529554555298887e+02
4.335585585585585711e-01 2.674313503603989375e+02
4.344344344344344133e-01 2.674081164047800598e+02
4.353103103103103111e-01 2.673840556191620408e+02
4.361861861861862089e-01 2.673599948335439649e+02
4.370620620620620511e-01 2.673359340479258890e+02
4.379379379379379489e-01 2.673118732623078131e+02
4.388138138138137911e-01 2.672878124766896804e+02
4.396896896896896889e-01 2.672637516910716045e+02
4.405655655655655867e-01 2.672396909054535286e+02
4.414414414414414289e-01 2.672156301198355095e+02
4.423173173173173267e-01 2.671915693342173768e+02
4.431931931931931690e-01 2.671675085485993009e+02
4.440690690690690667e-01 2.671434477629812250e+02
4.449449449449449645e-01 2.671193869773632059e+02
4.458208208208208068e-01 2.670953261917451300e+02
4.466966966966967045e-01 2.670712654061269973e+02
4.475725725725725468e-01 2.670472046205089214e+02
4.484484484484484446e-01 2.670231438348908455e+02
4.493243243243243423e-01 2.669990830492727696e+02
4.502002002002001846e-01 2.669750222636546937e+02
4.510760760760760824e-01 2.669509614780366178e+02
4.519519519519519246e-01 2.669262954790691538e+02
4.528278278278278224e-01 2.669013085109525036e+02
4.537037037037037202e-01 2.668763215428357967e+02
4.545795795795795624e-01 2.668513345747190897e+02
4.554554554554554602e-01 2.668263476066023827e+02
4.563313313313313024e-01 2.668013606384856757e+02
4.572072072072072002e-01 2.667763736703690256e+02
4.580830830830830980e-01 2.667513867022523186e+02
4.589589589589589402e-01 2.667263997341356117e+02
4.598348348348348380e-01 2.667014127660189615e+02
4.607107107107106803e-01 2.666764257979022545e+02
4.615865865865865780e-01 2.666514388297855476e+02
4.624624624624624758e-01 2.666264518616688974e+02
4.633383383383383181e-01 2.666014648935521905e+02
4.642142142142142158e-01 2.665764779254354835e+02
4.650900900900901136e-01 2.665514909573188334e+02
4.659659659659659559e-01 2.665265039892020695e+02
4.668418418418418536e-01 2.665015170210854194e+02
4.677177177177176959e-01 2.664765300529687124e+02
4.685935935935935936e-01 2.664509019977414823e+02
4.694694694694694914e-01 2.664248999494873829e+02
4.703453453453453337e-01 2.663988979012333971e+02
4.712212212212212314e-01 2.663728958529792976e+02
4.720970970970970737e-01 2.663468938047253118e+02
4.729729729729729715e-01 2.663210968238527130e+02
4.738488488488488692e-01 2.662953981046915715e+02
4.747247247247247115e-01 2.662696993855303731e+02
4.756006006006006093e-01 2.662440006663691747e+02
4.764764764764764515e-01 2.662183019472080332e+02
4.773523523523523493e-01 2.661926032280468348e+02
4.782282282282282471e-01 2.661669045088856933e+02
4.791041041041040893e-01 2.661412057897244949e+02
4.799799799799799871e-01 2.661154996270690845e+02
4.808558558558558294e-01 2.660897891425543094e+02
4.817317317317317271e-01 2.660640786580395343e+02
4.826076076076076249e-01 2.660383681735247592e+02
4.834834834834834671e-01 2.660126576890099273e+02
4.843593593593593649e-01 2.659869472044951522e+02
4.852352352352352072e-01 2.659612367199803771e+02
4.861111111111111049e-01 2.659355262354656020e+02
4.869869869869870027e-01 2.659074689355802548e+02
4.878628628628628450e-01 2.658789874896708056e+02
4.887387387387387427e-01 2.658505060437613565e+02
4.896146146146145850e-01 2.658220245978518506e+02
4.904904904904904828e-01 2.657935431519424583e+02
4.913663663663663805e-01 2.657650617060329523e+02
4.922422422422422228e-01 2.657365802601234464e+02
4.931181181181181206e-01 2.657080988142140541e+02
4.939939939939939628e-01 2.656796173683045481e+02
4.948698698698698606e-01 2.656511359223950421e+02
4.957457457457457584e-01 2.656226544764856499e+02
4.966216216216216006e-01 2.655941730305761439e+02
4.974974974974974984e-01 2.655656915846666948e+02
4.983733733733733962e-01 2.655376976702906404e+02
4.992492492492492384e-01 2.655097983300855731e+02
5.001251251251250807e-01 2.654818989898805057e+02
5.010010010010009784e-01 2.654539996496754384e+02
5.018768768768768762e-01 2.654261003094704279e+02
5.027527527527527740e-01 2.653982009692653605e+02
5.036286286286286717e-01 2.653703016290603500e+02
5.045045045045044585e-01 2.653424022888552827e+02
5.053803803803803563e-01 2.653145029486502153e+02
5.062562562562562540e-01 2.652865849550440203e+02
5.071321321321321518e-01 2.652565572836351180e+02
5.080080080080080496e-01 2.652246182704774355e+02
5.088838838838838363e-01 2.651911581860961178e+02
5.097597597597597341e-01 2.651576981017147432e+02
5.106356356356356319e-01 2.651242380173333686e+02
5.115115115115115296e-01 2.650907779329520508e+02
5.123873873873874274e-01 2.650573178485706762e+02
5.132632632632632141e-01 2.650238577641893585e+02
5.141391391391391119e-01 2.649903976798079839e+02
5.150150150150150097e-01 2.649578998289594551e+02
5.158908908908909074e-01 2.649254360659942904e+02
5.167667667667668052e-01 2.648929723030290688e+02
5.176426426426425920e-01 2.648605085400639609e+02
5.185185185185184897e-01 2.648280447770987962e+02
5.193943943943943875e-01 2.647955810141336315e+02
5.202702702702702853e-01 2.647631172511684667e+02
5.211461461461461830e-01 2.647306534882033020e+02
5.220220220220219698e-01 2.646981897252380804e+02
5.228978978978978676e-01 2.646657259622729157e+02
5.237737737737737653e-01 2.646332621993077510e+02
5.246496496496496631e-01 2.646007984363425862e+02
5.255255255255255609e-01 2.645683346733774215e+02
5.264014014014013476e-01 2.645358709104121999e+02
5.272772772772772454e-01 2.645034071474470920e+02
5.281531531531531432e-01 2.644709468029837467e+02
5.290290290290290409e-01 2.644384868436592910e+02
5.299049049049049387e-01 2.644060268843348354e+02
5.307807807807807254e-01 2.643735669250103797e+02
5.316566566566566232e-01 2.643411069656859240e+02
5.325325325325325210e-01 2.643086470063614684e+02
5.334084084084084187e-01 2.642761870470370695e+02
5.342842842842843165e-01 2.642437270877126139e+02
5.351601601601601033e-01 2.642108338563265875e+02
5.360360360360360010e-01 2.641776865289388070e+02
5.369119119119118988e-01 2.641440032576848012e+02
5.377877877877877966e-01 2.641096810371744823e+02
5.386636636636636943e-01 2.640753588166642203e+02
5.395395395395394811e-01 2.640410365961539583e+02
5.404154154154153789e-01 2.640067143756436394e+02
5.412912912912912766e-01 2.639723921551334342e+02
5.421671671671671744e-01 2.639380699346231722e+02
5.430430430430430722e-01 2.639037477141128534e+02
5.439189189189188589e-01 2.638694254936026482e+02
5.447947947947947567e-01 2.638351032730923293e+02
5.456706706706706544e-01 2.638007810525820673e+02
5.465465465465465522e-01 2.637664588320717485e+02
5.474224224224224500e-01 2.637311580022263797e+02
5.482982982982983478e-01 2.636952377093255677e+02
5.491741741741741345e-01 2.636593174164247557e+02
5.500500500500500323e-01 2.636233971235239437e+02
5.509259259259259300e-01 2.635874768306231317e+02
5.518018018018018278e-01 2.635515565377223197e+02
5.526776776776777256e-01 2.635156362448215646e+02
5.535535535535535123e-01 2.634797159519207526e+02
5.544294294294294101e-01 2.634437956590199406e+02
5.553053053053053079e-01 2.634078753661191286e+02
5.561811811811812056e-01 2.633713555559722863e+02
5.570570570570571034e-01 2.633347184078668874e+02
5.579329329329328901e-01 2.632980812597614886e+02
5.588088088088087879e-01 2.632614441116561466e+02
5.596846846846846857e-01 2.632248069635506909e+02
5.605605605605605835e-01 2.631881698154453488e+02
5.614364364364364812e-01 2.631515326673399500e+02
5.623123123123122680e-01 2.631148955192345511e+02
5.631881881881881657e-01 2.630782583711291522e+02
5.640640640640640635e-01 2.630416212230237534e+02
5.649399399399399613e-01 2.630049840749183545e+02
5.658158158158158590e-01 2.629680334769530532e+02
5.666916916916916458e-01 2.629298079209604566e+02
5.675675675675675436e-01 2.628915823649678032e+02
5.684434434434434413e-01 2.628544706112623999e+02
5.693193193193193391e-01 2.628174430244258701e+02
5.701951951951952369e-01 2.627799089087191078e+02
5.710710710710710236e-01 2.627417796209782637e+02
5.719469469469469214e-01 2.627036503332375901e+02
5.728228228228228192e-01 2.626655210454967460e+02
5.736986986986987169e-01 2.626273917577560155e+02
5.745745745745746147e-01 2.625892624700152282e+02
5.754504504504504014e-01 2.625511331822744978e+02
5.763263263263262992e-01 2.625130038945337105e+02
5.772022022022021970e-01 2.624748746067929233e+02
5.780780780780780947e-01 2.624367453190521928e+02
5.789539539539539925e-01 2.623986160313114055e+02
5.798298298298297793e-01 2.623604867435706751e+02
5.807057057057056770e-01 2.623223574558298878e+02
5.815815815815815748e-01 2.622842281680891574e+02
5.824574574574574726e-01 2.622460988803483701e+02
5.833333333333333703e-01 2.622079695926075829e+02
5.842092092092091571e-01 2.621698403048668524e+02
5.850850850850850549e-01 2.621308876893271531e+02
5.859609609609609526e-01 2.620914733644332841e+02
5.868368368368368504e-01 2.620520590395393583e+02
5.877127127127127482e-01 2.620126447146453756e+02
5.885885885885885349e-01 2.619732303897515067e+02
5.894644644644644327e-01 2.619338160648575808e+02
5.903403403403403304e-01 2.618944017399636550e+02
5.912162162162162282e-01 2.618549874150697292e+02
5.920920920920921260e-01 2.618155730901757465e+02
5.929679679679679127e-01 2.617761587652818207e+02
5.938438438438438105e-01 2.617367444403878949e+02
5.947197197197197083e-01 2.616973301154939691e+02
5.955955955955956060e-01 2.616579157905999864e+02
5.964714714714715038e-01 2.616185014657061174e+02
5.973473473473472906e-01 2.615790871408121916e+02
5.982232232232231883e-01 2.615395860929402829e+02
5.990990990990990861e-01 2.614985789233891182e+02
5.999749749749749839e-01 2.614575717538379536e+02
6.008508508508508816e-01 2.614165645842867889e+02
6.017267267267266684e-01 2.613755574147356242e+02
6.026026026026025662e-01 2.613345502451844595e+02
6.034784784784784639e-01 2.612935430756332380e+02
6.043543543543543617e-01 2.612525359060820733e+02
6.052302302302302595e-01 2.612115287365309086e+02
6.061061061061060462e-01 2.611724409529114155e+02
6.069819819819819440e-01 2.611341636161703263e+02
6.078578578578578417e-01 2.610958862794292941e+02
6.087337337337337395e-01 2.610576089426882049e+02
6.096096096096096373e-01 2.610193316059471158e+02
6.104854854854855351e-01 2.609810542692060267e+02
6.113613613613613218e-01 2.609407371624077996e+02
6.122372372372372196e-01 2.608998842306336314e+02
6.131131131131131173e-01 2.608590312988595770e+02
6.139889889889890151e-01 2.608181783670854088e+02
6.148648648648649129e-01 2.607752147970588226e+02
6.157407407407406996e-01 2.607318076897550441e+02
6.166166166166165974e-01 2.606884005824512087e+02
6.174924924924924952e-01 2.606449934751474302e+02
6.183683683683683929e-01 2.606015863678436517e+02
6.192442442442442907e-01 2.605586289710526557e+02
6.201201201201200774e-01 2.605163658878792603e+02
6.209959959959959752e-01 2.604741028047058649e+02
6.218718718718718730e-01 2.604318397215324694e+02
6.227477477477477708e-01 2.603895766383591308e+02
6.236236236236236685e-01 2.603473135551857354e+02
6.244994994994994553e-01 2.603050504720123399e+02
6.253753753753753530e-01 2.602627873888390013e+02
6.262512512512512508e-01 2.602205243056656059e+02
6.271271271271271486e-01 2.601782612224922104e+02
6.280030030030030463e-01 2.601359981393188718e+02
6.288788788788788331e-01 2.600937350561454195e+02
6.297547547547547309e-01 2.600514719729720809e+02
6.306306306306306286e-01 2.600092088897986287e+02
6.315065065065065264e-01 2.599669458066252901e+02
6.323823823823824242e-01 2.599246827234518946e+02
6.332582582582582109e-01 2.598816276352367822e+02
6.341341341341341087e-01 2.598381513481255070e+02
6.350100100100100065e-01 2.597946750610142885e+02
6.358858858858859042e-01 2.597511987739030701e+02
6.367617617617618020e-01 2.597077224867918517e+02
6.376376376376375887e-01 2.596642461996805764e+02
6.385135135135134865e-01 2.596207699125693580e+02
6.393893893893893843e-01 2.595772936254580827e+02
6.402652652652652820e-01 2.595338173383468643e+02
6.411411411411411798e-01 2.594902818107511848e+02
6.420170170170169666e-01 2.594479983704626420e+02
6.428928928928928643e-01 2.594062546942816994e+02
6.437687687687687621e-01 2.593643355364640115e+02
6.446446446446446599e-01 2.593223646041022334e+02
6.455205205205205576e-01 2.592803936717403985e+02
6.463963963963963444e-01 2.592384227393786205e+02
6.472722722722722422e-01 2.591964518070168424e+02
6.481481481481481399e-01 2.591544808746550643e+02
6.490240240240240377e-01 2.591125099422932294e+02
6.498998998998999355e-01 2.590705390099313945e+02
6.507757757757757222e-01 2.590285680775696164e+02
6.516516516516516200e-01 2.589865971452078384e+02
6.525275275275275177e-01 2.589446262128460603e+02
6.534034034034034155e-01 2.589026552804842254e+02
6.542792792792793133e-01 2.588606843481224473e+02
6.551551551551551000e-01 2.588183837447516566e+02
6.560310310310309978e-01 2.587751297834083175e+02
6.569069069069068956e-01 2.587318758220648647e+02
6.577827827827827933e-01 2.586886218607215255e+02
6.586586586586586911e-01 2.586453678993781296e+02
6.595345345345344779e-01 2.586020367867102436e+02
6.604104104104103756e-01 2.585581323480614628e+02
6.612862862862862734e-01 2.585142279094126252e+02
6.621621621621621712e-01 2.584710766396485155e+02
6.630380380380380689e-01 2.584297283070508229e+02
6.639139139139138557e-01 2.583879800474140325e+02
6.647897897897897534e-01 2.583458123601496936e+02
6.656656656656656512e-01 2.583036446728853548e+02
6.665415415415415490e-01 2.582567465892826704e+02
6.674174174174174468e-01 2.582090577176741135e+02
6.682932932932932335e-01 2.581613688460655567e+02
6.691691691691691313e-01 2.581136799744569998e+02
6.700450450450450290e-01 2.580659911028484430e+02
6.709209209209209268e-01 2.580184926373218559e+02
6.717967967967968246e-01 2.579710646645726797e+02
6.726726726726726113e-01 2.579236366918235603e+02
6.735485485485485091e-01 2.578762087190743841e+02
6.744244244244244069e-01 2.578287807463252079e+02
6.753003003003003046e-01 2.577815581485851908e+02
6.761761761761762024e-01 2.577344731063760719e+02
6.770520520520521002e-01 2.576873880641669530e+02
6.779279279279278869e-01 2.576403030219577772e+02
6.788038038038037847e-01 2.575932179797486583e+02
6.796796796796796825e-01 2.575461329375395394e+02
6.805555555555555802e-01 2.574990478953303636e+02
6.814314314314314780e-01 2.574519628531212447e+02
6.823073073073072647e-01 2.574048778109121258e+02
6.831831831831831625e-01 2.573577927687029501e+02
6.840590590590590603e-01 2.573107077264938880e+02
6.849349349349349581e-01 2.572636226842847122e+02
6.858108108108108558e-01 2.572165376420755933e+02
6.866866866866866426e-01 2.571694525998664744e+02
6.875625625625625403e-01 2.571223675576572987e+02
6.884384384384384381e-01 2.570752825154481798e+02
6.893143143143143359e-01 2.570281974732390609e+02
6.901901901901902336e-01 2.569811124310299419e+02
6.910660660660660204e-01 2.569352906962012639e+02
6.919419419419419182e-01 2.568894880449919356e+02
6.928178178178178159e-01 2.568436853937825504e+02
6.936936936936937137e-01 2.567978827425732220e+02
6.945695695695696115e-01 2.567520800913638936e+02
6.954454454454453982e-01 2.567057677258516151e+02
6.963213213213212960e-01 2.566570693936768635e+02
6.971971971971971938e-01 2.566083710615021118e+02
6.980730730730730915e-01 2.565596727293273602e+02
6.989489489489489893e-01 2.565109743971526086e+02
6.998248248248247760e-01 2.564622760649778570e+02
7.007007007007006738e-01 2.564135777328030485e+02
7.015765765765765716e-01 2.563648794006282969e+02
7.024524524524524693e-01 2.563161810684535453e+02
7.033283283283283671e-01 2.562674827362787937e+02
7.042042042042041539e-01 2.562187844041040421e+02
7.050800800800800516e-01 2.561700292198349871e+02
7.059559559559559494e-01 2.561212578113098743e+02
7.068318318318318472e-01 2.560724864027847048e+02
7.077077077077077449e-01 2.560237149942594783e+02
7.085835835835835317e-01 2.559749435857343371e+02
7.094594594594594295e-01 2.559261721772091676e+02
7.103353353353353272e-01 2.558774007686839980e+02
7.112112112112112250e-01 2.558286293601588284e+02
7.120870870870871228e-01 2.557793715692423291e+02
7.129629629629629095e-01 2.557299607974392188e+02
7.138388388388388073e-01 2.556805500256361086e+02
7.147147147147147050e-01 2.556311392538330267e+02
7.155905905905906028e-01 2.555817284820299164e+02
7.164664664664665006e-01 2.555323177102267778e+02
7.173423423423422873e-01 2.554829069384236959e+02
7.182182182182181851e-01 2.554334961666206141e+02
7.190940940940940829e-01 2.553840853948174754e+02
7.199699699699699806e-01 2.553346746230143651e+02
7.208458458458458784e-01 2.552852638512112549e+02
7.217217217217216652e-01 2.552358530794081730e+02
7.225975975975975629e-01 2.551864423076050343e+02
7.234734734734734607e-01 2.551370315358019525e+02
7.243493493493493585e-01 2.550876207639988138e+02
7.252252252252252562e-01 2.550382099921957320e+02
7.261011011011010430e-01 2.549887992203926217e+02
7.269769769769769407e-01 2.549393884485895114e+02
7.278528528528528385e-01 2.548899776767864012e+02
7.287287287287287363e-01 2.548405669049832909e+02
7.296046046046046341e-01 2.547910731710327639e+02
7.304804804804804208e-01 2.547411136005493688e+02
7.313563563563563186e-01 2.546908477221694511e+02
7.322322322322322163e-01 2.546384177238587654e+02
7.331081081081081141e-01 2.545855829242553057e+02
7.339839839839840119e-01 2.545279679517827844e+02
7.348598598598597986e-01 2.544739739801469796e+02
7.357357357357356964e-01 2.544199800085111178e+02
7.366116116116115942e-01 2.543660657124341924e+02
7.374874874874874919e-01 2.543133681747405035e+02
7.383633633633633897e-01 2.542606706370468714e+02
7.392392392392392875e-01 2.542079730993532678e+02
7.401151151151150742e-01 2.541552755616596073e+02
7.409909909909909720e-01 2.541025780239659468e+02
7.418668668668668698e-01 2.540498804862723432e+02
7.427427427427427675e-01 2.539971829485787111e+02
7.436186186186186653e-01 2.539444854108850222e+02
7.444944944944944520e-01 2.538917878731913902e+02
7.453703703703703498e-01 2.538390903354977581e+02
7.462462462462462476e-01 2.537863927978041261e+02
7.471221221221221453e-01 2.537336952601104940e+02
7.479979979979980431e-01 2.536809977224168335e+02
7.488738738738738299e-01 2.536283001847232299e+02
7.497497497497497276e-01 2.535756026470295694e+02
7.506256256256256254e-01 2.535229051093359374e+02
7.515015015015015232e-01 2.534712712647820467e+02
7.523773773773774209e-01 2.534254134333525599e+02
7.532532532532532077e-01 2.533778253152854063e+02
7.541291291291291055e-01 2.533281589702512520e+02
7.550050050050050032e-01 2.532784926252170408e+02
7.558808808808809010e-01 2.532288262801828864e+02
7.567567567567567988e-01 2.531791599351486752e+02
7.576326326326325855e-01 2.531294935901144925e+02
7.585085085085084833e-01 2.530798272450803097e+02
7.593843843843843811e-01 2.530291503605044454e+02
7.602602602602602788e-01 2.529784014068815168e+02
7.611361361361361766e-01 2.529283793528811657e+02
7.620120120120119633e-01 2.528795952579129391e+02
7.628878878878878611e-01 2.528308111629447126e+02
7.637637637637637589e-01 2.527820270679764576e+02
7.646396396396396566e-01 2.527332429730082026e+02
7.655155155155155544e-01 2.526844588780399476e+02
7.663913913913913412e-01 2.526356747830716927e+02
7.672672672672672389e-01 2.525868906881034945e+02
7.681431431431431367e-01 2.525381065931352396e+02
7.690190190190190345e-01 2.524893224981670130e+02
7.698948948948949322e-01 2.524405384031987580e+02
7.707707707707707190e-01 2.523917543082305315e+02
7.716466466466466168e-01 2.523429702132622765e+02
7.725225225225225145e-01 2.522941861182940784e+02
7.733983983983984123e-01 2.522454020233258234e+02
7.742742742742743101e-01 2.521966179283575684e+02
7.751501501501500968e-01 2.521471565160549062e+02
7.760260260260259946e-01 2.520961425748070042e+02
7.769019019019018923e-01 2.520451286335591590e+02
7.777777777777777901e-01 2.519941146923112854e+02
7.786536536536536879e-01 2.519431007510634117e+02
7.795295295295294746e-01 2.518920868098155950e+02
7.804054054054053724e-01 2.518410728685677213e+02
7.812812812812812702e-01 2.517900589273198193e+02
7.821571571571571679e-01 2.517390086665946569e+02
7.830330330330330657e-01 2.516878978894190766e+02
7.839089089089088525e-01 2.516367871122435815e+02
7.847847847847847502e-01 2.515856763350680865e+02
7.856606606606606480e-01 2.515343762570507238e+02
7.865365365365365458e-01 2.514827990014690897e+02
7.874124124124124435e-01 2.514312217458875125e+02
7.882882882882882303e-01 2.513796444903059069e+02
7.891641641641641280e-01 2.513280672347243012e+02
7.900400400400400258e-01 2.512764899791427240e+02
7.909159159159159236e-01 2.512249127235610899e+02
7.917917917917918214e-01 2.511726520026390403e+02
7.926676676676676081e-01 2.511199328058667675e+02
7.935435435435435059e-01 2.510672136090944662e+02
7.944194194194194036e-01 2.510144944123222217e+02
7.952952952952953014e-01 2.509617752155498920e+02
7.961711711711711992e-01 2.509090560187776191e+02
7.970470470470469859e-01 2.508563368220053462e+02
7.979229229229228837e-01 2.508036176252330733e+02
7.987987987987987815e-01 2.507508984284607720e+02
7.996746746746746792e-01 2.506981792316884707e+02
8.005505505505505770e-01 2.506454600349161694e+02
8.014264264264264748e-01 2.505927551120765315e+02
8.023023023023022615e-01 2.505400661058033052e+02
8.031781781781781593e-01 2.504873770995299651e+02
8.040540540540540571e-01 2.504356787342638881e+02
8.049299299299299548e-01 2.503840108290359865e+02
8.058058058058058526e-01 2.503323429238080280e+02
8.066816816816816393e-01 2.502806750185801263e+02
8.075575575575575371e-01 2.502290071133521678e+02
8.084334334334334349e-01 2.501773392081242093e+02
8.093093093093093326e-01 2.501252260041680984e+02
8.101851851851852304e-01 2.500725211135052746e+02
8.110610610610610172e-01 2.500198162228423939e+02
8.119369369369369149e-01 2.499671113321795701e+02
8.128128128128128127e-01 2.499144064415167179e+02
8.136886886886887105e-01 2.498617015508538657e+02
8.145645645645646082e-01 2.498089966601910135e+02
8.154404404404403950e-01 2.497562917695281612e+02
8.163163163163162928e-01 2.497035868788653090e+02
8.171921921921921905e-01 2.496508819882024568e+02
8.180680680680680883e-01 2.495981770975396330e+02
8.189439439439439861e-01 2.495454722068767808e+02
8.198198198198197728e-01 2.494927673162139286e+02
8.206956956956956706e-01 2.494400624255510763e+02
8.215715715715715683e-01 2.493873575348882241e+02
8.224474474474474661e-01 2.493346526442253719e+02
8.233233233233233639e-01 2.492819477535625197e+02
8.241991991991991506e-01 2.492292428628996959e+02
8.250750750750750484e-01 2.491769172413227125e+02
8.259509509509509462e-01 2.491273836011608864e+02
8.268268268268268439e-01 2.490778499609990888e+02
8.277027027027027417e-01 2.490283163208372343e+02
8.285785785785785285e-01 2.489787826806754083e+02
8.294544544544544262e-01 2.489233152965816487e+02
8.303303303303303240e-01 2.488677282343296326e+02
8.312062062062062218e-01 2.488121411720776734e+02
8.320820820820821195e-01 2.487578167354834022e+02
8.329579579579579063e-01 2.487037109580440131e+02
8.338338338338338041e-01 2.486497621576945960e+02
8.347097097097097018e-01 2.485958463839159549e+02
8.355855855855855996e-01 2.485419306101372854e+02
8.364614614614614974e-01 2.484880148363587011e+02
8.373373373373372841e-01 2.484340990625800316e+02
8.382132132132131819e-01 2.483801832888014189e+02
8.390890890890890796e-01 2.483262675150227778e+02
8.399649649649649774e-01 2.482723517412441367e+02
8.408408408408408752e-01 2.482179908609803931e+02
8.417167167167166619e-01 2.481632890842043082e+02
8.425925925925925597e-01 2.481085873074282517e+02
8.434684684684684575e-01 2.480537039546404685e+02
8.443443443443443552e-01 2.479984659953699975e+02
8.452202202202202530e-01 2.479432280360994696e+02
8.460960960960960398e-01 2.478879900768289701e+02
8.469719719719719375e-01 2.478327521175585275e+02
8.478478478478478353e-01 2.477775141582879996e+02
8.487237237237237331e-01 2.477222761990175286e+02
8.495995995995996308e-01 2.476670382397470291e+02
8.504754754754754176e-01 2.476118002804765297e+02
8.513513513513513153e-01 2.475565623212060586e+02
8.522272272272272131e-01 2.475013243619355592e+02
8.531031031031031109e-01 2.474486428739328403e+02
8.539789789789790087e-01 2.473965186031538792e+02
8.548548548548547954e-01 2.473443943323748613e+02
8.557307307307306932e-01 2.472922700615959002e+02
8.566066066066065909e-01 2.472401457908169107e+02
8.574824824824824887e-01 2.471880569273031938e+02
8.583583583583583865e-01 2.471360452760545741e+02
8.592342342342341732e-01 2.470840336248059828e+02
8.601101101101100710e-01 2.470320219735573914e+02
8.609859859859859688e-01 2.469801296296089106e+02
8.618618618618618665e-01 2.469282465277583469e+02
8.627377377377377643e-01 2.468763634259077833e+02
8.636136136136135510e-01 2.468244803240572764e+02
8.644894894894894488e-01 2.467725972222066844e+02
8.653653653653653466e-01 2.467207141203561207e+02
8.662412412412412444e-01 2.466688310185055855e+02
8.671171171171171421e-01 2.466169479166550218e+02
8.679929929929930399e-01 2.465650648148044866e+02
8.688688688688688266e-01 2.465131817129538945e+02
8.697447447447447244e-01 2.464612986111033592e+02
8.706206206206206222e-01 2.464094155092527672e+02
8.714964964964965199e-01 2.463575324074022319e+02
8.723723723723724177e-01 2.463056493055516967e+02
8.732482482482482045e-01 2.462537662037011046e+02
8.741241241241241022e-01 2.462018831018505693e+02
8.750000000000000000e-01 2.461499999999999773e+02
