LineProbe
number of points: 1000 (fixed)
point 0: [0. 0. 0.]
point 1: [0.875 0.    0.   ]
-----

# T 1000
0.000000000000000000e+00 2.582328373723464097e+02
8.758758758758758683e-04 2.582391971693480741e+02
1.751751751751751737e-03 2.582455569663496817e+02
2.627627627627627388e-03 2.582519026235931960e+02
3.503503503503503473e-03 2.582581834614764489e+02
4.379379379379379558e-03 2.582644642993597586e+02
5.255255255255254776e-03 2.582707451372430683e+02
6.131131131131130861e-03 2.582770259751263211e+02
7.007007007007006946e-03 2.582833068130096876e+02
7.882882882882882164e-03 2.582895876508929973e+02
8.758758758758759116e-03 2.582958684887763070e+02
9.634634634634634334e-03 2.583021493266596167e+02
1.051051051051050955e-02 2.583084301645429264e+02
1.138638638638638650e-02 2.583147110024261792e+02
1.226226226226226172e-02 2.583210283915341279e+02
1.313813813813813867e-02 2.583273647679974943e+02
1.401401401401401389e-02 2.583337011444608606e+02
1.488988988988988911e-02 2.583400375209242270e+02
1.576576576576576433e-02 2.583463738973875934e+02
1.664164164164164128e-02 2.583527102738510166e+02
1.751751751751751823e-02 2.583590466503143261e+02
1.839339339339339172e-02 2.583653506808393558e+02
1.926926926926926867e-02 2.583713156341098056e+02
2.014514514514514562e-02 2.583772805873803122e+02
2.102102102102101910e-02 2.583832455406507620e+02
2.189689689689689606e-02 2.583890104272604162e+02
2.277277277277277301e-02 2.583944580153839183e+02
2.364864864864864996e-02 2.583996837121990779e+02
2.452452452452452344e-02 2.584048311795396557e+02
2.540040040040040040e-02 2.584099786468802336e+02
2.627627627627627735e-02 2.584151261142208682e+02
2.715215215215215083e-02 2.584202735815614460e+02
2.802802802802802778e-02 2.584254210489020238e+02
2.890390390390390474e-02 2.584305685162426016e+02
2.977977977977977822e-02 2.584357159835831794e+02
3.065565565565565517e-02 2.584408634509237572e+02
3.153153153153152866e-02 2.584460109182643350e+02
3.240740740740740561e-02 2.584511583856049128e+02
3.328328328328328256e-02 2.584563058529454906e+02
3.415915915915915951e-02 2.584614237556924650e+02
3.503503503503503647e-02 2.584662861639595235e+02
3.591091091091091342e-02 2.584711485722266389e+02
3.678678678678678343e-02 2.584760109804936974e+02
3.766266266266266038e-02 2.584808733887608128e+02
3.853853853853853734e-02 2.584857357970278713e+02
3.941441441441441429e-02 2.584905982052949867e+02
4.029029029029029124e-02 2.584954606135620452e+02
4.116616616616616819e-02 2.585005030801235080e+02
4.204204204204203821e-02 2.585056203874880794e+02
4.291791791791791516e-02 2.585108354422351908e+02
4.379379379379379211e-02 2.585160504969823023e+02
4.466966966966966907e-02 2.585212655517294706e+02
4.554554554554554602e-02 2.585264806064765253e+02
4.642142142142142297e-02 2.585316956612236936e+02
4.729729729729729992e-02 2.585369107159708051e+02
4.817317317317316994e-02 2.585421257707179166e+02
4.904904904904904689e-02 2.585473408254650280e+02
4.992492492492492384e-02 2.585525558802121395e+02
5.080080080080080079e-02 2.585575329221757102e+02
5.167667667667667775e-02 2.585623541606241247e+02
5.255255255255255470e-02 2.585671753990724824e+02
5.342842842842842471e-02 2.585719966375209538e+02
5.430430430430430166e-02 2.585768178759693114e+02
5.518018018018017862e-02 2.585816391144177260e+02
5.605605605605605557e-02 2.585862437577727633e+02
5.693193193193193252e-02 2.585907380142636498e+02
5.780780780780780947e-02 2.585952322707545363e+02
5.868368368368368643e-02 2.585997265272454797e+02
5.955955955955955644e-02 2.586042207837363094e+02
6.043543543543543339e-02 2.586087150402272528e+02
6.131131131131131035e-02 2.586132092967181393e+02
6.218718718718718730e-02 2.586177035532090258e+02
6.306306306306305731e-02 2.586221978096999123e+02
6.393893893893894120e-02 2.586266920661907989e+02
6.481481481481481122e-02 2.586310776567038943e+02
6.569069069069069511e-02 2.586348598740304965e+02
6.656656656656656512e-02 2.586386420913570419e+02
6.744244244244243514e-02 2.586424243086837009e+02
6.831831831831831903e-02 2.586462065260102463e+02
6.919419419419418904e-02 2.586499887433368485e+02
7.007007007007007293e-02 2.586537437369393615e+02
7.094594594594594295e-02 2.586574230781911865e+02
7.182182182182182684e-02 2.586611024194429547e+02
7.269769769769769685e-02 2.586647817606947797e+02
7.357357357357356686e-02 2.586684611019466047e+02
7.444944944944945076e-02 2.586720716843648233e+02
7.532532532532532077e-02 2.586755851025241100e+02
7.620120120120120466e-02 2.586790985206833966e+02
7.707707707707707467e-02 2.586825960893465890e+02
7.795295295295295857e-02 2.586859618653494977e+02
7.882882882882882858e-02 2.586893276413524063e+02
7.970470470470469859e-02 2.586926934173553150e+02
8.058058058058058248e-02 2.586960591933582236e+02
8.145645645645645250e-02 2.586994249693611891e+02
8.233233233233233639e-02 2.587027907453640410e+02
8.320820820820820640e-02 2.587061565213670065e+02
8.408408408408407642e-02 2.587095222973698583e+02
8.495995995995996031e-02 2.587128880733728238e+02
8.583583583583583032e-02 2.587162368046940060e+02
8.671171171171171421e-02 2.587195293450451459e+02
8.758758758758758423e-02 2.587228218853962858e+02
8.846346346346346812e-02 2.587261144257474257e+02
8.933933933933933813e-02 2.587294069660985656e+02
9.021521521521520814e-02 2.587326995064497055e+02
9.109109109109109204e-02 2.587359876028077110e+02
9.196696696696696205e-02 2.587392329208287265e+02
9.284284284284284594e-02 2.587424782388497988e+02
9.371871871871871595e-02 2.587457235568707574e+02
9.459459459459459985e-02 2.587489688748917729e+02
9.547047047047046986e-02 2.587522141929127883e+02
9.634634634634633987e-02 2.587554595109337470e+02
9.722222222222222376e-02 2.587587048289547624e+02
9.809809809809809378e-02 2.587619501469757779e+02
9.897397397397397767e-02 2.587651954649967934e+02
9.984984984984984768e-02 2.587684407830178088e+02
1.007257257257257316e-01 2.587716861010388243e+02
1.016016016016016016e-01 2.587749314190597829e+02
1.024774774774774716e-01 2.587781767370807984e+02
1.033533533533533555e-01 2.587814220551018138e+02
1.042292292292292255e-01 2.587847517570525042e+02
1.051051051051051094e-01 2.587881103876856628e+02
1.059809809809809794e-01 2.587915112339998132e+02
1.068568568568568494e-01 2.587949120803140204e+02
1.077327327327327333e-01 2.587983129266281139e+02
1.086086086086086033e-01 2.588017137729423212e+02
1.094844844844844872e-01 2.588051146192564715e+02
1.103603603603603572e-01 2.588085154655706219e+02
1.112362362362362411e-01 2.588119163118847723e+02
1.121121121121121111e-01 2.588153171581989795e+02
1.129879879879879812e-01 2.588187180045131299e+02
1.138638638638638650e-01 2.588220546048077040e+02
1.147397397397397351e-01 2.588253105794259454e+02
1.156156156156156189e-01 2.588285665540441300e+02
1.164914914914914890e-01 2.588318225286623147e+02
1.173673673673673729e-01 2.588350785032804424e+02
1.182432432432432429e-01 2.588383344778986270e+02
1.191191191191191129e-01 2.588415904525168116e+02
1.199949949949949968e-01 2.588448464271349962e+02
1.208708708708708668e-01 2.588481024017531809e+02
1.217467467467467507e-01 2.588513583763713086e+02
1.226226226226226207e-01 2.588546143509895501e+02
1.234984984984984907e-01 2.588572784370039699e+02
1.243743743743743746e-01 2.588597556283724543e+02
1.252502502502502446e-01 2.588622328197409388e+02
1.261261261261261146e-01 2.588647100111094232e+02
1.270020020020020124e-01 2.588671872024779077e+02
1.278778778778778824e-01 2.588696643938464490e+02
1.287537537537537524e-01 2.588721415852148766e+02
1.296296296296296224e-01 2.588746187765834179e+02
1.305055055055054924e-01 2.588770959679519024e+02
1.313813813813813902e-01 2.588795731593204437e+02
1.322572572572572602e-01 2.588819880014304999e+02
1.331331331331331302e-01 2.588843794454174372e+02
1.340090090090090003e-01 2.588867708894044313e+02
1.348848848848848703e-01 2.588891623333914254e+02
1.357607607607607680e-01 2.588915537773783626e+02
1.366366366366366381e-01 2.588939452213653567e+02
1.375125125125125081e-01 2.588963366653522939e+02
1.383883883883883781e-01 2.588987281093393449e+02
1.392642642642642758e-01 2.589007173599302405e+02
1.401401401401401459e-01 2.589025995192952792e+02
1.410160160160160159e-01 2.589044816786603178e+02
1.418918918918918859e-01 2.589063638380254133e+02
1.427677677677677559e-01 2.589082459973904520e+02
1.436436436436436537e-01 2.589101281567555475e+02
1.445195195195195237e-01 2.589120103161205861e+02
1.453953953953953937e-01 2.589138924754856816e+02
1.462712712712712637e-01 2.589157746348507203e+02
1.471471471471471337e-01 2.589176567942157590e+02
1.480230230230230315e-01 2.589195389535808545e+02
1.488988988988989015e-01 2.589214211129458931e+02
1.497747747747747715e-01 2.589233032723109318e+02
1.506506506506506415e-01 2.589251854316760273e+02
1.515265265265265116e-01 2.589270675910411228e+02
1.524024024024024093e-01 2.589289497504061615e+02
1.532782782782782793e-01 2.589308319097712001e+02
1.541541541541541493e-01 2.589327140691362956e+02
1.550300300300300194e-01 2.589343012811260678e+02
1.559059059059059171e-01 2.589355757393650492e+02
1.567817817817817871e-01 2.589369235009047543e+02
1.576576576576576572e-01 2.589382386216784084e+02
1.585335335335335272e-01 2.589395051355558621e+02
1.594094094094093972e-01 2.589407716494333727e+02
1.602852852852852950e-01 2.589420381633108263e+02
1.611611611611611650e-01 2.589433046771883369e+02
1.620370370370370350e-01 2.589445711910657906e+02
1.629129129129129050e-01 2.589458377049433011e+02
1.637887887887887750e-01 2.589471042188207548e+02
1.646646646646646728e-01 2.589483707326982085e+02
1.655405405405405428e-01 2.589496372465757190e+02
1.664164164164164128e-01 2.589509037604531727e+02
1.672922922922922828e-01 2.589521702743306832e+02
1.681681681681681528e-01 2.589534367882081369e+02
1.690440440440440506e-01 2.589547033020855906e+02
1.699199199199199206e-01 2.589559698159631012e+02
1.707957957957957906e-01 2.589571314985209369e+02
1.716716716716716606e-01 2.589582897962611696e+02
1.725475475475475584e-01 2.589594480940014023e+02
1.734234234234234284e-01 2.589606063917416918e+02
1.742992992992992984e-01 2.589617646894818677e+02
1.751751751751751685e-01 2.589629229872221003e+02
1.760510510510510385e-01 2.589640812849623330e+02
1.769269269269269362e-01 2.589652375876580663e+02
1.778028028028028062e-01 2.589663571736098220e+02
1.786786786786786763e-01 2.589674767595615208e+02
1.795545545545545463e-01 2.589685963455132764e+02
1.804304304304304163e-01 2.589697159314649753e+02
1.813063063063063141e-01 2.589708355174166741e+02
1.821821821821821841e-01 2.589719551033683729e+02
1.830580580580580541e-01 2.589730746893201285e+02
1.839339339339339241e-01 2.589740797534776675e+02
1.848098098098098219e-01 2.589745797532002030e+02
1.856856856856856919e-01 2.589746565731022088e+02
1.865615615615615619e-01 2.589742963494911692e+02
1.874374374374374319e-01 2.589739572457009444e+02
1.883133133133133019e-01 2.589736218009707045e+02
1.891891891891891997e-01 2.589732863562404646e+02
1.900650650650650697e-01 2.589729509115102815e+02
1.909409409409409397e-01 2.589726154667800415e+02
1.918168168168168097e-01 2.589722800220498016e+02
1.926926926926926797e-01 2.589719445773196185e+02
1.935685685685685775e-01 2.589716091325893785e+02
1.944444444444444475e-01 2.589712736878591386e+02
1.953203203203203175e-01 2.589709382431288986e+02
1.961961961961961876e-01 2.589706027983987155e+02
1.970720720720720576e-01 2.589702673536684756e+02
1.979479479479479553e-01 2.589699319089382925e+02
1.988238238238238254e-01 2.589695964642080526e+02
1.996996996996996954e-01 2.589692610194778126e+02
2.005755755755755654e-01 2.589689255747475727e+02
2.014514514514514631e-01 2.589685901300173327e+02
2.023273273273273332e-01 2.589682546852871496e+02
2.032032032032032032e-01 2.589679192405569097e+02
2.040790790790790732e-01 2.589675837958266698e+02
2.049549549549549432e-01 2.589673381700461618e+02
2.058308308308308410e-01 2.589673711974663775e+02
2.067067067067067110e-01 2.589674042248865931e+02
2.075825825825825810e-01 2.589674372523068087e+02
2.084584584584584510e-01 2.589674702797270243e+02
2.093343343343343210e-01 2.589674598034973769e+02
2.102102102102102188e-01 2.589672261082291698e+02
2.110860860860860888e-01 2.589669924129609626e+02
2.119619619619619588e-01 2.589667587176927555e+02
2.128378378378378288e-01 2.589665250224245483e+02
2.137137137137136988e-01 2.589662913271563411e+02
2.145895895895895966e-01 2.589660576318881340e+02
2.154654654654654666e-01 2.589658239366199837e+02
2.163413413413413366e-01 2.589655902413517197e+02
2.172172172172172067e-01 2.589653846455530584e+02
2.180930930930931044e-01 2.589652260285286047e+02
2.189689689689689744e-01 2.589650674115042079e+02
2.198448448448448445e-01 2.589649087944798111e+02
2.207207207207207145e-01 2.589647501774554144e+02
2.215965965965965845e-01 2.589645915604310176e+02
2.224724724724724823e-01 2.589644329434065639e+02
2.233483483483483523e-01 2.589642743263821671e+02
2.242242242242242223e-01 2.589641157093577704e+02
2.251001001001000923e-01 2.589639570923333736e+02
2.259759759759759623e-01 2.589637984753089199e+02
2.268518518518518601e-01 2.589636398582845231e+02
2.277277277277277301e-01 2.589634812412601264e+02
2.286036036036036001e-01 2.589633226242357296e+02
2.294794794794794701e-01 2.589631640072113328e+02
2.303553553553553401e-01 2.589630053901868791e+02
2.312312312312312379e-01 2.589628220947876116e+02
2.321071071071071079e-01 2.589621518354380783e+02
2.329829829829829779e-01 2.589607157906360726e+02
2.338588588588588479e-01 2.589592308876831908e+02
2.347347347347347457e-01 2.589577500514015469e+02
2.356106106106106157e-01 2.589557567829010623e+02
2.364864864864864857e-01 2.589537614098519498e+02
2.373623623623623557e-01 2.589517660368029510e+02
2.382382382382382258e-01 2.589497706637538386e+02
2.391141141141141235e-01 2.589477752907047261e+02
2.399899899899899935e-01 2.589457799176557273e+02
2.408658658658658636e-01 2.589437845446066149e+02
2.417417417417417336e-01 2.589417891715575024e+02
2.426176176176176036e-01 2.589397937985084468e+02
2.434934934934935014e-01 2.589377984254593912e+02
2.443693693693693714e-01 2.589358030524102787e+02
2.452452452452452414e-01 2.589338076793612231e+02
2.461211211211211114e-01 2.589318123063121106e+02
2.469969969969969814e-01 2.589298169332630550e+02
2.478728728728728792e-01 2.589278215602139426e+02
2.487487487487487492e-01 2.589258261871648870e+02
2.496246246246246192e-01 2.589238308141158313e+02
2.505005005005004892e-01 2.589218354410667189e+02
2.513763763763763870e-01 2.589195987375228469e+02
2.522522522522522292e-01 2.589173255715079449e+02
2.531281281281281270e-01 2.589150524054931566e+02
2.540040040040040248e-01 2.589127792394783114e+02
2.548798798798798670e-01 2.589105060734634662e+02
2.557557557557557648e-01 2.589082329074486211e+02
2.566316316316316071e-01 2.589053452643556739e+02
2.575075075075075048e-01 2.589022853509227389e+02
2.583833833833834026e-01 2.588992254374898039e+02
2.592592592592592449e-01 2.588961655240568689e+02
2.601351351351351426e-01 2.588931056106238771e+02
2.610110110110109849e-01 2.588900456971909421e+02
2.618868868868868827e-01 2.588869857837580639e+02
2.627627627627627804e-01 2.588839258703250721e+02
2.636386386386386227e-01 2.588808659568921371e+02
2.645145145145145205e-01 2.588777377821481878e+02
2.653903903903903627e-01 2.588739487297208370e+02
2.662662662662662605e-01 2.588701596772934295e+02
2.671421421421421583e-01 2.588663706248660219e+02
2.680180180180180005e-01 2.588625815724386712e+02
2.688938938938938983e-01 2.588587925200112068e+02
2.697697697697697405e-01 2.588550034675837992e+02
2.706456456456456383e-01 2.588512144151563916e+02
2.715215215215215361e-01 2.588474253627289841e+02
2.723973973973973783e-01 2.588436363103015765e+02
2.732732732732732761e-01 2.588394814128374719e+02
2.741491491491491739e-01 2.588352092115260348e+02
2.750250250250250161e-01 2.588309370102145408e+02
2.759009009009009139e-01 2.588266648089030468e+02
2.767767767767767562e-01 2.588223926075916097e+02
2.776526526526526539e-01 2.588181204062801157e+02
2.785285285285285517e-01 2.588138482049686786e+02
2.794044044044043940e-01 2.588095760036571846e+02
2.802802802802802917e-01 2.588053038023456907e+02
2.811561561561561340e-01 2.588010316010341967e+02
2.820320320320320318e-01 2.587967593997227596e+02
2.829079079079079295e-01 2.587924871984112656e+02
2.837837837837837718e-01 2.587882149970997716e+02
2.846596596596596696e-01 2.587839980324658313e+02
2.855355355355355118e-01 2.587796083030301588e+02
2.864114114114114096e-01 2.587749364160289929e+02
2.872872872872873073e-01 2.587695735163978839e+02
2.881631631631631496e-01 2.587641994739650499e+02
2.890390390390390474e-01 2.587588254315322160e+02
2.899149149149148896e-01 2.587534513890994390e+02
2.907907907907907874e-01 2.587480773466666051e+02
2.916666666666666852e-01 2.587426922508431630e+02
2.925425425425425274e-01 2.587372970178519154e+02
2.934184184184184252e-01 2.587319017848606109e+02
2.942942942942942675e-01 2.587265065518693063e+02
2.951701701701701652e-01 2.587211113188780018e+02
2.960460460460460630e-01 2.587157160858866973e+02
2.969219219219219053e-01 2.587103208528954497e+02
2.977977977977978030e-01 2.587049256199040883e+02
2.986736736736736453e-01 2.586995303869128406e+02
2.995495495495495430e-01 2.586940968364925766e+02
3.004254254254254408e-01 2.586886590988593753e+02
3.013013013013012831e-01 2.586832213612261171e+02
3.021771771771771808e-01 2.586777836235929158e+02
3.030530530530530231e-01 2.586723458859596576e+02
3.039289289289289209e-01 2.586669081483264563e+02
3.048048048048048186e-01 2.586614704106931981e+02
3.056806806806806609e-01 2.586560326730599968e+02
3.065565565565565587e-01 2.586505949354267386e+02
3.074324324324324564e-01 2.586451571977935373e+02
3.083083083083082987e-01 2.586397194601603360e+02
3.091841841841841965e-01 2.586342817225270778e+02
3.100600600600600387e-01 2.586286219953884142e+02
3.109359359359359365e-01 2.586227432168341807e+02
3.118118118118118343e-01 2.586168811817002506e+02
3.126876876876876765e-01 2.586110651960059954e+02
3.135635635635635743e-01 2.586049183048427835e+02
3.144394394394394165e-01 2.585983485196719585e+02
3.153153153153153143e-01 2.585917787345010765e+02
3.161911911911912121e-01 2.585852089493301946e+02
3.170670670670670543e-01 2.585786391641593696e+02
3.179429429429429521e-01 2.585720693789884876e+02
3.188188188188187944e-01 2.585654995938176057e+02
3.196946946946946921e-01 2.585589298086467807e+02
3.205705705705705899e-01 2.585523600234758987e+02
3.214464464464464322e-01 2.585457902383050168e+02
3.223223223223223299e-01 2.585392204531341918e+02
3.231981981981981722e-01 2.585326506679633098e+02
3.240740740740740700e-01 2.585260808827924279e+02
3.249499499499499677e-01 2.585195110976215460e+02
3.258258258258258100e-01 2.585129413124506641e+02
3.267017017017017078e-01 2.585063715272798390e+02
3.275775775775775500e-01 2.584998017421089571e+02
3.284534534534534478e-01 2.584932319569381320e+02
3.293293293293293456e-01 2.584866621717671933e+02
3.302052052052051878e-01 2.584800923865963114e+02
3.310810810810810856e-01 2.584735226014254863e+02
3.319569569569569278e-01 2.584669528162546044e+02
3.328328328328328256e-01 2.584603830310837225e+02
3.337087087087087234e-01 2.584538132459128406e+02
3.345845845845845656e-01 2.584472434607420155e+02
3.354604604604604634e-01 2.584406736755711904e+02
3.363363363363363057e-01 2.584341038904003085e+02
3.372122122122122034e-01 2.584275341052294834e+02
3.380880880880881012e-01 2.584209641204594163e+02
3.389639639639639435e-01 2.584143940905219097e+02
3.398398398398398412e-01 2.584078240605843462e+02
3.407157157157157390e-01 2.584012540306467827e+02
3.415915915915915813e-01 2.583946840007092760e+02
3.424674674674674790e-01 2.583881139707717125e+02
3.433433433433433213e-01 2.583808528706837819e+02
3.442192192192192191e-01 2.583728999135098547e+02
3.450950950950951168e-01 2.583648360671553519e+02
3.459709709709709591e-01 2.583567722208008490e+02
3.468468468468468568e-01 2.583487083744464030e+02
3.477227227227226991e-01 2.583406445280919002e+02
3.485985985985985969e-01 2.583325806817373973e+02
3.494744744744744946e-01 2.583245168353828944e+02
3.503503503503503369e-01 2.583164529890284484e+02
3.512262262262262347e-01 2.583083891426739456e+02
3.521021021021020769e-01 2.583003252963194427e+02
3.529779779779779747e-01 2.582922614499649399e+02
3.538538538538538725e-01 2.582841976036104370e+02
3.547297297297297147e-01 2.582761337572559910e+02
3.556056056056056125e-01 2.582680699109014881e+02
3.564814814814814548e-01 2.582600060645469853e+02
3.573573573573573525e-01 2.582519422181925393e+02
3.582332332332332503e-01 2.582438783718379796e+02
3.591091091091090926e-01 2.582358145254835335e+02
3.599849849849849903e-01 2.582277506791290307e+02
3.608608608608608326e-01 2.582196868327745278e+02
3.617367367367367303e-01 2.582116229864200250e+02
3.626126126126126281e-01 2.582039002901257163e+02
3.634884884884884704e-01 2.581962153465027541e+02
3.643643643643643681e-01 2.581885304028798487e+02
3.652402402402402104e-01 2.581808454592568864e+02
3.661161161161161082e-01 2.581731605156340379e+02
3.669919919919920059e-01 2.581646965073286424e+02
3.678678678678678482e-01 2.581562048136368048e+02
3.687437437437437460e-01 2.581477131199450241e+02
3.696196196196196437e-01 2.581392214262531866e+02
3.704954954954954860e-01 2.581307297325613490e+02
3.713713713713713838e-01 2.581222380388695683e+02
3.722472472472472260e-01 2.581137463451777307e+02
3.731231231231231238e-01 2.581052546514858932e+02
3.739989989989990216e-01 2.580967629577941125e+02
3.748748748748748638e-01 2.580882712641022749e+02
3.757507507507507616e-01 2.580797795704104374e+02
3.766266266266266038e-01 2.580712878767186567e+02
3.775025025025025016e-01 2.580627961830267623e+02
3.783783783783783994e-01 2.580543044893349816e+02
3.792542542542542416e-01 2.580458127956432008e+02
3.801301301301301394e-01 2.580372882306202200e+02
3.810060060060059817e-01 2.580284657123240208e+02
3.818818818818818794e-01 2.580196431940278785e+02
3.827577577577577772e-01 2.580107765574750260e+02
3.836336336336336195e-01 2.580016824804720272e+02
3.845095095095095172e-01 2.579925247516348463e+02
3.853853853853853595e-01 2.579833411806708909e+02
3.862612612612612573e-01 2.579741576097069355e+02
3.871371371371371550e-01 2.579649740387429802e+02
3.880130130130129973e-01 2.579557904677790248e+02
3.888888888888888951e-01 2.579466068968150694e+02
3.897647647647647373e-01 2.579369719653540187e+02
3.906406406406406351e-01 2.579271664718889951e+02
3.915165165165165329e-01 2.579173609784239716e+02
3.923923923923923751e-01 2.579075554849589480e+02
3.932682682682682729e-01 2.578977499914939244e+02
3.941441441441441151e-01 2.578879444980289009e+02
3.950200200200200129e-01 2.578781390045638204e+02
3.958958958958959107e-01 2.578683335110988537e+02
3.967717717717717529e-01 2.578582605487520709e+02
3.976476476476476507e-01 2.578465222836301791e+02
3.985235235235234930e-01 2.578347840185082305e+02
3.993993993993993907e-01 2.578230457533863955e+02
4.002752752752752885e-01 2.578113074882644469e+02
4.011511511511511308e-01 2.577995692231425551e+02
4.020270270270270285e-01 2.577878309580206633e+02
4.029029029029029263e-01 2.577760926928987715e+02
4.037787787787787686e-01 2.577643544277768797e+02
4.046546546546546663e-01 2.577526161626549310e+02
4.055305305305305086e-01 2.577408778975330392e+02
4.064064064064064064e-01 2.577291396324111474e+02
4.072822822822823041e-01 2.577174013672891988e+02
4.081581581581581464e-01 2.577056631021673070e+02
4.090340340340340441e-01 2.576939248370454152e+02
4.099099099099098864e-01 2.576821865719235234e+02
4.107857857857857842e-01 2.576704483068016316e+02
4.116616616616616819e-01 2.576587100416796829e+02
4.125375375375375242e-01 2.576469717765577911e+02
4.134134134134134220e-01 2.576352335114358993e+02
4.142892892892892642e-01 2.576234952463140075e+02
4.151651651651651620e-01 2.576117569811921157e+02
4.160410410410410598e-01 2.576000187160702239e+02
4.169169169169169020e-01 2.575882804509482753e+02
4.177927927927927998e-01 2.575768932605964210e+02
4.186686686686686421e-01 2.575655996000646155e+02
4.195445445445445398e-01 2.575543059395326964e+02
4.204204204204204376e-01 2.575430122790008340e+02
4.212962962962962798e-01 2.575317186184690286e+02
4.221721721721721776e-01 2.575204249579371663e+02
4.230480480480480199e-01 2.575087860050534232e+02
4.239239239239239176e-01 2.574963387336174492e+02
4.247997997997998154e-01 2.574838914621815320e+02
4.256756756756756577e-01 2.574715286451668135e+02
4.265515515515515554e-01 2.574593839186007358e+02
4.274274274274273977e-01 2.574470530993099260e+02
4.283033033033032955e-01 2.574342475242290789e+02
4.291791791791791932e-01 2.574214419491482317e+02
4.300550550550550355e-01 2.574086363740673846e+02
4.309309309309309333e-01 2.573958307989865943e+02
4.318068068068067755e-01 2.573830252239057472e+02
4.326826826826826733e-01 2.573702196488249001e+02
4.335585585585585711e-01 2.573574140737440530e+02
4.344344344344344133e-01 2.573446084986632059e+02
4.353103103103103111e-01 2.573318029235824156e+02
4.361861861861862089e-01 2.573189973485015685e+02
4.370620620620620511e-01 2.573061917734207213e+02
4.379379379379379489e-01 2.572933861983398742e+02
4.388138138138137911e-01 2.572805806232590271e+02
4.396896896896896889e-01 2.572677750481782368e+02
4.405655655655655867e-01 2.572549694730973897e+02
4.414414414414414289e-01 2.572421638980165426e+02
4.423173173173173267e-01 2.572293583229356955e+02
4.431931931931931690e-01 2.572164836951549773e+02
4.440690690690690667e-01 2.572034963586953040e+02
4.449449449449449645e-01 2.571905090222356876e+02
4.458208208208208068e-01 2.571775216857760142e+02
4.466966966966967045e-01 2.571641072323498634e+02
4.475725725725725468e-01 2.571508945524161049e+02
4.484484484484484446e-01 2.571377132093170985e+02
4.493243243243243423e-01 2.571245318662180352e+02
4.502002002002001846e-01 2.571113505231189720e+02
4.510760760760760824e-01 2.570981691800199656e+02
4.519519519519519246e-01 2.570849878369209023e+02
4.528278278278278224e-01 2.570718064938218959e+02
4.537037037037037202e-01 2.570586251507228894e+02
4.545795795795795624e-01 2.570452620984219152e+02
4.554554554554554602e-01 2.570318753238797740e+02
4.563313313313313024e-01 2.570184036978274094e+02
4.572072072072072002e-01 2.570044098694264108e+02
4.580830830830830980e-01 2.569904160410254121e+02
4.589589589589589402e-01 2.569764222126244135e+02
4.598348348348348380e-01 2.569624283842234149e+02
4.607107107107106803e-01 2.569484345558224163e+02
4.615865865865865780e-01 2.569344407274214177e+02
4.624624624624624758e-01 2.569204468990204191e+02
4.633383383383383181e-01 2.569064530706193636e+02
4.642142142142142158e-01 2.568924592422183650e+02
4.650900900900901136e-01 2.568784654138173664e+02
4.659659659659659559e-01 2.568644715854163678e+02
4.668418418418418536e-01 2.568504777570153124e+02
4.677177177177176959e-01 2.568364839286143706e+02
4.685935935935935936e-01 2.568224901002133151e+02
4.694694694694694914e-01 2.568084962718123165e+02
4.703453453453453337e-01 2.567945024434112611e+02
4.712212212212212314e-01 2.567805688159913302e+02
4.720970970970970737e-01 2.567668287881888318e+02
4.729729729729729715e-01 2.567530887603863334e+02
4.738488488488488692e-01 2.567393410872500681e+02
4.747247247247247115e-01 2.567247891337819965e+02
4.756006006006006093e-01 2.567102371803138112e+02
4.764764764764764515e-01 2.566956852268457396e+02
4.773523523523523493e-01 2.566811332733776680e+02
4.782282282282282471e-01 2.566665813199095965e+02
4.791041041041040893e-01 2.566520293664414680e+02
4.799799799799799871e-01 2.566374774129733396e+02
4.808558558558558294e-01 2.566229254595052680e+02
4.817317317317317271e-01 2.566083735060371396e+02
4.826076076076076249e-01 2.565938215525690111e+02
4.834834834834834671e-01 2.565792695991009396e+02
4.843593593593593649e-01 2.565647176456328111e+02
4.852352352352352072e-01 2.565501656921647395e+02
4.861111111111111049e-01 2.565356036197513845e+02
4.869869869869870027e-01 2.565209127199111094e+02
4.878628628628628450e-01 2.565062218200708344e+02
4.887387387387387427e-01 2.564915309202306162e+02
4.896146146146145850e-01 2.564764806638062851e+02
4.904904904904904828e-01 2.564607064405130359e+02
4.913663663663663805e-01 2.564449322172197867e+02
4.922422422422422228e-01 2.564291579939265944e+02
4.931181181181181206e-01 2.564133837706333452e+02
4.939939939939939628e-01 2.563976095473400960e+02
4.948698698698698606e-01 2.563818353240468468e+02
4.957457457457457584e-01 2.563660611007536545e+02
4.966216216216216006e-01 2.563502868774604053e+02
4.974974974974974984e-01 2.563345897898296926e+02
4.983733733733733962e-01 2.563179560860789934e+02
4.992492492492492384e-01 2.563003171758680310e+02
5.001251251251250807e-01 2.562825712896366213e+02
5.010010010010009784e-01 2.562648254034052684e+02
5.018768768768768762e-01 2.562470795171739155e+02
5.027527527527527740e-01 2.562293336309426195e+02
5.036286286286286717e-01 2.562115877447112098e+02
5.045045045045044585e-01 2.561938418584799138e+02
5.053803803803803563e-01 2.561760959722485040e+02
5.062562562562562540e-01 2.561583500860171512e+02
5.071321321321321518e-01 2.561406041997857983e+02
5.080080080080080496e-01 2.561228583135544454e+02
5.088838838838838363e-01 2.561051124273230926e+02
5.097597597597597341e-01 2.560873665410917397e+02
5.106356356356356319e-01 2.560696206548603868e+02
5.115115115115115296e-01 2.560518747686290340e+02
5.123873873873874274e-01 2.560341288823976811e+02
5.132632632632632141e-01 2.560163829961663282e+02
5.141391391391391119e-01 2.559986371099349469e+02
5.150150150150150097e-01 2.559808912237036225e+02
5.158908908908909074e-01 2.559631453374722696e+02
5.167667667667668052e-01 2.559453994512408883e+02
5.176426426426425920e-01 2.559276535650095639e+02
5.185185185185184897e-01 2.559099076787781541e+02
5.193943943943943875e-01 2.558921617925468013e+02
5.202702702702702853e-01 2.558747688744714708e+02
5.211461461461461830e-01 2.558575781507764475e+02
5.220220220220219698e-01 2.558403874270814526e+02
5.228978978978978676e-01 2.558229983176253199e+02
5.237737737737737653e-01 2.558049156440610261e+02
5.246496496496496631e-01 2.557868329704966754e+02
5.255255255255255609e-01 2.557687502969323248e+02
5.264014014014013476e-01 2.557506494364712069e+02
5.272772772772772454e-01 2.557321919052799046e+02
5.281531531531531432e-01 2.557136884034553361e+02
5.290290290290290409e-01 2.556950310404486970e+02
5.299049049049049387e-01 2.556763056518913970e+02
5.307807807807807254e-01 2.556571523062550853e+02
5.316566566566566232e-01 2.556379989606187451e+02
5.325325325325325210e-01 2.556188456149824617e+02
5.334084084084084187e-01 2.555996922693461499e+02
5.342842842842843165e-01 2.555805389237098382e+02
5.351601601601601033e-01 2.555613855780735548e+02
5.360360360360360010e-01 2.555422322324372431e+02
5.369119119119118988e-01 2.555230788868009313e+02
5.377877877877877966e-01 2.555039255411646195e+02
5.386636636636636943e-01 2.554847721955283077e+02
5.395395395395394811e-01 2.554656188498920244e+02
5.404154154154153789e-01 2.554464655042556842e+02
5.412912912912912766e-01 2.554273121586193724e+02
5.421671671671671744e-01 2.554081588129830607e+02
5.430430430430430722e-01 2.553890054673467489e+02
5.439189189189188589e-01 2.553698521217104371e+02
5.447947947947947567e-01 2.553506987760741538e+02
5.456706706706706544e-01 2.553315454304378420e+02
5.465465465465465522e-01 2.553123920848015587e+02
5.474224224224224500e-01 2.552932387391652469e+02
5.482982982982983478e-01 2.552740853935289351e+02
5.491741741741741345e-01 2.552549320478925949e+02
5.500500500500500323e-01 2.552357596078298059e+02
5.509259259259259300e-01 2.552164802086907684e+02
5.518018018018018278e-01 2.551972008095517026e+02
5.526776776776777256e-01 2.551779214104126368e+02
5.535535535535535123e-01 2.551586420112735709e+02
5.544294294294294101e-01 2.551394149541929437e+02
5.553053053053053079e-01 2.551200486623167762e+02
5.561811811811812056e-01 2.551004796092942399e+02
5.570570570570571034e-01 2.550809105562717036e+02
5.579329329329328901e-01 2.550612008009663327e+02
5.588088088088087879e-01 2.550414287020832376e+02
5.596846846846846857e-01 2.550216566032001424e+02
5.605605605605605835e-01 2.550018845043170472e+02
5.614364364364364812e-01 2.549821124054339521e+02
5.623123123123122680e-01 2.549623403065508569e+02
5.631881881881881657e-01 2.549425682076677901e+02
5.640640640640640635e-01 2.549227961087847234e+02
5.649399399399399613e-01 2.549030240099015998e+02
5.658158158158158590e-01 2.548833240672244074e+02
5.666916916916916458e-01 2.548637891451416522e+02
5.675675675675675436e-01 2.548442542230589254e+02
5.684434434434434413e-01 2.548247193009761702e+02
5.693193193193193391e-01 2.548051843788934150e+02
5.701951951951952369e-01 2.547856494568106882e+02
5.710710710710710236e-01 2.547661145347279330e+02
5.719469469469469214e-01 2.547465796126451778e+02
5.728228228228228192e-01 2.547270446905624226e+02
5.736986986986987169e-01 2.547075097684796674e+02
5.745745745745746147e-01 2.546879748463969690e+02
5.754504504504504014e-01 2.546684399243141854e+02
5.763263263263262992e-01 2.546489050022314586e+02
5.772022022022021970e-01 2.546293700801487034e+02
5.780780780780780947e-01 2.546098351580659482e+02
5.789539539539539925e-01 2.545903002359832215e+02
5.798298298298297793e-01 2.545707653139004947e+02
5.807057057057056770e-01 2.545510321719897888e+02
5.815815815815815748e-01 2.545312635987473016e+02
5.824574574574574726e-01 2.545114950255048143e+02
5.833333333333333703e-01 2.544917264522623270e+02
5.842092092092091571e-01 2.544719703624349734e+02
5.850850850850850549e-01 2.544522883511969553e+02
5.859609609609609526e-01 2.544326063399589088e+02
5.868368368368368504e-01 2.544129243287208624e+02
5.877127127127127482e-01 2.543932423174828727e+02
5.885885885885885349e-01 2.543735603062448547e+02
5.894644644644644327e-01 2.543538653427710301e+02
5.903403403403403304e-01 2.543341686503443384e+02
5.912162162162162282e-01 2.543144719579176467e+02
5.920920920920921260e-01 2.542947752654909550e+02
5.929679679679679127e-01 2.542749545219547826e+02
5.938438438438438105e-01 2.542544228700226370e+02
5.947197197197197083e-01 2.542338912180906050e+02
5.955955955955956060e-01 2.542133595661584877e+02
5.964714714714715038e-01 2.541928279142264273e+02
5.973473473473472906e-01 2.541722962622943669e+02
5.982232232232231883e-01 2.541517646103622496e+02
5.990990990990990861e-01 2.541312329584302461e+02
5.999749749749749839e-01 2.541107013064981288e+02
6.008508508508508816e-01 2.540901696545660684e+02
6.017267267267266684e-01 2.540696380026340080e+02
6.026026026026025662e-01 2.540491063507018907e+02
6.034784784784784639e-01 2.540282108580003069e+02
6.043543543543543617e-01 2.540072762127506394e+02
6.052302302302302595e-01 2.539863415675010003e+02
6.061061061061060462e-01 2.539654069222513328e+02
6.069819819819819440e-01 2.539444722770017222e+02
6.078578578578578417e-01 2.539235376317520831e+02
6.087337337337337395e-01 2.539026029865024157e+02
6.096096096096096373e-01 2.538816683412527766e+02
6.104854854854855351e-01 2.538604447050531405e+02
6.113613613613613218e-01 2.538386360965544100e+02
6.122372372372372196e-01 2.538168274880557078e+02
6.131131131131131173e-01 2.537950188795569488e+02
6.139889889889890151e-01 2.537732102710582467e+02
6.148648648648649129e-01 2.537514016625594877e+02
6.157407407407406996e-01 2.537295930540607856e+02
6.166166166166165974e-01 2.537077844455620834e+02
6.174924924924924952e-01 2.536859758370633529e+02
6.183683683683683929e-01 2.536643187145030254e+02
6.192442442442442907e-01 2.536429483923095916e+02
6.201201201201200774e-01 2.536215780701161577e+02
6.209959959959959752e-01 2.536001402175230339e+02
6.218718718718718730e-01 2.535782458722382842e+02
6.227477477477477708e-01 2.535563515269535628e+02
6.236236236236236685e-01 2.535344571816688983e+02
6.244994994994994553e-01 2.535125628363841486e+02
6.253753753753753530e-01 2.534906684910994841e+02
6.262512512512512508e-01 2.534683422439227343e+02
6.271271271271271486e-01 2.534461637240388256e+02
6.280030030030030463e-01 2.534237230219017647e+02
6.288788788788788331e-01 2.534012119324893035e+02
6.297547547547547309e-01 2.533787008430768140e+02
6.306306306306306286e-01 2.533561897536643812e+02
6.315065065065065264e-01 2.533336786642519201e+02
6.323823823823824242e-01 2.533111675748394305e+02
6.332582582582582109e-01 2.532886564854269977e+02
6.341341341341341087e-01 2.532660928815178352e+02
6.350100100100100065e-01 2.532434830629767362e+02
6.358858858858859042e-01 2.532208732444356656e+02
6.367617617617618020e-01 2.531982634258945950e+02
6.376376376376375887e-01 2.531756536073535244e+02
6.385135135135134865e-01 2.531530437888124538e+02
6.393893893893893843e-01 2.531304339702713833e+02
6.402652652652652820e-01 2.531078241517303127e+02
6.411411411411411798e-01 2.530852143331892421e+02
6.420170170170169666e-01 2.530626045146481715e+02
6.428928928928928643e-01 2.530400835263586146e+02
6.437687687687687621e-01 2.530175781730322058e+02
6.446446446446446599e-01 2.529952049853137623e+02
6.455205205205205576e-01 2.529733403057210239e+02
6.463963963963963444e-01 2.529514756261283424e+02
6.472722722722722422e-01 2.529296109465356039e+02
6.481481481481481399e-01 2.529077462669428655e+02
6.490240240240240377e-01 2.528858815873501840e+02
6.498998998998999355e-01 2.528640169077574740e+02
6.507757757757757222e-01 2.528421522281647356e+02
6.516516516516516200e-01 2.528202875485720540e+02
6.525275275275275177e-01 2.527984228689793440e+02
6.534034034034034155e-01 2.527764836030365245e+02
6.542792792792793133e-01 2.527541277001105300e+02
6.551551551551551000e-01 2.527313388435391062e+02
6.560310310310309978e-01 2.527085499869676823e+02
6.569069069069068956e-01 2.526857611303962585e+02
6.577827827827827933e-01 2.526629722738248347e+02
6.586586586586586911e-01 2.526401834172533825e+02
6.595345345345344779e-01 2.526173945606819586e+02
6.604104104104103756e-01 2.525946057041105064e+02
6.612862862862862734e-01 2.525718168475390826e+02
6.621621621621621712e-01 2.525490279909676588e+02
6.630380380380380689e-01 2.525262391343962349e+02
6.639139139139138557e-01 2.525034502778247827e+02
6.647897897897897534e-01 2.524790609721539454e+02
6.656656656656656512e-01 2.524546463747036000e+02
6.665415415415415490e-01 2.524302317772532263e+02
6.674174174174174468e-01 2.524058171798028525e+02
6.682932932932932335e-01 2.523814025823525071e+02
6.691691691691691313e-01 2.523569879849021618e+02
6.700450450450450290e-01 2.523325733874517880e+02
6.709209209209209268e-01 2.523081587900014142e+02
6.717967967967968246e-01 2.522837441925510120e+02
6.726726726726726113e-01 2.522593295951006667e+02
6.735485485485485091e-01 2.522349437069767077e+02
6.744244244244244069e-01 2.522106583000467026e+02
6.753003003003003046e-01 2.521863728931166690e+02
6.761761761761762024e-01 2.521620874861866639e+02
6.770520520520521002e-01 2.521378020792566588e+02
6.779279279279278869e-01 2.521135166723266252e+02
6.788038038038037847e-01 2.520892312653966485e+02
6.796796796796796825e-01 2.520649458584666149e+02
6.805555555555555802e-01 2.520406824893204316e+02
6.814314314314314780e-01 2.520164759759173307e+02
6.823073073073072647e-01 2.519922694625142299e+02
6.831831831831831625e-01 2.519680629491111574e+02
6.840590590590590603e-01 2.519438564357080850e+02
6.849349349349349581e-01 2.519196499223050125e+02
6.858108108108108558e-01 2.518954434089018832e+02
6.866866866866866426e-01 2.518712368954988108e+02
6.875625625625625403e-01 2.518470303820957099e+02
6.884384384384384381e-01 2.518228238686926375e+02
6.893143143143143359e-01 2.517986173552895366e+02
6.901901901901902336e-01 2.517745710367902063e+02
6.910660660660660204e-01 2.517507886278432920e+02
6.919419419419419182e-01 2.517270062188963209e+02
6.928178178178178159e-01 2.517032238099493497e+02
6.936936936936937137e-01 2.516794414010023502e+02
6.945695695695696115e-01 2.516556589920554075e+02
6.954454454454453982e-01 2.516318765831084079e+02
6.963213213213212960e-01 2.516080941741614652e+02
6.971971971971971938e-01 2.515843117652145224e+02
6.980730730730730915e-01 2.515606596049400991e+02
6.989489489489489893e-01 2.515371809852384217e+02
6.998248248248247760e-01 2.515134893546411945e+02
7.007007007007006738e-01 2.514897977240439104e+02
7.015765765765765716e-01 2.514661060934466832e+02
7.024524524524524693e-01 2.514424144628493991e+02
7.033283283283283671e-01 2.514187228322521719e+02
7.042042042042041539e-01 2.513950312016549447e+02
7.050800800800800516e-01 2.513713395710576606e+02
7.059559559559559494e-01 2.513476341476589653e+02
7.068318318318318472e-01 2.513239133063920008e+02
7.077077077077077449e-01 2.513001924651250363e+02
7.085835835835835317e-01 2.512764716238580718e+02
7.094594594594594295e-01 2.512527507825911073e+02
7.103353353353353272e-01 2.512290299413241144e+02
7.112112112112112250e-01 2.512053091000571499e+02
7.120870870870871228e-01 2.511815882587901569e+02
7.129629629629629095e-01 2.511578674175232209e+02
7.138388388388388073e-01 2.511341465762562564e+02
7.147147147147147050e-01 2.511104052114457659e+02
7.155905905905906028e-01 2.510866498695735345e+02
7.164664664664665006e-01 2.510628945277013031e+02
7.173423423423422873e-01 2.510391391858290717e+02
7.182182182182181851e-01 2.510153838439568119e+02
7.190940940940940829e-01 2.509916285020845521e+02
7.199699699699699806e-01 2.509678731602123207e+02
7.208458458458458784e-01 2.509441178183400609e+02
7.217217217217216652e-01 2.509203624764678295e+02
7.225975975975975629e-01 2.508964880355320020e+02
7.234734734734734607e-01 2.508725373782999100e+02
7.243493493493493585e-01 2.508485867210678180e+02
7.252252252252252562e-01 2.508245961422107086e+02
7.261011011011010430e-01 2.508004077922061015e+02
7.269769769769769407e-01 2.507762194422015227e+02
7.278528528528528385e-01 2.507520310921969440e+02
7.287287287287287363e-01 2.507278427421923652e+02
7.296046046046046341e-01 2.507036543921877865e+02
7.304804804804804208e-01 2.506794660421831509e+02
7.313563563563563186e-01 2.506552776921785721e+02
7.322322322322322163e-01 2.506310893421739934e+02
7.331081081081081141e-01 2.506069009921693862e+02
7.339839839839840119e-01 2.505827126421648074e+02
7.348598598598597986e-01 2.505585242921602571e+02
7.357357357357356964e-01 2.505343359421556215e+02
7.366116116116115942e-01 2.505101475921510428e+02
7.374874874874874919e-01 2.504859592421464356e+02
7.383633633633633897e-01 2.504617708921418853e+02
7.392392392392392875e-01 2.504375825421372497e+02
7.401151151151150742e-01 2.504133941921326709e+02
7.409909909909909720e-01 2.503892058421281206e+02
7.418668668668668698e-01 2.503650046623134813e+02
7.427427427427427675e-01 2.503407859222173784e+02
7.436186186186186653e-01 2.503165671821213323e+02
7.444944944944944520e-01 2.502921494873753829e+02
7.453703703703703498e-01 2.502671284259679965e+02
7.462462462462462476e-01 2.502421073645605816e+02
7.471221221221221453e-01 2.502170863031531951e+02
7.479979979979980431e-01 2.501921370611111115e+02
7.488738738738738299e-01 2.501679469540436003e+02
7.497497497497497276e-01 2.501437568469760606e+02
7.506256256256256254e-01 2.501196706821918667e+02
7.515015015015015232e-01 2.500957689778444717e+02
7.523773773773774209e-01 2.500718672734970482e+02
7.532532532532532077e-01 2.500479655691496532e+02
7.541291291291291055e-01 2.500240638648022582e+02
7.550050050050050032e-01 2.500001621604548063e+02
7.558808808808809010e-01 2.499762604561074397e+02
7.567567567567567988e-01 2.499523587517600163e+02
7.576326326326325855e-01 2.499284570474126213e+02
7.585085085085084833e-01 2.499045553430652262e+02
7.593843843843843811e-01 2.498806536387178312e+02
7.602602602602602788e-01 2.498567519343703793e+02
7.611361361361361766e-01 2.498328502300230411e+02
7.620120120120119633e-01 2.498089485256756177e+02
7.628878878878878611e-01 2.497850468213281943e+02
7.637637637637637589e-01 2.497615275656626750e+02
7.646396396396396566e-01 2.497381985804385636e+02
7.655155155155155544e-01 2.497148695952144806e+02
7.663913913913913412e-01 2.496915406099903976e+02
7.672672672672672389e-01 2.496682116247663430e+02
7.681431431431431367e-01 2.496444256923082321e+02
7.690190190190190345e-01 2.496203435127609964e+02
7.698948948948949322e-01 2.495962613332137607e+02
7.707707707707707190e-01 2.495721791536665251e+02
7.716466466466466168e-01 2.495480969741192894e+02
7.725225225225225145e-01 2.495240147945720537e+02
7.733983983983984123e-01 2.494999326150248180e+02
7.742742742742743101e-01 2.494758504354775539e+02
7.751501501501500968e-01 2.494517682559303466e+02
7.760260260260259946e-01 2.494276860763831110e+02
7.769019019019018923e-01 2.494036038968358469e+02
7.777777777777777901e-01 2.493795217172885827e+02
7.786536536536536879e-01 2.493554395377413755e+02
7.795295295295294746e-01 2.493313573581941398e+02
7.804054054054053724e-01 2.493072751786468757e+02
7.812812812812812702e-01 2.492831929990996400e+02
7.821571571571571679e-01 2.492591108195524043e+02
7.830330330330330657e-01 2.492350408368552337e+02
7.839089089089088525e-01 2.492111721413217538e+02
7.847847847847847502e-01 2.491873034457883307e+02
7.856606606606606480e-01 2.491634353592223761e+02
7.865365365365365458e-01 2.491395701258316251e+02
7.874124124124124435e-01 2.491157048924409025e+02
7.882882882882882303e-01 2.490918396590501516e+02
7.891641641641641280e-01 2.490679744256594290e+02
7.900400400400400258e-01 2.490438165819514893e+02
7.909159159159159236e-01 2.490196114050258984e+02
7.917917917917918214e-01 2.489948485313580591e+02
7.926676676676676081e-01 2.489699615071319272e+02
7.935435435435435059e-01 2.489450744829057953e+02
7.944194194194194036e-01 2.489201874586796066e+02
7.952952952952953014e-01 2.488953004344534747e+02
7.961711711711711992e-01 2.488704134102272860e+02
7.970470470470469859e-01 2.488455263860011542e+02
7.979229229229228837e-01 2.488206393617749654e+02
7.987987987987987815e-01 2.487957523375488336e+02
7.996746746746746792e-01 2.487708653133227017e+02
8.005505505505505770e-01 2.487459782890965130e+02
8.014264264264264748e-01 2.487210912648703527e+02
8.023023023023022615e-01 2.486962042406441924e+02
8.031781781781781593e-01 2.486713172164180605e+02
8.040540540540540571e-01 2.486464301921919002e+02
8.049299299299299548e-01 2.486215431679657399e+02
8.058058058058058526e-01 2.485966561437396081e+02
8.066816816816816393e-01 2.485717691195134194e+02
8.075575575575575371e-01 2.485468820952872875e+02
8.084334334334334349e-01 2.485219950710610988e+02
8.093093093093093326e-01 2.484971080468349385e+02
8.101851851851852304e-01 2.484722210226088066e+02
8.110610610610610172e-01 2.484473329584368173e+02
8.119369369369369149e-01 2.484223307908362415e+02
8.128128128128128127e-01 2.483977469097787321e+02
8.136886886886887105e-01 2.483731771811877138e+02
8.145645645645646082e-01 2.483486074525967240e+02
8.154404404404403950e-01 2.483240377240056773e+02
8.163163163163162928e-01 2.482994679954146306e+02
8.171921921921921905e-01 2.482748982668236408e+02
8.180680680680680883e-01 2.482503297093917638e+02
8.189439439439439861e-01 2.482257802951561700e+02
8.198198198198197728e-01 2.482012308809205763e+02
8.206956956956956706e-01 2.481766814666849825e+02
8.215715715715715683e-01 2.481521994038898242e+02
8.224474474474474661e-01 2.481277465569948504e+02
8.233233233233233639e-01 2.481032937100999050e+02
8.241991991991991506e-01 2.480788408632049311e+02
8.250750750750750484e-01 2.480543880163099857e+02
8.259509509509509462e-01 2.480299351694150118e+02
8.268268268268268439e-01 2.480054823225200380e+02
8.277027027027027417e-01 2.479810294756250926e+02
8.285785785785785285e-01 2.479565766287301471e+02
8.294544544544544262e-01 2.479321400169936283e+02
8.303303303303303240e-01 2.479077455052174628e+02
8.312062062062062218e-01 2.478833509934413541e+02
8.320820820820821195e-01 2.478589564816652171e+02
8.329579579579579063e-01 2.478345619698890800e+02
8.338338338338338041e-01 2.478100519927767209e+02
8.347097097097097018e-01 2.477852892163351726e+02
8.355855855855855996e-01 2.477605264398936242e+02
8.364614614614614974e-01 2.477357636634520759e+02
8.373373373373372841e-01 2.477108923896939245e+02
8.382132132132131819e-01 2.476854391782107143e+02
8.390890890890890796e-01 2.476599859667274472e+02
8.399649649649649774e-01 2.476345327552442086e+02
8.408408408408408752e-01 2.476090795437609700e+02
8.417167167167166619e-01 2.475836263322777029e+02
8.425925925925925597e-01 2.475581731207944358e+02
8.434684684684684575e-01 2.475327199093112540e+02
8.443443443443443552e-01 2.475072666978279585e+02
8.452202202202202530e-01 2.474818134863447199e+02
8.460960960960960398e-01 2.474563602748614528e+02
8.469719719719719375e-01 2.474309070633782426e+02
8.478478478478478353e-01 2.474062953434520864e+02
8.487237237237237331e-01 2.473818767272527168e+02
8.495995995995996308e-01 2.473574581110533472e+02
8.504754754754754176e-01 2.473330394948539492e+02
8.513513513513513153e-01 2.473086208786545797e+02
8.522272272272272131e-01 2.472842022624551532e+02
8.531031031031031109e-01 2.472597836462558121e+02
8.539789789789790087e-01 2.472353650300564709e+02
8.548548548548547954e-01 2.472109464138570445e+02
8.557307307307306932e-01 2.471865277976576749e+02
8.566066066066065909e-01 2.471621091814582769e+02
8.574824824824824887e-01 2.471376905652589073e+02
8.583583583583583865e-01 2.471132719490595377e+02
8.592342342342341732e-01 2.470888533328601397e+02
8.601101101101100710e-01 2.470644347166607986e+02
8.609859859859859688e-01 2.470400161004614006e+02
8.618618618618618665e-01 2.470155974842620026e+02
8.627377377377377643e-01 2.469911788680626330e+02
8.636136136136135510e-01 2.469667602518632634e+02
8.644894894894894488e-01 2.469423416356638654e+02
8.653653653653653466e-01 2.469179651194572784e+02
8.662412412412412444e-01 2.468935944147542614e+02
8.671171171171171421e-01 2.468692237100512443e+02
8.679929929929930399e-01 2.468448530053482273e+02
8.688688688688688266e-01 2.468204823006452386e+02
8.697447447447447244e-01 2.467961115959422500e+02
8.706206206206206222e-01 2.467717408912391761e+02
8.714964964964965199e-01 2.467473701865361591e+02
8.723723723723724177e-01 2.467229994818331988e+02
8.732482482482482045e-01 2.466986287771301818e+02
8.741241241241241022e-01 2.466742961906279561e+02
8.750000000000000000e-01 2.466500000000000341e+02
