LineProbe
number of points: 1000 (fixed)
point 0: [0. 0. 0.]
point 1: [0.1023 0.     0.    ]
-----

# T 1000
0.000000000000000000e+00 2.540273050310116218e+02
1.024024024024024014e-04 2.540275926147826340e+02
2.048048048048048029e-04 2.540278801985535608e+02
3.072072072072072179e-04 2.540281677823245730e+02
4.096096096096096058e-04 2.540284553660954998e+02
5.120120120120119937e-04 2.540287429498665119e+02
6.144144144144144358e-04 2.540290305336374672e+02
7.168168168168167695e-04 2.540293181174084509e+02
8.192192192192192116e-04 2.540296057011794346e+02
9.216216216216216537e-04 2.540298932849503899e+02
1.024024024024023987e-03 2.540301808687213736e+02
1.126426426426426321e-03 2.540304684524923573e+02
1.228828828828828872e-03 2.540307560362633126e+02
1.331231231231231205e-03 2.540310436200342963e+02
1.433633633633633539e-03 2.540313312038052800e+02
1.536036036036036089e-03 2.540316187875762353e+02
1.638438438438438423e-03 2.540319063713472474e+02
1.740840840840840757e-03 2.540321939551181742e+02
1.843243243243243307e-03 2.540324815388891295e+02
1.945645645645645641e-03 2.540327691226601132e+02
2.048048048048047975e-03 2.540330567064311253e+02
2.150450450450450308e-03 2.540333442902020806e+02
2.252852852852852642e-03 2.540336318739730359e+02
2.355255255255255410e-03 2.540339206082277883e+02
2.457657657657657743e-03 2.540342108886026153e+02
2.560060060060060077e-03 2.540345011689774992e+02
2.662462462462462411e-03 2.540347914493522694e+02
2.764864864864864744e-03 2.540350817297270964e+02
2.867267267267267078e-03 2.540353720101019803e+02
2.969669669669669845e-03 2.540356622904767789e+02
3.072072072072072179e-03 2.540359525708516060e+02
3.174474474474474513e-03 2.540362428512264330e+02
3.276876876876876846e-03 2.540365331316012600e+02
3.379279279279279180e-03 2.540368234119761155e+02
3.481681681681681514e-03 2.540371136923509141e+02
3.584084084084083847e-03 2.540374039727257696e+02
3.686486486486486615e-03 2.540376942531005682e+02
3.788888888888888948e-03 2.540379845334754236e+02
3.891291291291291282e-03 2.540382748138502222e+02
3.993693693693694050e-03 2.540385650942250493e+02
4.096096096096095950e-03 2.540388541834631724e+02
4.198498498498498717e-03 2.540391425476614131e+02
4.300900900900900617e-03 2.540394309118596539e+02
4.403303303303303384e-03 2.540397192760578378e+02
4.505705705705705284e-03 2.540400076402561353e+02
4.608108108108108052e-03 2.540402960044543192e+02
4.710510510510510819e-03 2.540405797063066586e+02
4.812912912912912719e-03 2.540408626987565412e+02
4.915315315315315486e-03 2.540410949214995071e+02
5.017717717717717386e-03 2.540412365870426470e+02
5.120120120120120154e-03 2.540413782525857016e+02
5.222522522522522054e-03 2.540415199181287846e+02
5.324924924924924821e-03 2.540416615836718961e+02
5.427327327327327589e-03 2.540418032492149791e+02
5.529729729729729489e-03 2.540419449147580053e+02
5.632132132132132256e-03 2.540420865803010884e+02
5.734534534534534156e-03 2.540422444692479189e+02
5.836936936936936923e-03 2.540424068266851805e+02
5.939339339339339691e-03 2.540425691841224420e+02
6.041741741741741591e-03 2.540427315415597604e+02
6.144144144144144358e-03 2.540428938989969936e+02
6.246546546546546258e-03 2.540430562564342836e+02
6.348948948948949025e-03 2.540432186138715451e+02
6.451351351351350925e-03 2.540433809713088067e+02
6.553753753753753693e-03 2.540435433287460683e+02
6.656156156156156460e-03 2.540437056861833298e+02
6.758558558558558360e-03 2.540438680436205914e+02
6.860960960960961127e-03 2.540440304010578529e+02
6.963363363363363027e-03 2.540441927584951145e+02
7.065765765765765795e-03 2.540443551159323761e+02
7.168168168168167695e-03 2.540445174733696376e+02
7.270570570570570462e-03 2.540446798308068992e+02
7.372972972972973230e-03 2.540448421882441608e+02
7.475375375375375130e-03 2.540450045456814223e+02
7.577777777777777897e-03 2.540451669031186270e+02
7.680180180180179797e-03 2.540453292605559454e+02
7.782582582582582564e-03 2.540454916179932638e+02
7.884984984984985332e-03 2.540456539754304686e+02
7.987387387387388099e-03 2.540458163328677870e+02
8.089789789789789132e-03 2.540459786903049917e+02
8.192192192192191899e-03 2.540461410477422532e+02
8.294594594594594666e-03 2.540463034051795148e+02
8.396996996996997434e-03 2.540464657626168332e+02
8.499399399399398466e-03 2.540466281200540664e+02
8.601801801801801234e-03 2.540467904774913279e+02
8.704204204204204001e-03 2.540469528349285895e+02
8.806606606606606769e-03 2.540471151923658510e+02
8.909009009009009536e-03 2.540472775498031410e+02
9.011411411411410569e-03 2.540474281206716967e+02
9.113813813813813336e-03 2.540474665473368248e+02
9.216216216216216103e-03 2.540475049740019529e+02
9.318618618618618871e-03 2.540475434006670810e+02
9.421021021021021638e-03 2.540475818273321806e+02
9.523423423423422671e-03 2.540476202539972803e+02
9.625825825825825438e-03 2.540476586806624368e+02
9.728228228228228205e-03 2.540476971073275365e+02
9.830630630630630973e-03 2.540477355339926362e+02
9.933033033033033740e-03 2.540477739606578211e+02
1.003543543543543477e-02 2.540478123873229208e+02
1.013783783783783754e-02 2.540478508139880489e+02
1.024024024024024031e-02 2.540478892406531486e+02
1.034264264264264307e-02 2.540479276673182483e+02
1.044504504504504411e-02 2.540479660939833479e+02
1.054744744744744687e-02 2.540480045206485045e+02
1.064984984984984964e-02 2.540480429473136041e+02
1.075225225225225241e-02 2.540480813739787322e+02
1.085465465465465518e-02 2.540481198006438603e+02
1.095705705705705621e-02 2.540481582273089884e+02
1.105945945945945898e-02 2.540481966539741165e+02
1.116186186186186174e-02 2.540482350806392446e+02
1.126426426426426451e-02 2.540482735073043159e+02
1.136666666666666728e-02 2.540483119339694724e+02
1.146906906906906831e-02 2.540483503606345721e+02
1.157147147147147108e-02 2.540483887872997002e+02
1.167387387387387385e-02 2.540484272139648283e+02
1.177627627627627661e-02 2.540484656406299564e+02
1.187867867867867938e-02 2.540485040672950845e+02
1.198108108108108041e-02 2.540485424939601842e+02
1.208348348348348318e-02 2.540485809206252839e+02
1.218588588588588595e-02 2.540486193472904120e+02
1.228828828828828872e-02 2.540486577739555401e+02
1.239069069069068975e-02 2.540486962006206397e+02
1.249309309309309252e-02 2.540487187056701259e+02
1.259549549549549528e-02 2.540487293060448621e+02
1.269789789789789805e-02 2.540486853476845965e+02
1.280030030030030082e-02 2.540486307090468188e+02
1.290270270270270185e-02 2.540485778142354150e+02
1.300510510510510462e-02 2.540485345640454966e+02
1.310750750750750739e-02 2.540484913138555498e+02
1.320990990990991015e-02 2.540484480636656599e+02
1.331231231231231292e-02 2.540484048134757415e+02
1.341471471471471395e-02 2.540483615632857948e+02
1.351711711711711672e-02 2.540483183130959048e+02
1.361951951951951949e-02 2.540482750629059581e+02
1.372192192192192225e-02 2.540482318127160681e+02
1.382432432432432502e-02 2.540481885625261214e+02
1.392672672672672605e-02 2.540481453123361746e+02
1.402912912912912882e-02 2.540481020621462847e+02
1.413153153153153159e-02 2.540480588119563379e+02
1.423393393393393436e-02 2.540480155617664195e+02
1.433633633633633539e-02 2.540479723115765012e+02
1.443873873873873816e-02 2.540479290613865828e+02
1.454114114114114092e-02 2.540478858111966645e+02
1.464354354354354369e-02 2.540478425610067461e+02
1.474594594594594646e-02 2.540477993108168278e+02
1.484834834834834749e-02 2.540477560606269094e+02
1.495075075075075026e-02 2.540477128104370195e+02
1.505315315315315303e-02 2.540476695602470727e+02
1.515555555555555579e-02 2.540476263100571259e+02
1.525795795795795856e-02 2.540475830598672360e+02
1.536036036036035959e-02 2.540475398096772892e+02
1.546276276276276236e-02 2.540474965594873993e+02
1.556516516516516513e-02 2.540474533092974809e+02
1.566756756756756616e-02 2.540474100591075342e+02
1.576996996996997066e-02 2.540473025690329507e+02
1.587237237237237170e-02 2.540471883425997817e+02
1.597477477477477620e-02 2.540470741161666410e+02
1.607717717717717723e-02 2.540469598897335572e+02
1.617957957957957826e-02 2.540468456633003882e+02
1.628198198198198277e-02 2.540467314368672760e+02
1.638438438438438380e-02 2.540466172104341354e+02
1.648678678678678830e-02 2.540465029840009663e+02
1.658918918918918933e-02 2.540463887575678541e+02
1.669159159159159037e-02 2.540462745311346850e+02
1.679399399399399487e-02 2.540461603047015444e+02
1.689639639639639590e-02 2.540460355765214615e+02
1.699879879879879693e-02 2.540459009427237049e+02
1.710120120120120144e-02 2.540457663089259199e+02
1.720360360360360247e-02 2.540456316751281634e+02
1.730600600600600697e-02 2.540454928366969796e+02
1.740840840840840800e-02 2.540453329625846095e+02
1.751081081081080904e-02 2.540451730884722679e+02
1.761321321321321354e-02 2.540450132143599262e+02
1.771561561561561457e-02 2.540448533402475846e+02
1.781801801801801907e-02 2.540446934661352145e+02
1.792042042042042010e-02 2.540445335920229013e+02
1.802282282282282114e-02 2.540443737179105597e+02
1.812522522522522564e-02 2.540442138437981896e+02
1.822762762762762667e-02 2.540440539696858195e+02
1.833003003003003117e-02 2.540438940955734779e+02
1.843243243243243221e-02 2.540437342214611363e+02
1.853483483483483324e-02 2.540435743473487946e+02
1.863723723723723774e-02 2.540434144732364246e+02
1.873963963963963877e-02 2.540432404970117659e+02
1.884204204204204328e-02 2.540430283045095337e+02
1.894444444444444431e-02 2.540428161120073298e+02
1.904684684684684534e-02 2.540426039195050976e+02
1.914924924924924984e-02 2.540423917270029222e+02
1.925165165165165088e-02 2.540421795345007183e+02
1.935405405405405538e-02 2.540419673419985145e+02
1.945645645645645641e-02 2.540417551494962822e+02
1.955885885885885744e-02 2.540415429569941068e+02
1.966126126126126195e-02 2.540413307644918746e+02
1.976366366366366298e-02 2.540411185719896991e+02
1.986606606606606748e-02 2.540409063794874953e+02
1.996846846846846851e-02 2.540406474659586706e+02
2.007087087087086955e-02 2.540403872073508751e+02
2.017327327327327405e-02 2.540401269487430511e+02
2.027567567567567508e-02 2.540398666901352271e+02
2.037807807807807958e-02 2.540396064315274032e+02
2.048048048048048062e-02 2.540393461729196076e+02
2.058288288288288165e-02 2.540390859143118121e+02
2.068528528528528615e-02 2.540388256557039881e+02
2.078768768768768718e-02 2.540385653970961926e+02
2.089009009009008822e-02 2.540383051384883970e+02
2.099249249249249272e-02 2.540380448798805446e+02
2.109489489489489375e-02 2.540377846212727491e+02
2.119729729729729825e-02 2.540375243626649535e+02
2.129969969969969928e-02 2.540372641040571580e+02
2.140210210210210032e-02 2.540370038454493624e+02
2.150450450450450482e-02 2.540367435868415100e+02
2.160690690690690585e-02 2.540364833282337145e+02
2.170930930930931035e-02 2.540362230696259189e+02
2.181171171171171139e-02 2.540359628110180950e+02
2.191411411411411242e-02 2.540357025524102994e+02
2.201651651651651692e-02 2.540354422938024754e+02
2.211891891891891795e-02 2.540351820351946799e+02
2.222132132132132246e-02 2.540349217765868843e+02
2.232372372372372349e-02 2.540346615179790888e+02
2.242612612612612452e-02 2.540344012593712364e+02
2.252852852852852902e-02 2.540341410007634408e+02
2.263093093093093006e-02 2.540338807421556453e+02
2.273333333333333456e-02 2.540336204835478497e+02
2.283573573573573559e-02 2.540333602249399974e+02
2.293813813813813662e-02 2.540330999663322018e+02
2.304054054054054113e-02 2.540328397077244063e+02
2.314294294294294216e-02 2.540325794491165823e+02
2.324534534534534666e-02 2.540323180168258261e+02
2.334774774774774769e-02 2.540320549810414263e+02
2.345015015015014873e-02 2.540317919452570550e+02
2.355255255255255323e-02 2.540315289094726552e+02
2.365495495495495426e-02 2.540312658736882554e+02
2.375735735735735876e-02 2.540310028379038556e+02
2.385975975975975980e-02 2.540307398021194558e+02
2.396216216216216083e-02 2.540304602842694806e+02
2.406456456456456533e-02 2.540300989607865176e+02
2.416696696696696636e-02 2.540297376373035831e+02
2.426936936936937086e-02 2.540293763138205918e+02
2.437177177177177190e-02 2.540290149903376573e+02
2.447417417417417293e-02 2.540286536668547228e+02
2.457657657657657743e-02 2.540282923433717315e+02
2.467897897897897846e-02 2.540279310198887970e+02
2.478138138138137950e-02 2.540275669774944163e+02
2.488378378378378400e-02 2.540271994910942226e+02
2.498618618618618503e-02 2.540268320046940005e+02
2.508858858858858953e-02 2.540264645182937784e+02
2.519099099099099057e-02 2.540260970318935847e+02
2.529339339339339160e-02 2.540257295454933626e+02
2.539579579579579610e-02 2.540253567371048575e+02
2.549819819819819713e-02 2.540249534206317321e+02
2.560060060060060164e-02 2.540245501041586067e+02
2.570300300300300267e-02 2.540241467876854813e+02
2.580540540540540370e-02 2.540237434712123559e+02
2.590780780780780820e-02 2.540233401547392305e+02
2.601021021021020924e-02 2.540229368382661050e+02
2.611261261261261374e-02 2.540225335217929796e+02
2.621501501501501477e-02 2.540221302053197974e+02
2.631741741741741580e-02 2.540217268888467288e+02
2.641981981981982031e-02 2.540213235723736034e+02
2.652222222222222134e-02 2.540209202559004495e+02
2.662462462462462584e-02 2.540205169394273241e+02
2.672702702702702687e-02 2.540201136229541987e+02
2.682942942942942791e-02 2.540197103064810733e+02
2.693183183183183241e-02 2.540193069900079479e+02
2.703423423423423344e-02 2.540189036735348225e+02
2.713663663663663794e-02 2.540185003570616971e+02
2.723903903903903898e-02 2.540180970405885716e+02
2.734144144144144001e-02 2.540176937241154178e+02
2.744384384384384451e-02 2.540172904076422924e+02
2.754624624624624554e-02 2.540168870911691670e+02
2.764864864864865004e-02 2.540164837746960416e+02
2.775105105105105108e-02 2.540160804582229161e+02
2.785345345345345211e-02 2.540156771417497623e+02
2.795585585585585661e-02 2.540152738252766369e+02
2.805825825825825764e-02 2.540148705088035399e+02
2.816066066066065868e-02 2.540144671923303861e+02
2.826306306306306318e-02 2.540140638758572891e+02
2.836546546546546421e-02 2.540136605593841637e+02
2.846786786786786871e-02 2.540132572429109814e+02
2.857027027027026975e-02 2.540128539264379128e+02
2.867267267267267078e-02 2.540124506099647306e+02
2.877507507507507528e-02 2.540120472934916336e+02
2.887747747747747631e-02 2.540116439770184797e+02
2.897987987987988082e-02 2.540112406605453828e+02
2.908228228228228185e-02 2.540108373440722289e+02
2.918468468468468288e-02 2.540104340275991035e+02
2.928708708708708738e-02 2.540100307111259781e+02
2.938948948948948842e-02 2.540096173643573252e+02
2.949189189189189292e-02 2.540091215049155267e+02
2.959429429429429395e-02 2.540086256454737281e+02
2.969669669669669498e-02 2.540081297860319296e+02
2.979909909909909949e-02 2.540076339265901311e+02
2.990150150150150052e-02 2.540071380671483325e+02
3.000390390390390502e-02 2.540066422077065340e+02
3.010630630630630605e-02 2.540061463482647355e+02
3.020870870870870709e-02 2.540056504888229369e+02
3.031111111111111159e-02 2.540051546293811668e+02
3.041351351351351262e-02 2.540046587699393683e+02
3.051591591591591712e-02 2.540041629104975982e+02
3.061831831831831816e-02 2.540036670510557997e+02
3.072072072072071919e-02 2.540031711916140296e+02
3.082312312312312369e-02 2.540026753321722026e+02
3.092552552552552472e-02 2.540021794727304041e+02
3.102792792792792922e-02 2.540016836132886056e+02
3.113033033033033026e-02 2.540011877538468354e+02
3.123273273273273129e-02 2.540006577673302388e+02
3.133513513513513232e-02 2.540001036353733923e+02
3.143753753753753682e-02 2.539995495034165742e+02
3.153993993993994133e-02 2.539989953714596993e+02
3.164234234234233889e-02 2.539984412395028244e+02
3.174474474474474339e-02 2.539978871075459779e+02
3.184714714714714789e-02 2.539973329755891314e+02
3.194954954954955240e-02 2.539967788436322280e+02
3.205195195195194996e-02 2.539962247116753815e+02
3.215435435435435446e-02 2.539956705797185350e+02
3.225675675675675896e-02 2.539951164477616885e+02
3.235915915915915653e-02 2.539945623158048420e+02
3.246156156156156103e-02 2.539940081838479671e+02
3.256396396396396553e-02 2.539934330835671119e+02
3.266636636636636309e-02 2.539928027754074549e+02
3.276876876876876760e-02 2.539921724672477694e+02
3.287117117117117210e-02 2.539915421590881124e+02
3.297357357357357660e-02 2.539909118509284554e+02
3.307597597597597416e-02 2.539902815427687131e+02
3.317837837837837867e-02 2.539896512346090276e+02
3.328078078078078317e-02 2.539890209264493706e+02
3.338318318318318073e-02 2.539883906182896567e+02
3.348558558558558523e-02 2.539877603101300281e+02
3.358798798798798974e-02 2.539871300019703710e+02
3.369039039039038730e-02 2.539864996938106856e+02
3.379279279279279180e-02 2.539858693856509717e+02
3.389519519519519630e-02 2.539852390774912863e+02
3.399759759759759387e-02 2.539846087693316008e+02
3.409999999999999837e-02 2.539839784611719438e+02
3.420240240240240287e-02 2.539833481530122867e+02
3.430480480480480737e-02 2.539827178448526013e+02
3.440720720720720494e-02 2.539820875366929158e+02
3.450960960960960944e-02 2.539814572285332304e+02
3.461201201201201394e-02 2.539808269203735165e+02
3.471441441441441150e-02 2.539801966122138595e+02
3.481681681681681600e-02 2.539795663040542024e+02
3.491921921921922051e-02 2.539789359958945170e+02
3.502162162162161807e-02 2.539783109518550077e+02
3.512402402402402257e-02 2.539776942295704032e+02
3.522642642642642707e-02 2.539770775072857703e+02
3.532882882882883158e-02 2.539764607850012510e+02
3.543123123123122914e-02 2.539758440627166181e+02
3.553363363363363364e-02 2.539752273404320988e+02
3.563603603603603814e-02 2.539746106181474659e+02
3.573843843843843571e-02 2.539739938958628613e+02
3.584084084084084021e-02 2.539733771735783137e+02
3.594324324324324471e-02 2.539727604512937091e+02
3.604564564564564227e-02 2.539721437290091615e+02
3.614804804804804678e-02 2.539715270067245569e+02
3.625045045045045128e-02 2.539709102844399524e+02
3.635285285285285578e-02 2.539702935621554047e+02
3.645525525525525334e-02 2.539696762237103940e+02
3.655765765765765785e-02 2.539690512212491740e+02
3.666006006006006235e-02 2.539684262187879540e+02
3.676246246246245991e-02 2.539678012163267340e+02
3.686486486486486441e-02 2.539671762138655140e+02
3.696726726726726892e-02 2.539665512114042940e+02
3.706966966966966648e-02 2.539659262089430740e+02
3.717207207207207098e-02 2.539653012064818540e+02
3.727447447447447548e-02 2.539646762040206056e+02
3.737687687687687998e-02 2.539640512015593856e+02
3.747927927927927755e-02 2.539634261990981656e+02
3.758168168168168205e-02 2.539628011966369741e+02
3.768408408408408655e-02 2.539621107124911532e+02
3.778648648648648412e-02 2.539613488353993773e+02
3.788888888888888862e-02 2.539605869583076014e+02
3.799129129129129312e-02 2.539598250812158255e+02
3.809369369369369068e-02 2.539590632041241065e+02
3.819609609609609518e-02 2.539583024857489022e+02
3.829849849849849969e-02 2.539575459454710540e+02
3.840090090090089725e-02 2.539567894051931489e+02
3.850330330330330175e-02 2.539560328649153007e+02
3.860570570570570625e-02 2.539552763246374241e+02
3.870810810810811076e-02 2.539545197843595474e+02
3.881051051051050832e-02 2.539537632440816992e+02
3.891291291291291282e-02 2.539530067038038226e+02
3.901531531531531732e-02 2.539522501635259175e+02
3.911771771771771489e-02 2.539514936232480693e+02
3.922012012012011939e-02 2.539507370829701642e+02
3.932252252252252389e-02 2.539499805426922592e+02
3.942492492492492145e-02 2.539492240024144110e+02
3.952732732732732596e-02 2.539484674621365343e+02
3.962972972972973046e-02 2.539477109218586293e+02
3.973213213213213496e-02 2.539469543815808095e+02
3.983453453453453252e-02 2.539461978413029328e+02
3.993693693693693703e-02 2.539454413010250278e+02
4.003933933933934153e-02 2.539446847607471796e+02
4.014174174174173909e-02 2.539439282204693029e+02
4.024414414414414359e-02 2.539431716801914263e+02
4.034654654654654810e-02 2.539424151399135496e+02
4.044894894894894566e-02 2.539416585996356730e+02
4.055135135135135016e-02 2.539409020593577679e+02
4.065375375375375466e-02 2.539401455190799197e+02
4.075615615615615916e-02 2.539393889788020431e+02
4.085855855855855673e-02 2.539386324385241664e+02
4.096096096096096123e-02 2.539378762414710025e+02
4.106336336336336573e-02 2.539371261265472128e+02
4.116576576576576330e-02 2.539363760116233948e+02
4.126816816816816780e-02 2.539356258966995483e+02
4.137057057057057230e-02 2.539348757817757019e+02
4.147297297297296986e-02 2.539341256668519122e+02
4.157537537537537436e-02 2.539333755519280942e+02
4.167777777777777887e-02 2.539326254370042761e+02
4.178018018018017643e-02 2.539318753220804581e+02
4.188258258258258093e-02 2.539311252071566400e+02
4.198498498498498543e-02 2.539303750922327936e+02
4.208738738738738994e-02 2.539296249773090040e+02
4.218978978978978750e-02 2.539288748623851575e+02
4.229219219219219200e-02 2.539281247474613679e+02
4.239459459459459650e-02 2.539273746325375498e+02
4.249699699699699407e-02 2.539266245176137318e+02
4.259939939939939857e-02 2.539258744026898853e+02
4.270180180180180307e-02 2.539251242877660957e+02
4.280420420420420063e-02 2.539243741728422492e+02
4.290660660660660514e-02 2.539236240579184312e+02
4.300900900900900964e-02 2.539227666112654447e+02
4.311141141141141414e-02 2.539218820093708473e+02
4.321381381381381170e-02 2.539209974074763068e+02
4.331621621621621621e-02 2.539201128848720828e+02
4.341861861861862071e-02 2.539192288757246274e+02
4.352102102102101827e-02 2.539183448665770868e+02
4.362342342342342277e-02 2.539174608574296030e+02
4.372582582582582728e-02 2.539165768482820909e+02
4.382822822822822484e-02 2.539156928391345787e+02
4.393063063063062934e-02 2.539148088299870665e+02
4.403303303303303384e-02 2.539139248208396111e+02
4.413543543543543834e-02 2.539130408116920989e+02
4.423783783783783591e-02 2.539121568025445868e+02
4.434024024024024041e-02 2.539112727933970746e+02
4.444264264264264491e-02 2.539103887842496192e+02
4.454504504504504248e-02 2.539095047751021070e+02
4.464744744744744698e-02 2.539086207659545948e+02
4.474984984984985148e-02 2.539077367568071111e+02
4.485225225225224904e-02 2.539068527476595989e+02
4.495465465465465354e-02 2.539059687385120867e+02
4.505705705705705805e-02 2.539050847293646029e+02
4.515945945945945561e-02 2.539042007202170907e+02
4.526186186186186011e-02 2.539032716030421284e+02
4.536426426426426461e-02 2.539023307965872505e+02
4.546666666666666912e-02 2.539013899901324010e+02
4.556906906906906668e-02 2.539004491836774946e+02
4.567147147147147118e-02 2.538995083772226735e+02
4.577387387387387568e-02 2.538985675707677672e+02
4.587627627627627325e-02 2.538976267643128608e+02
4.597867867867867775e-02 2.538966859578580397e+02
4.608108108108108225e-02 2.538957451514031618e+02
4.618348348348347981e-02 2.538948043449482839e+02
4.628588588588588432e-02 2.538938635384934059e+02
4.638828828828828882e-02 2.538929227320385280e+02
4.649069069069069332e-02 2.538919819255836501e+02
4.659309309309309088e-02 2.538910411191288006e+02
4.669549549549549539e-02 2.538901003126738942e+02
4.679789789789789989e-02 2.538891595062190731e+02
4.690030030030029745e-02 2.538882186997641952e+02
4.700270270270270195e-02 2.538872778933093173e+02
4.710510510510510646e-02 2.538863370868544393e+02
4.720750750750750402e-02 2.538853962803995614e+02
4.730990990990990852e-02 2.538844554739446835e+02
4.741231231231231302e-02 2.538835146674898056e+02
4.751471471471471753e-02 2.538825738610349276e+02
4.761711711711711509e-02 2.538816330545801065e+02
4.771951951951951959e-02 2.538806922481252286e+02
4.782192192192192409e-02 2.538797514416703507e+02
4.792432432432432166e-02 2.538788106352154728e+02
4.802672672672672616e-02 2.538778698287605948e+02
4.812912912912913066e-02 2.538769290223057169e+02
4.823153153153152822e-02 2.538759677036564426e+02
4.833393393393393273e-02 2.538750057522885868e+02
4.843633633633633723e-02 2.538740438009206741e+02
4.853873873873874173e-02 2.538730818495528467e+02
4.864114114114113929e-02 2.538721198981849341e+02
4.874354354354354379e-02 2.538711380865920830e+02
4.884594594594594830e-02 2.538701560440109120e+02
4.894834834834834586e-02 2.538691740014297409e+02
4.905075075075075036e-02 2.538681919588485982e+02
4.915315315315315486e-02 2.538672099162674272e+02
4.925555555555555243e-02 2.538662278736862561e+02
4.935795795795795693e-02 2.538652458311050566e+02
4.946036036036036143e-02 2.538642637885238855e+02
4.956276276276275899e-02 2.538632817459427429e+02
4.966516516516516350e-02 2.538622997033615718e+02
4.976756756756756800e-02 2.538613235196249036e+02
4.986996996996997250e-02 2.538603545889677946e+02
4.997237237237237006e-02 2.538593752597054731e+02
5.007477477477477457e-02 2.538583207495778709e+02
5.017717717717717907e-02 2.538572662394502402e+02
5.027957957957957663e-02 2.538562117293226663e+02
5.038198198198198113e-02 2.538551572191950356e+02
5.048438438438438564e-02 2.538541027090674049e+02
5.058678678678678320e-02 2.538530481989398027e+02
5.068918918918918770e-02 2.538519936888121720e+02
5.079159159159159220e-02 2.538509391786845981e+02
5.089399399399399671e-02 2.538498846685569674e+02
5.099639639639639427e-02 2.538488301584293652e+02
5.109879879879879877e-02 2.538477756483017913e+02
5.120120120120120327e-02 2.538467211381741606e+02
5.130360360360360084e-02 2.538456666280465583e+02
5.140600600600600534e-02 2.538446121179189277e+02
5.150840840840840984e-02 2.538435576077913254e+02
5.161081081081080740e-02 2.538425030976637231e+02
5.171321321321321191e-02 2.538414485875360924e+02
5.181561561561561641e-02 2.538403940774085186e+02
5.191801801801802091e-02 2.538393395672809163e+02
5.202042042042041847e-02 2.538382850571533140e+02
5.212282282282282297e-02 2.538372305470256833e+02
5.222522522522522748e-02 2.538361760368980526e+02
5.232762762762762504e-02 2.538351215267704788e+02
5.243003003003002954e-02 2.538340670166428197e+02
5.253243243243243404e-02 2.538330125065152743e+02
5.263483483483483161e-02 2.538319579963876151e+02
5.273723723723723611e-02 2.538309034862600129e+02
5.283963963963964061e-02 2.538298489761324106e+02
5.294204204204203817e-02 2.538287944660047799e+02
5.304444444444444268e-02 2.538277399558772061e+02
5.314684684684684718e-02 2.538266854457496038e+02
5.324924924924925168e-02 2.538256309356219731e+02
5.335165165165164924e-02 2.538245764254943424e+02
5.345405405405405375e-02 2.538235219153667686e+02
5.355645645645645825e-02 2.538224674052391379e+02
5.365885885885885581e-02 2.538214128951115356e+02
5.376126126126126031e-02 2.538203583849839333e+02
5.386366366366366482e-02 2.538193038748563026e+02
5.396606606606606238e-02 2.538182493647287004e+02
5.406846846846846688e-02 2.538171948546010981e+02
5.417087087087087138e-02 2.538161403444734674e+02
5.427327327327327589e-02 2.538150858343458935e+02
5.437567567567567345e-02 2.538140313242182629e+02
5.447807807807807795e-02 2.538129768140906606e+02
5.458048048048048245e-02 2.538119223039630299e+02
5.468288288288288002e-02 2.538108677938354276e+02
5.478528528528528452e-02 2.538098132837078253e+02
5.488768768768768902e-02 2.538087587735802231e+02
5.499009009009008658e-02 2.538076501833541556e+02
5.509249249249249109e-02 2.538064933572879909e+02
5.519489489489489559e-02 2.538053365312217977e+02
5.529729729729730009e-02 2.538041797051556046e+02
5.539969969969969765e-02 2.538030228790894967e+02
5.550210210210210215e-02 2.538018660530233035e+02
5.560450450450450666e-02 2.538007092269571103e+02
5.570690690690690422e-02 2.537995524008909456e+02
5.580930930930930872e-02 2.537983955748247524e+02
5.591171171171171322e-02 2.537972387487585877e+02
5.601411411411411079e-02 2.537960819226923945e+02
5.611651651651651529e-02 2.537949250966262014e+02
5.621891891891891979e-02 2.537937682705600650e+02
5.632132132132131735e-02 2.537926114444938719e+02
5.642372372372372186e-02 2.537914546184277071e+02
5.652612612612612636e-02 2.537902977923615140e+02
5.662852852852853086e-02 2.537891409662953208e+02
5.673093093093092842e-02 2.537879841402291845e+02
5.683333333333333293e-02 2.537868273141629913e+02
5.693573573573573743e-02 2.537856704880967982e+02
5.703813813813813499e-02 2.537845136620306334e+02
5.714054054054053949e-02 2.537833568359644971e+02
5.724294294294294400e-02 2.537822000098983324e+02
5.734534534534534156e-02 2.537810431838321108e+02
5.744774774774774606e-02 2.537798863577659461e+02
5.755015015015015056e-02 2.537787295316997529e+02
5.765255255255255507e-02 2.537775727056335882e+02
5.775495495495495263e-02 2.537764158795674234e+02
5.785735735735735713e-02 2.537752590535012587e+02
5.795975975975976163e-02 2.537741022274350371e+02
5.806216216216215920e-02 2.537729454013689008e+02
5.816456456456456370e-02 2.537717885753027076e+02
5.826696696696696820e-02 2.537706317492365997e+02
5.836936936936936576e-02 2.537694749231703781e+02
5.847177177177177027e-02 2.537683180971041565e+02
5.857417417417417477e-02 2.537671612710380202e+02
5.867657657657657927e-02 2.537660044449718555e+02
5.877897897897897683e-02 2.537648476189056623e+02
5.888138138138138133e-02 2.537636907928394976e+02
5.898378378378378584e-02 2.537625339667733328e+02
5.908618618618618340e-02 2.537613771407071681e+02
5.918858858858858790e-02 2.537602203146409465e+02
5.929099099099099240e-02 2.537590634885748102e+02
5.939339339339338997e-02 2.537579066625086170e+02
5.949579579579579447e-02 2.537567498364424523e+02
5.959819819819819897e-02 2.537555930103762876e+02
5.970060060060060347e-02 2.537544361843100944e+02
5.980300300300300104e-02 2.537532793582439012e+02
5.990540540540540554e-02 2.537521225321777365e+02
6.000780780780781004e-02 2.537509657061116002e+02
6.011021021021020760e-02 2.537498088800453786e+02
6.021261261261261211e-02 2.537486520539792423e+02
6.031501501501501661e-02 2.537474952279130207e+02
6.041741741741741417e-02 2.537463384018468560e+02
6.051981981981981867e-02 2.537451815757807481e+02
6.062222222222222318e-02 2.537440247497145265e+02
6.072462462462462074e-02 2.537428679236483333e+02
6.082702702702702524e-02 2.537417110975821686e+02
6.092942942942942974e-02 2.537405542715160323e+02
6.103183183183183425e-02 2.537393974454498391e+02
6.113423423423423181e-02 2.537382406193836175e+02
6.123663663663663631e-02 2.537370837933174244e+02
6.133903903903904081e-02 2.537359269672513165e+02
6.144144144144143838e-02 2.537347701411851233e+02
6.154384384384384288e-02 2.537336133151189301e+02
6.164624624624624738e-02 2.537324033079586059e+02
6.174864864864864494e-02 2.537311884914205109e+02
6.185105105105104945e-02 2.537299743110777683e+02
6.195345345345345395e-02 2.537287218713940149e+02
6.205585585585585845e-02 2.537274617908415735e+02
6.215825825825825601e-02 2.537262017102891889e+02
6.226066066066066051e-02 2.537249416297368043e+02
6.236306306306306502e-02 2.537236815491843913e+02
6.246546546546546258e-02 2.537224214686319783e+02
6.256786786786787402e-02 2.537211613880796222e+02
6.267027027027026465e-02 2.537199013075271807e+02
6.277267267267266915e-02 2.537186412269747962e+02
6.287507507507507365e-02 2.537173811464224116e+02
6.297747747747747815e-02 2.537161210658699986e+02
6.307987987987988265e-02 2.537148609853176140e+02
6.318228228228228716e-02 2.537136009047652294e+02
6.328468468468467778e-02 2.537123408242128448e+02
6.338708708708708228e-02 2.537110807436603750e+02
6.348948948948948678e-02 2.537098206631080188e+02
6.359189189189189129e-02 2.537085605825556058e+02
6.369429429429429579e-02 2.537073005020032213e+02
6.379669669669670029e-02 2.537060404214507798e+02
6.389909909909910479e-02 2.537047803408983953e+02
6.400150150150149542e-02 2.537035202603460107e+02
6.410390390390389992e-02 2.537022601797935977e+02
6.420630630630630442e-02 2.537010000992412415e+02
6.430870870870870892e-02 2.536997400186887717e+02
6.441111111111111343e-02 2.536984799381364155e+02
6.451351351351351793e-02 2.536972198575840025e+02
6.461591591591590855e-02 2.536959597770316179e+02
6.471831831831831305e-02 2.536946996964792334e+02
6.482072072072071756e-02 2.536934396159267919e+02
6.492312312312312206e-02 2.536921795353744074e+02
6.502552552552552656e-02 2.536909194548219943e+02
6.512792792792793106e-02 2.536896593742695813e+02
6.523033033033033556e-02 2.536883992937172252e+02
6.533273273273272619e-02 2.536871392131647838e+02
6.543513513513513069e-02 2.536858791326124276e+02
6.553753753753753519e-02 2.536846190520599862e+02
6.563993993993993969e-02 2.536833589715076016e+02
6.574234234234234420e-02 2.536820988909551886e+02
6.584474474474474870e-02 2.536808388104028325e+02
6.594714714714715320e-02 2.536795787298504194e+02
6.604954954954954383e-02 2.536783186492980349e+02
6.615195195195194833e-02 2.536770585687455934e+02
6.625435435435435283e-02 2.536758074342655220e+02
6.635675675675675733e-02 2.536745591438954932e+02
6.645915915915916183e-02 2.536733108535254360e+02
6.656156156156156634e-02 2.536720625631554071e+02
6.666396396396395696e-02 2.536708142727853499e+02
6.676636636636636146e-02 2.536695546279754581e+02
6.686876876876876596e-02 2.536682514748798098e+02
6.697117117117117047e-02 2.536669483217841616e+02
6.707357357357357497e-02 2.536656124702961961e+02
6.717597597597597947e-02 2.536642707259424583e+02
6.727837837837838397e-02 2.536629289815886636e+02
6.738078078078077460e-02 2.536615872372348974e+02
6.748318318318317910e-02 2.536602341672099215e+02
6.758558558558558360e-02 2.536588782778351856e+02
6.768798798798798810e-02 2.536575223884604213e+02
6.779039039039039261e-02 2.536561664990856002e+02
6.789279279279279711e-02 2.536548106097108075e+02
6.799519519519518773e-02 2.536534547203360717e+02
6.809759759759759223e-02 2.536521016109329878e+02
6.819999999999999674e-02 2.536507497464056087e+02
6.830240240240240124e-02 2.536493978818782580e+02
6.840480480480480574e-02 2.536480460173508504e+02
6.850720720720721024e-02 2.536466941528234997e+02
6.860960960960961474e-02 2.536453422882960922e+02
6.871201201201200537e-02 2.536439904237687415e+02
6.881441441441440987e-02 2.536426385592413624e+02
6.891681681681681437e-02 2.536412866947139548e+02
6.901921921921921887e-02 2.536399348301866041e+02
6.912162162162162338e-02 2.536385829656591966e+02
6.922402402402402788e-02 2.536372311011318175e+02
6.932642642642643238e-02 2.536358792366044668e+02
6.942882882882882301e-02 2.536345273720770592e+02
6.953123123123122751e-02 2.536331755075496801e+02
6.963363363363363201e-02 2.536318236430223010e+02
6.973603603603603651e-02 2.536304717784949219e+02
6.983843843843844101e-02 2.536291199139675427e+02
6.994084084084084552e-02 2.536277680494401920e+02
7.004324324324323614e-02 2.536264161849127845e+02
7.014564564564564064e-02 2.536250643203853770e+02
7.024804804804804514e-02 2.536237124558580263e+02
7.035045045045044965e-02 2.536223605913306187e+02
7.045285285285285415e-02 2.536210087268032112e+02
7.055525525525525865e-02 2.536196568622758605e+02
7.065765765765766315e-02 2.536183049977485098e+02
7.076006006006005378e-02 2.536169531332211307e+02
7.086246246246245828e-02 2.536156012686937515e+02
7.096486486486486278e-02 2.536142494041663440e+02
7.106726726726726728e-02 2.536128975396389933e+02
7.116966966966967179e-02 2.536115456751115858e+02
7.127207207207207629e-02 2.536101938105842351e+02
7.137447447447446691e-02 2.536088419460568275e+02
7.147687687687687141e-02 2.536074900815294484e+02
7.157927927927927592e-02 2.536061382170020693e+02
7.168168168168168042e-02 2.536047863524747186e+02
7.178408408408408492e-02 2.536034344879473394e+02
7.188648648648648942e-02 2.536020826234199319e+02
7.198888888888889392e-02 2.536007307588925528e+02
7.209129129129128455e-02 2.535993788943651452e+02
7.219369369369368905e-02 2.535980270298377945e+02
7.229609609609609355e-02 2.535966751653104438e+02
7.239849849849849805e-02 2.535953233007830363e+02
7.250090090090090256e-02 2.535939714362556572e+02
7.260330330330330706e-02 2.535926195717282781e+02
7.270570570570571156e-02 2.535912708873925396e+02
7.280810810810810219e-02 2.535899099255759381e+02
7.291051051051050669e-02 2.535884925641743735e+02
7.301291291291291119e-02 2.535870752027728656e+02
7.311531531531531569e-02 2.535856578413713294e+02
7.321771771771772019e-02 2.535842404799698215e+02
7.332012012012012470e-02 2.535828231185682284e+02
7.342252252252251532e-02 2.535814057571667774e+02
7.352492492492491982e-02 2.535799883957652128e+02
7.362732732732732432e-02 2.535785710343636765e+02
7.372972972972972883e-02 2.535771536729621687e+02
7.383213213213213333e-02 2.535757363115606324e+02
7.393453453453453783e-02 2.535743189501591246e+02
7.403693693693694233e-02 2.535729015887575599e+02
7.413933933933933296e-02 2.535714842273560521e+02
7.424174174174173746e-02 2.535700668659545158e+02
7.434414414414414196e-02 2.535686495045529796e+02
7.444654654654654646e-02 2.535672321431514433e+02
7.454894894894895097e-02 2.535658147817499355e+02
7.465135135135135547e-02 2.535643974203483708e+02
7.475375375375375997e-02 2.535629800589468630e+02
7.485615615615615059e-02 2.535615626975453267e+02
7.495855855855855510e-02 2.535601453361438189e+02
7.506096096096095960e-02 2.535587279747422826e+02
7.516336336336336410e-02 2.535573106133407464e+02
7.526576576576576860e-02 2.535558932519392386e+02
7.536816816816817310e-02 2.535544758905376739e+02
7.547057057057056373e-02 2.535530585291361945e+02
7.557297297297296823e-02 2.535516411677346298e+02
7.567537537537537273e-02 2.535502238063331220e+02
7.577777777777777724e-02 2.535488064449315857e+02
7.588018018018018174e-02 2.535473890835300494e+02
7.598258258258258624e-02 2.535459717221285132e+02
7.608498498498499074e-02 2.535445509054278546e+02
7.618738738738738137e-02 2.535431220584137577e+02
7.628978978978978587e-02 2.535416932113996893e+02
7.639219219219219037e-02 2.535402643643855640e+02
7.649459459459459487e-02 2.535388355173714956e+02
7.659699699699699937e-02 2.535374066703573988e+02
7.669939939939940388e-02 2.535359778233433303e+02
7.680180180180179450e-02 2.535345489763292335e+02
7.690420420420419900e-02 2.535331201293151366e+02
7.700660660660660350e-02 2.535316912823010398e+02
7.710900900900900801e-02 2.535302624352869998e+02
7.721141141141141251e-02 2.535288335882729029e+02
7.731381381381381701e-02 2.535274047412588061e+02
7.741621621621622151e-02 2.535259758942447093e+02
7.751861861861861214e-02 2.535245470472306408e+02
7.762102102102101664e-02 2.535231182002165156e+02
7.772342342342342114e-02 2.535216893532024756e+02
7.782582582582582564e-02 2.535202605061883503e+02
7.792822822822823015e-02 2.535188326741431410e+02
7.803063063063063465e-02 2.535174111149950988e+02
7.813303303303303915e-02 2.535159595337645442e+02
7.823543543543542977e-02 2.535144836347428736e+02
7.833783783783783428e-02 2.535129835834611640e+02
7.844024024024023878e-02 2.535114835321795113e+02
7.854264264264264328e-02 2.535099834808977732e+02
7.864504504504504778e-02 2.535084834296160921e+02
7.874744744744745228e-02 2.535069833783343825e+02
7.884984984984984291e-02 2.535054833270526728e+02
7.895225225225224741e-02 2.535039832757710201e+02
7.905465465465465191e-02 2.535024832244893105e+02
7.915705705705705642e-02 2.535009831732076293e+02
7.925945945945946092e-02 2.534994831219259481e+02
7.936186186186186542e-02 2.534979830706442385e+02
7.946426426426426992e-02 2.534964830193625289e+02
7.956666666666666055e-02 2.534949829680808193e+02
7.966906906906906505e-02 2.534934829167991381e+02
7.977147147147146955e-02 2.534919828655174570e+02
7.987387387387387405e-02 2.534904828142357474e+02
7.997627627627627855e-02 2.534889827629540946e+02
8.007867867867868306e-02 2.534874827116723850e+02
8.018108108108107368e-02 2.534859826603906754e+02
8.028348348348347818e-02 2.534844826091090226e+02
8.038588588588588268e-02 2.534829825578272562e+02
8.048828828828828719e-02 2.534814825065455466e+02
8.059069069069069169e-02 2.534799824552638938e+02
8.069309309309309619e-02 2.534784824039822126e+02
8.079549549549550069e-02 2.534769823527004746e+02
8.089789789789789132e-02 2.534754823014188219e+02
8.100030030030029582e-02 2.534739822501371123e+02
8.110270270270270032e-02 2.534724821988554311e+02
8.120510510510510482e-02 2.534709821475737499e+02
8.130750750750750933e-02 2.534694820962920119e+02
8.140990990990991383e-02 2.534679820450103307e+02
8.151231231231231833e-02 2.534664819937286779e+02
8.161471471471470895e-02 2.534649819424469399e+02
8.171711711711711346e-02 2.534634818911652587e+02
8.181951951951951796e-02 2.534619818398835491e+02
8.192192192192192246e-02 2.534604817886018679e+02
8.202432432432432696e-02 2.534589817373201868e+02
8.212672672672673146e-02 2.534574816860385056e+02
8.222912912912912209e-02 2.534559816347567676e+02
8.233153153153152659e-02 2.534544815834750864e+02
8.243393393393393109e-02 2.534529815321934052e+02
8.253633633633633560e-02 2.534514814809116672e+02
8.263873873873874010e-02 2.534499814296299860e+02
8.274114114114114460e-02 2.534484813783483332e+02
8.284354354354354910e-02 2.534469813270666236e+02
8.294594594594593973e-02 2.534454688950028469e+02
8.304834834834834423e-02 2.534439407491416887e+02
8.315075075075074873e-02 2.534424122705347031e+02
8.325315315315315323e-02 2.534408837919277175e+02
8.335555555555555773e-02 2.534393553133207320e+02
8.345795795795796224e-02 2.534378268347137464e+02
8.356036036036035286e-02 2.534362983561067892e+02
8.366276276276275736e-02 2.534347698774998037e+02
8.376516516516516186e-02 2.534332413988928181e+02
8.386756756756756637e-02 2.534317129202858041e+02
8.396996996996997087e-02 2.534301844416788185e+02
8.407237237237237537e-02 2.534286559630718614e+02
8.417477477477477987e-02 2.534271274844648758e+02
8.427717717717717050e-02 2.534255990058578902e+02
8.437957957957957500e-02 2.534240705272509047e+02
8.448198198198197950e-02 2.534225420486439191e+02
8.458438438438438400e-02 2.534210135700369335e+02
8.468678678678678851e-02 2.534194850914299764e+02
8.478918918918919301e-02 2.534179566128229908e+02
8.489159159159159751e-02 2.534164281342159768e+02
8.499399399399398813e-02 2.534148996556089912e+02
8.509639639639639264e-02 2.534133711770020625e+02
8.519879879879879714e-02 2.534118426983950485e+02
8.530120120120120164e-02 2.534103142197880913e+02
8.540360360360360614e-02 2.534087857411810774e+02
8.550600600600601064e-02 2.534072572625740634e+02
8.560840840840840127e-02 2.534057287839671062e+02
8.571081081081080577e-02 2.534042003053601206e+02
8.581321321321321027e-02 2.534026718267531351e+02
8.591561561561561478e-02 2.534011433481461495e+02
8.601801801801801928e-02 2.533996148695391639e+02
8.612042042042042378e-02 2.533980863909322068e+02
8.622282282282282828e-02 2.533965579123252496e+02
8.632522522522521891e-02 2.533950294337182356e+02
8.642762762762762341e-02 2.533935009551112501e+02
8.653003003003002791e-02 2.533919724765042361e+02
8.663243243243243241e-02 2.533904439978972789e+02
8.673483483483483691e-02 2.533889155192903218e+02
8.683723723723724142e-02 2.533873870406833362e+02
8.693963963963963204e-02 2.533858585620763506e+02
8.704204204204203654e-02 2.533843300834693650e+02
8.714444444444444104e-02 2.533828016048623510e+02
8.724684684684684555e-02 2.533812731262553939e+02
8.734924924924925005e-02 2.533797446476484083e+02
8.745165165165165455e-02 2.533782161690414227e+02
8.755405405405405905e-02 2.533766876904344372e+02
8.765645645645644968e-02 2.533751592118274232e+02
8.775885885885885418e-02 2.533736307332204660e+02
8.786126126126125868e-02 2.533721022546134805e+02
8.796366366366366318e-02 2.533705737760064949e+02
8.806606606606606769e-02 2.533690452973995093e+02
8.816846846846847219e-02 2.533675168187925522e+02
8.827087087087087669e-02 2.533659883401855382e+02
8.837327327327326731e-02 2.533644598615785810e+02
8.847567567567567182e-02 2.533629313829716239e+02
8.857807807807807632e-02 2.533614029043645814e+02
8.868048048048048082e-02 2.533598744257576243e+02
8.878288288288288532e-02 2.533583459471506103e+02
8.888528528528528982e-02 2.533568174685436816e+02
8.898768768768768045e-02 2.533552889899366960e+02
8.909009009009008495e-02 2.533537513184058696e+02
8.919249249249248945e-02 2.533521980317870259e+02
8.929489489489489396e-02 2.533506447451682106e+02
8.939729729729729846e-02 2.533490885534273787e+02
8.949969969969970296e-02 2.533475209794919465e+02
8.960210210210210746e-02 2.533459534055565427e+02
8.970450450450449809e-02 2.533443858316211390e+02
8.980690690690690259e-02 2.533428182576857353e+02
8.990930930930930709e-02 2.533412506837503315e+02
9.001171171171171159e-02 2.533396831098149278e+02
9.011411411411411609e-02 2.533381128959706245e+02
9.021651651651652060e-02 2.533365421465757095e+02
9.031891891891891122e-02 2.533349713971808512e+02
9.042132132132131572e-02 2.533334006477859646e+02
9.052372372372372022e-02 2.533318298983910779e+02
9.062612612612612473e-02 2.533302591489962197e+02
9.072852852852852923e-02 2.533286883996013046e+02
9.083093093093093373e-02 2.533271176502064179e+02
9.093333333333333823e-02 2.533255469008115313e+02
9.103573573573572886e-02 2.533239761514166730e+02
9.113813813813813336e-02 2.533224054020217864e+02
9.124054054054053786e-02 2.533208346526268713e+02
9.134294294294294236e-02 2.533192639032320130e+02
9.144534534534534687e-02 2.533176931538371264e+02
9.154774774774775137e-02 2.533161224044422397e+02
9.165015015015015587e-02 2.533145516550473246e+02
9.175255255255254649e-02 2.533129809056524664e+02
9.185495495495495100e-02 2.533114112260140871e+02
9.195735735735735550e-02 2.533098415835903552e+02
9.205975975975976000e-02 2.533082719411667085e+02
9.216216216216216450e-02 2.533067022987430050e+02
9.226456456456456900e-02 2.533051326563193015e+02
9.236696696696695963e-02 2.533035630138955980e+02
9.246936936936936413e-02 2.533019933714718945e+02
9.257177177177176863e-02 2.533004237290482479e+02
9.267417417417417314e-02 2.532988540866245160e+02
9.277657657657657764e-02 2.532972844442008409e+02
9.287897897897898214e-02 2.532957148017771374e+02
9.298138138138138664e-02 2.532941451593534623e+02
9.308378378378377727e-02 2.532925755169297872e+02
9.318618618618618177e-02 2.532910058745060837e+02
9.328858858858858627e-02 2.532894362320823802e+02
9.339099099099099077e-02 2.532878665896586767e+02
9.349339339339339527e-02 2.532862969472349732e+02
9.359579579579579978e-02 2.532847273048112697e+02
9.369819819819819040e-02 2.532831576623875662e+02
9.380060060060059490e-02 2.532815880199638627e+02
9.390300300300299940e-02 2.532800183775401877e+02
9.400540540540540391e-02 2.532784487351165126e+02
9.410780780780780841e-02 2.532768790926928091e+02
9.421021021021021291e-02 2.532753094502691056e+02
9.431261261261261741e-02 2.532737398078454021e+02
9.441501501501500804e-02 2.532721701654217270e+02
9.451741741741741254e-02 2.532706005229980519e+02
9.461981981981981704e-02 2.532690308805743484e+02
9.472222222222222154e-02 2.532674612381506449e+02
9.482462462462462605e-02 2.532658915957269699e+02
9.492702702702703055e-02 2.532643219533032379e+02
9.502942942942943505e-02 2.532627523108795629e+02
9.513183183183182567e-02 2.532611826684558878e+02
9.523423423423423018e-02 2.532596130260321843e+02
9.533663663663663468e-02 2.532580433836084808e+02
9.543903903903903918e-02 2.532564737411847773e+02
9.554144144144144368e-02 2.532549036207478252e+02
9.564384384384384818e-02 2.532533238962485314e+02
9.574624624624623881e-02 2.532517441717492090e+02
9.584864864864864331e-02 2.532501644472498867e+02
9.595105105105104781e-02 2.532485847227505928e+02
9.605345345345345232e-02 2.532470049982512705e+02
9.615585585585585682e-02 2.532454252737519766e+02
9.625825825825826132e-02 2.532438407575048984e+02
9.636066066066066582e-02 2.532422490051727948e+02
9.646306306306305645e-02 2.532406572528407196e+02
9.656546546546546095e-02 2.532390655005085875e+02
9.666786786786786545e-02 2.532374737481765123e+02
9.677027027027026995e-02 2.532358819958444371e+02
9.687267267267267445e-02 2.532342902435123335e+02
9.697507507507507896e-02 2.532326984911802299e+02
9.707747747747748346e-02 2.532311067388481263e+02
9.717987987987987408e-02 2.532295149865159942e+02
9.728228228228227858e-02 2.532279232341838906e+02
9.738468468468468309e-02 2.532263314818518438e+02
9.748708708708708759e-02 2.532247397295197118e+02
9.758948948948949209e-02 2.532231479771876650e+02
9.769189189189189659e-02 2.532215562248555329e+02
9.779429429429428722e-02 2.532199649105880042e+02
9.789669669669669172e-02 2.532183741300536894e+02
9.799909909909909622e-02 2.532167833495194031e+02
9.810150150150150072e-02 2.532151925689851168e+02
9.820390390390390523e-02 2.532136017884508874e+02
9.830630630630630973e-02 2.532120110079165727e+02
9.840870870870871423e-02 2.532104202273822864e+02
9.851111111111110485e-02 2.532088294468480001e+02
9.861351351351350936e-02 2.532072392104793153e+02
9.871591591591591386e-02 2.532056492324104511e+02
9.881831831831831836e-02 2.532040592543415869e+02
9.892072072072072286e-02 2.532024692762727227e+02
9.902312312312312736e-02 2.532008792982038585e+02
9.912552552552551799e-02 2.531992893201349659e+02
9.922792792792792249e-02 2.531976993420660733e+02
9.933033033033032699e-02 2.531961093639972660e+02
9.943273273273273150e-02 2.531945193859283449e+02
9.953513513513513600e-02 2.531929294078595092e+02
9.963753753753754050e-02 2.531913394297906450e+02
9.973993993993994500e-02 2.531897494517217524e+02
9.984234234234233563e-02 2.531881594736528882e+02
9.994474474474474013e-02 2.531865694955840240e+02
1.000471471471471446e-01 2.531849795175151598e+02
1.001495495495495491e-01 2.531833895394462388e+02
1.002519519519519536e-01 2.531817995613773746e+02
1.003543543543543581e-01 2.531802095833085389e+02
1.004567567567567626e-01 2.531786196052396747e+02
1.005591591591591533e-01 2.531770296271707821e+02
1.006615615615615578e-01 2.531754396491018895e+02
1.007639639639639623e-01 2.531738496710330537e+02
1.008663663663663668e-01 2.531722596929641895e+02
1.009687687687687713e-01 2.531706697148953253e+02
1.010711711711711758e-01 2.531690797368264612e+02
1.011735735735735664e-01 2.531674897587575686e+02
1.012759759759759709e-01 2.531658997806887044e+02
1.013783783783783754e-01 2.531643098026198686e+02
1.014807807807807799e-01 2.531627198245509760e+02
1.015831831831831844e-01 2.531611298464820834e+02
1.016855855855855889e-01 2.531595398684132192e+02
1.017879879879879934e-01 2.531579498903443550e+02
1.018903903903903840e-01 2.531563599122754624e+02
1.019927927927927885e-01 2.531547699342066267e+02
1.020951951951951930e-01 2.531531799561377625e+02
1.021975975975975975e-01 2.531515899780688699e+02
1.023000000000000020e-01 2.531500000000000341e+02
