LineProbe
number of points: 1000 (fixed)
point 0: [0. 0. 0.]
point 1: [0.875 0.    0.   ]
-----

# T 1000
0.000000000000000000e+00 2.664721647095802268e+02
8.758758758758758683e-04 2.664841299541911894e+02
1.751751751751751737e-03 2.664960951988021520e+02
2.627627627627627388e-03 2.665080604434131146e+02
3.503503503503503473e-03 2.665200256880241341e+02
4.379379379379379558e-03 2.665322405968915405e+02
5.255255255255254776e-03 2.665445128955676068e+02
6.131131131131130861e-03 2.665567997450000917e+02
7.007007007007006946e-03 2.665693046987754542e+02
7.882882882882882164e-03 2.665818096525508167e+02
8.758758758758759116e-03 2.665943146063262361e+02
9.634634634634634334e-03 2.666068195601014850e+02
1.051051051051050955e-02 2.666193245138769043e+02
1.138638638638638650e-02 2.666318294676522669e+02
1.226226226226226172e-02 2.666443344214276294e+02
1.313813813813813867e-02 2.666568393752030488e+02
1.401401401401401389e-02 2.666693443289784113e+02
1.488988988988988911e-02 2.666816283772112115e+02
1.576576576576576433e-02 2.666936397271832107e+02
1.664164164164164128e-02 2.667056510771552666e+02
1.751751751751751823e-02 2.667176624271273226e+02
1.839339339339339172e-02 2.667296737770993786e+02
1.926926926926926867e-02 2.667416851270714346e+02
2.014514514514514562e-02 2.667536964770434906e+02
2.102102102102101910e-02 2.667657078270154898e+02
2.189689689689689606e-02 2.667776801282470842e+02
2.277277277277277301e-02 2.667896236344586782e+02
2.364864864864864996e-02 2.668015671406702722e+02
2.452452452452452344e-02 2.668135106468818663e+02
2.540040040040040040e-02 2.668254541530935171e+02
2.627627627627627735e-02 2.668373976593050543e+02
2.715215215215215083e-02 2.668493411655166483e+02
2.802802802802802778e-02 2.668612846717282991e+02
2.890390390390390474e-02 2.668732281779398932e+02
2.977977977977977822e-02 2.668851716841514872e+02
3.065565565565565517e-02 2.668971151903630243e+02
3.153153153153152866e-02 2.669090586965746752e+02
3.240740740740740561e-02 2.669210022027862692e+02
3.328328328328328256e-02 2.669329457089978632e+02
3.415915915915915951e-02 2.669448892152094572e+02
3.503503503503503647e-02 2.669568327214210512e+02
3.591091091091091342e-02 2.669687762276326453e+02
3.678678678678678343e-02 2.669807197338442393e+02
3.766266266266266038e-02 2.669926632400558333e+02
3.853853853853853734e-02 2.670046067462674273e+02
3.941441441441441429e-02 2.670165502524790213e+02
4.029029029029029124e-02 2.670284937586906153e+02
4.116616616616616819e-02 2.670397203040184309e+02
4.204204204204203821e-02 2.670502333396649988e+02
4.291791791791791516e-02 2.670607463753115667e+02
4.379379379379379211e-02 2.670714404290051789e+02
4.466966966966966907e-02 2.670824057946141465e+02
4.554554554554554602e-02 2.670933711602230574e+02
4.642142142142142297e-02 2.671039379251563446e+02
4.729729729729729992e-02 2.671141181750130045e+02
4.817317317317316994e-02 2.671242844391366589e+02
4.904904904904904689e-02 2.671344507032603701e+02
4.992492492492492384e-02 2.671446169673840814e+02
5.080080080080080079e-02 2.671547832315077358e+02
5.167667667667667775e-02 2.671649494956314470e+02
5.255255255255255470e-02 2.671751157597551583e+02
5.342842842842842471e-02 2.671852571016764273e+02
5.430430430430430166e-02 2.671953634684546159e+02
5.518018018018017862e-02 2.672054698352329183e+02
5.605605605605605557e-02 2.672155762020112206e+02
5.693193193193193252e-02 2.672256825687894661e+02
5.780780780780780947e-02 2.672357889355677685e+02
5.868368368368368643e-02 2.672458953023459571e+02
5.955955955955955644e-02 2.672560016691243163e+02
6.043543543543543339e-02 2.672661080359025618e+02
6.131131131131131035e-02 2.672762144026808073e+02
6.218718718718718730e-02 2.672863207694590528e+02
6.306306306306305731e-02 2.672964271362373552e+02
6.393893893893894120e-02 2.673065335030156007e+02
6.481481481481481122e-02 2.673160197199171080e+02
6.569069069069069511e-02 2.673254410232053147e+02
6.656656656656656512e-02 2.673348623264935213e+02
6.744244244244243514e-02 2.673442836297817280e+02
6.831831831831831903e-02 2.673536622113269345e+02
6.919419419419418904e-02 2.673630293019385249e+02
7.007007007007007293e-02 2.673723963925501153e+02
7.094594594594594295e-02 2.673817634831617625e+02
7.182182182182182684e-02 2.673911305737733528e+02
7.269769769769769685e-02 2.674004976643850000e+02
7.357357357357356686e-02 2.674098647549965904e+02
7.444944944944945076e-02 2.674195112116915425e+02
7.532532532532532077e-02 2.674293756092196190e+02
7.620120120120120466e-02 2.674392400067477524e+02
7.707707707707707467e-02 2.674491044042758858e+02
7.795295295295295857e-02 2.674589688018039624e+02
7.882882882882882858e-02 2.674687130434099345e+02
7.970470470470469859e-02 2.674784384006690630e+02
8.058058058058058248e-02 2.674881637579280778e+02
8.145645645645645250e-02 2.674978891151871494e+02
8.233233233233233639e-02 2.675076144724462779e+02
8.320820820820820640e-02 2.675173398297052927e+02
8.408408408408407642e-02 2.675270651869644212e+02
8.495995995995996031e-02 2.675367905442234360e+02
8.583583583583583032e-02 2.675465159014825076e+02
8.671171171171171421e-02 2.675562412587416361e+02
8.758758758758758423e-02 2.675659666160007077e+02
8.846346346346346812e-02 2.675756919732597225e+02
8.933933933933933813e-02 2.675854173305188510e+02
9.021521521521520814e-02 2.675951426877779227e+02
9.109109109109109204e-02 2.676048680450369943e+02
9.196696696696696205e-02 2.676148559261021660e+02
9.284284284284284594e-02 2.676248658636130244e+02
9.371871871871871595e-02 2.676348758011238829e+02
9.459459459459459985e-02 2.676448857386347413e+02
9.547047047047046986e-02 2.676548956761455997e+02
9.634634634634633987e-02 2.676649056136565150e+02
9.722222222222222376e-02 2.676749155511673735e+02
9.809809809809809378e-02 2.676849254886782319e+02
9.897397397397397767e-02 2.676949354261890903e+02
9.984984984984984768e-02 2.677049453636999488e+02
1.007257257257257316e-01 2.677149553012108072e+02
1.016016016016016016e-01 2.677249652387217225e+02
1.024774774774774716e-01 2.677343992396433237e+02
1.033533533533533555e-01 2.677426554587626697e+02
1.042292292292292255e-01 2.677509116778820157e+02
1.051051051051051094e-01 2.677591678970013618e+02
1.059809809809809794e-01 2.677674241161207647e+02
1.068568568568568494e-01 2.677756803352401107e+02
1.077327327327327333e-01 2.677839365543594567e+02
1.086086086086086033e-01 2.677921927734788028e+02
1.094844844844844872e-01 2.678004489925981488e+02
1.103603603603603572e-01 2.678087052117174949e+02
1.112362362362362411e-01 2.678169614308368409e+02
1.121121121121121111e-01 2.678252176499562438e+02
1.129879879879879812e-01 2.678334738690755898e+02
1.138638638638638650e-01 2.678417300881949359e+02
1.147397397397397351e-01 2.678499863073142819e+02
1.156156156156156189e-01 2.678582425264336280e+02
1.164914914914914890e-01 2.678667499319003582e+02
1.173673673673673729e-01 2.678755827303975821e+02
1.182432432432432429e-01 2.678845209433834498e+02
1.191191191191191129e-01 2.678934591563692038e+02
1.199949949949949968e-01 2.679023973693550715e+02
1.208708708708708668e-01 2.679113355823408824e+02
1.217467467467467507e-01 2.679201674725906628e+02
1.226226226226226207e-01 2.679278406022429522e+02
1.234984984984984907e-01 2.679355137318952984e+02
1.243743743743743746e-01 2.679431868615475878e+02
1.252502502502502446e-01 2.679508599911998772e+02
1.261261261261261146e-01 2.679584189653522230e+02
1.270020020020020124e-01 2.679659131096164515e+02
1.278778778778778824e-01 2.679734072538807936e+02
1.287537537537537524e-01 2.679807308908319783e+02
1.296296296296296224e-01 2.679879997863928907e+02
1.305055055055054924e-01 2.679952686819536893e+02
1.313813813813813902e-01 2.680025375775146017e+02
1.322572572572572602e-01 2.680098064730754004e+02
1.331331331331331302e-01 2.680170753686363128e+02
1.340090090090090003e-01 2.680243442641971683e+02
1.348848848848848703e-01 2.680316131597580807e+02
1.357607607607607680e-01 2.680388820553189362e+02
1.366366366366366381e-01 2.680461509508797917e+02
1.375125125125125081e-01 2.680534198464406472e+02
1.383883883883883781e-01 2.680606887420015028e+02
1.392642642642642758e-01 2.680679576375623583e+02
1.401401401401401459e-01 2.680752265331232138e+02
1.410160160160160159e-01 2.680824954286840693e+02
1.418918918918918859e-01 2.680897643242449249e+02
1.427677677677677559e-01 2.680970332198058372e+02
1.436436436436436537e-01 2.681043021153666928e+02
1.445195195195195237e-01 2.681115898891756046e+02
1.453953953953953937e-01 2.681189630373623913e+02
1.462712712712712637e-01 2.681263748175230717e+02
1.471471471471471337e-01 2.681337991968636061e+02
1.480230230230230315e-01 2.681412235762041973e+02
1.488988988988989015e-01 2.681486479555448454e+02
1.497747747747747715e-01 2.681560723348854367e+02
1.506506506506506415e-01 2.681634967142260280e+02
1.515265265265265116e-01 2.681709210935666192e+02
1.524024024024024093e-01 2.681783454729072105e+02
1.532782782782782793e-01 2.681857698522478017e+02
1.541541541541541493e-01 2.681931942315883930e+02
1.550300300300300194e-01 2.682006186109289843e+02
1.559059059059059171e-01 2.682080429902695755e+02
1.567817817817817871e-01 2.682154673696101668e+02
1.576576576576576572e-01 2.682228917489507580e+02
1.585335335335335272e-01 2.682302723475775679e+02
1.594094094094093972e-01 2.682374373163145265e+02
1.602852852852852950e-01 2.682446022850515419e+02
1.611611611611611650e-01 2.682517672537885005e+02
1.620370370370370350e-01 2.682589322225255160e+02
1.629129129129129050e-01 2.682660971912624746e+02
1.637887887887887750e-01 2.682732621599994900e+02
1.646646646646646728e-01 2.682804271287364486e+02
1.655405405405405428e-01 2.682860407904345834e+02
1.664164164164164128e-01 2.682912722764244222e+02
1.672922922922922828e-01 2.682965037624142610e+02
1.681681681681681528e-01 2.683017352484040430e+02
1.690440440440440506e-01 2.683069667343938818e+02
1.699199199199199206e-01 2.683121982203837206e+02
1.707957957957957906e-01 2.683171986777398956e+02
1.716716716716716606e-01 2.683218232558605791e+02
1.725475475475475584e-01 2.683264478339812626e+02
1.734234234234234284e-01 2.683310724121019462e+02
1.742992992992992984e-01 2.683356969902226297e+02
1.751751751751751685e-01 2.683403215683433132e+02
1.760510510510510385e-01 2.683449461464639967e+02
1.769269269269269362e-01 2.683495707245846802e+02
1.778028028028028062e-01 2.683538804799690070e+02
1.786786786786786763e-01 2.683580041084623531e+02
1.795545545545545463e-01 2.683621277369556992e+02
1.804304304304304163e-01 2.683662513654490454e+02
1.813063063063063141e-01 2.683703749939423915e+02
1.821821821821821841e-01 2.683744986224356808e+02
1.830580580580580541e-01 2.683786222509289701e+02
1.839339339339339241e-01 2.683827458794223730e+02
1.848098098098098219e-01 2.683868695079156623e+02
1.856856856856856919e-01 2.683909931364090653e+02
1.865615615615615619e-01 2.683951167649024114e+02
1.874374374374374319e-01 2.683992403933956439e+02
1.883133133133133019e-01 2.684034918530579716e+02
1.891891891891891997e-01 2.684078267673473874e+02
1.900650650650650697e-01 2.684121616816368032e+02
1.909409409409409397e-01 2.684164965959262759e+02
1.918168168168168097e-01 2.684208315102156917e+02
1.926926926926926797e-01 2.684251664245051643e+02
1.935685685685685775e-01 2.684295013387945801e+02
1.944444444444444475e-01 2.684338362530840527e+02
1.953203203203203175e-01 2.684381711673734685e+02
1.961961961961961876e-01 2.684425060816629411e+02
1.970720720720720576e-01 2.684468409959523569e+02
1.979479479479479553e-01 2.684505615795133053e+02
1.988238238238238254e-01 2.684539597125070713e+02
1.996996996996996954e-01 2.684573578455008374e+02
2.005755755755755654e-01 2.684607559784946034e+02
2.014514514514514631e-01 2.684640084314949604e+02
2.023273273273273332e-01 2.684666515646657672e+02
2.032032032032032032e-01 2.684692946978366308e+02
2.040790790790790732e-01 2.684719378310074376e+02
2.049549549549549432e-01 2.684745809641782444e+02
2.058308308308308410e-01 2.684772240973490511e+02
2.067067067067067110e-01 2.684798672305198579e+02
2.075825825825825810e-01 2.684825103636907215e+02
2.084584584584584510e-01 2.684851534968615283e+02
2.093343343343343210e-01 2.684877966300323351e+02
2.102102102102102188e-01 2.684904397632031419e+02
2.110860860860860888e-01 2.684930828963739486e+02
2.119619619619619588e-01 2.684957260295448123e+02
2.128378378378378288e-01 2.684983691627156190e+02
2.137137137137136988e-01 2.685010122958864258e+02
2.145895895895895966e-01 2.685036554290572894e+02
2.154654654654654666e-01 2.685062985622280394e+02
2.163413413413413366e-01 2.685089416953989030e+02
2.172172172172172067e-01 2.685115288941386780e+02
2.180930930930931044e-01 2.685141091662165991e+02
2.189689689689689744e-01 2.685166894382944633e+02
2.198448448448448445e-01 2.685180892543019127e+02
2.207207207207207145e-01 2.685194270313402853e+02
2.215965965965965845e-01 2.685207648083786580e+02
2.224724724724724823e-01 2.685221025854170875e+02
2.233483483483483523e-01 2.685234403624555171e+02
2.242242242242242223e-01 2.685247781394939466e+02
2.251001001001000923e-01 2.685261159165323193e+02
2.259759759759759623e-01 2.685274536935707488e+02
2.268518518518518601e-01 2.685287914706091215e+02
2.277277277277277301e-01 2.685301292476475510e+02
2.286036036036036001e-01 2.685314670246859805e+02
2.294794794794794701e-01 2.685328048017243532e+02
2.303553553553553401e-01 2.685341425787628395e+02
2.312312312312312379e-01 2.685353678321262123e+02
2.321071071071071079e-01 2.685362037509554511e+02
2.329829829829829779e-01 2.685370396697846900e+02
2.338588588588588479e-01 2.685378755886139288e+02
2.347347347347347457e-01 2.685387115074431676e+02
2.356106106106106157e-01 2.685395474262724065e+02
2.364864864864864857e-01 2.685403833451016453e+02
2.373623623623623557e-01 2.685412192639308842e+02
2.382382382382382258e-01 2.685420551827601230e+02
2.391141141141141235e-01 2.685428433270591313e+02
2.399899899899899935e-01 2.685417741170138584e+02
2.408658658658658636e-01 2.685407049069685286e+02
2.417417417417417336e-01 2.685396356969231988e+02
2.426176176176176036e-01 2.685377421533430606e+02
2.434934934934935014e-01 2.685355740713239356e+02
2.443693693693693714e-01 2.685334059893048106e+02
2.452452452452452414e-01 2.685312379072856857e+02
2.461211211211211114e-01 2.685290698252665607e+02
2.469969969969969814e-01 2.685269017432474357e+02
2.478728728728728792e-01 2.685247336612283107e+02
2.487487487487487492e-01 2.685225655792091857e+02
2.496246246246246192e-01 2.685202190977511236e+02
2.505005005005004892e-01 2.685177087367998183e+02
2.513763763763763870e-01 2.685151983758484562e+02
2.522522522522522292e-01 2.685126880148971509e+02
2.531281281281281270e-01 2.685101776539457887e+02
2.540040040040040248e-01 2.685077536474340150e+02
2.548798798798798670e-01 2.685053770106814000e+02
2.557557557557557648e-01 2.685030003739288418e+02
2.566316316316316071e-01 2.685006237371762836e+02
2.575075075075075048e-01 2.684982471004237254e+02
2.583833833833834026e-01 2.684958704636711673e+02
2.592592592592592449e-01 2.684934938269186091e+02
2.601351351351351426e-01 2.684911171901660509e+02
2.610110110110109849e-01 2.684887405534134928e+02
2.618868868868868827e-01 2.684863639166608777e+02
2.627627627627627804e-01 2.684839470940890465e+02
2.636386386386386227e-01 2.684814597595704981e+02
2.645145145145145205e-01 2.684789724250518930e+02
2.653903903903903627e-01 2.684764850905332878e+02
2.662662662662662605e-01 2.684739977560146826e+02
2.671421421421421583e-01 2.684715104214961343e+02
2.680180180180180005e-01 2.684673586682124551e+02
2.688938938938938983e-01 2.684626988689916516e+02
2.697697697697697405e-01 2.684580390697708481e+02
2.706456456456456383e-01 2.684533792705499877e+02
2.715215215215215361e-01 2.684487194713291274e+02
2.723973973973973783e-01 2.684440596721083239e+02
2.732732732732732761e-01 2.684393998728874635e+02
2.741491491491491739e-01 2.684344645762664072e+02
2.750250250250250161e-01 2.684294051286561285e+02
2.759009009009009139e-01 2.684243456810457928e+02
2.767767767767767562e-01 2.684192862334355141e+02
2.776526526526526539e-01 2.684142267858252353e+02
2.785285285285285517e-01 2.684091673382148997e+02
2.794044044044043940e-01 2.684041078906046778e+02
2.802802802802802917e-01 2.683990484429943422e+02
2.811561561561561340e-01 2.683939889953840066e+02
2.820320320320320318e-01 2.683889295477737278e+02
2.829079079079079295e-01 2.683839799759189191e+02
2.837837837837837718e-01 2.683791718579875578e+02
2.846596596596596696e-01 2.683743637400561965e+02
2.855355355355355118e-01 2.683695556221248921e+02
2.864114114114114096e-01 2.683647475041935877e+02
2.872872872872873073e-01 2.683598501817471060e+02
2.881631631631631496e-01 2.683539291255621038e+02
2.890390390390390474e-01 2.683480080693772152e+02
2.899149149149148896e-01 2.683420870131922698e+02
2.907907907907907874e-01 2.683361659570073243e+02
2.916666666666666852e-01 2.683302449008223789e+02
2.925425425425425274e-01 2.683243238446374335e+02
2.934184184184184252e-01 2.683184027884524880e+02
2.942942942942942675e-01 2.683124817322675426e+02
2.951701701701701652e-01 2.683065492449692897e+02
2.960460460460460630e-01 2.683005481960359475e+02
2.969219219219219053e-01 2.682945471471025485e+02
2.977977977977978030e-01 2.682885460981691494e+02
2.986736736736736453e-01 2.682825450492357504e+02
2.995495495495495430e-01 2.682765079852219969e+02
3.004254254254254408e-01 2.682704440559795103e+02
3.013013013013012831e-01 2.682643801267369668e+02
3.021771771771771808e-01 2.682583161974944801e+02
3.030530530530530231e-01 2.682522522682519366e+02
3.039289289289289209e-01 2.682461883390094499e+02
3.048048048048048186e-01 2.682401244097669633e+02
3.056806806806806609e-01 2.682340604805244197e+02
3.065565565565565587e-01 2.682279965512819331e+02
3.074324324324324564e-01 2.682212452358600103e+02
3.083083083083082987e-01 2.682137696548406325e+02
3.091841841841841965e-01 2.682062940738212546e+02
3.100600600600600387e-01 2.681988184928019336e+02
3.109359359359359365e-01 2.681913429117825558e+02
3.118118118118118343e-01 2.681837242402174297e+02
3.126876876876876765e-01 2.681757278784563709e+02
3.135635635635635743e-01 2.681677315166953122e+02
3.144394394394394165e-01 2.681597351549343102e+02
3.153153153153153143e-01 2.681517387931732515e+02
3.161911911911912121e-01 2.681437424314121927e+02
3.170670670670670543e-01 2.681357460696511339e+02
3.179429429429429521e-01 2.681277497078900751e+02
3.188188188188187944e-01 2.681197533461290732e+02
3.196946946946946921e-01 2.681113860163615641e+02
3.205705705705705899e-01 2.681030004657037011e+02
3.214464464464464322e-01 2.680946149150457813e+02
3.223223223223223299e-01 2.680862293643878616e+02
3.231981981981981722e-01 2.680778438137299418e+02
3.240740740740740700e-01 2.680694582630720788e+02
3.249499499499499677e-01 2.680610727124141590e+02
3.258258258258258100e-01 2.680526871617562392e+02
3.267017017017017078e-01 2.680444748198906382e+02
3.275775775775775500e-01 2.680364611943631417e+02
3.284534534534534478e-01 2.680284475688357020e+02
3.293293293293293456e-01 2.680204339433082055e+02
3.302052052052051878e-01 2.680124203177807090e+02
3.310810810810810856e-01 2.680044066922532124e+02
3.319569569569569278e-01 2.679963930667257728e+02
3.328328328328328256e-01 2.679873388975960324e+02
3.337087087087087234e-01 2.679775764186646825e+02
3.345845845845845656e-01 2.679678139397333325e+02
3.354604604604604634e-01 2.679580514608019826e+02
3.363363363363363057e-01 2.679482889818706894e+02
3.372122122122122034e-01 2.679383671658454205e+02
3.380880880880881012e-01 2.679282948941956306e+02
3.389639639639639435e-01 2.679182226225458976e+02
3.398398398398398412e-01 2.679081503508960509e+02
3.407157157157157390e-01 2.678980780792463179e+02
3.415915915915915813e-01 2.678880058075965280e+02
3.424674674674674790e-01 2.678779335359467382e+02
3.433433433433433213e-01 2.678678612642970052e+02
3.442192192192192191e-01 2.678576066693052553e+02
3.450950950950951168e-01 2.678463485368856709e+02
3.459709709709709591e-01 2.678350904044660297e+02
3.468468468468468568e-01 2.678238322720464453e+02
3.477227227227226991e-01 2.678125741396268609e+02
3.485985985985985969e-01 2.678013160072072196e+02
3.494744744744744946e-01 2.677900578747876352e+02
3.503503503503503369e-01 2.677787997423679940e+02
3.512262262262262347e-01 2.677675416099484096e+02
3.521021021021020769e-01 2.677562834775287683e+02
3.529779779779779747e-01 2.677450253451091839e+02
3.538538538538538725e-01 2.677337672126895995e+02
3.547297297297297147e-01 2.677225090802699583e+02
3.556056056056056125e-01 2.677112509478503739e+02
3.564814814814814548e-01 2.676999488826255629e+02
3.573573573573573525e-01 2.676875168545263932e+02
3.582332332332332503e-01 2.676750323480064253e+02
3.591091091091090926e-01 2.676625478414864006e+02
3.599849849849849903e-01 2.676500633349664326e+02
3.608608608608608326e-01 2.676375788284464647e+02
3.617367367367367303e-01 2.676250943219264968e+02
3.626126126126126281e-01 2.676126098154065289e+02
3.634884884884884704e-01 2.676001253088865610e+02
3.643643643643643681e-01 2.675876408023665931e+02
3.652402402402402104e-01 2.675751562958466252e+02
3.661161161161161082e-01 2.675626717893266004e+02
3.669919919919920059e-01 2.675501872828066325e+02
3.678678678678678482e-01 2.675377027762867215e+02
3.687437437437437460e-01 2.675252182697666967e+02
3.696196196196196437e-01 2.675127337632467288e+02
3.704954954954954860e-01 2.674974025712739376e+02
3.713713713713713838e-01 2.674812861972213227e+02
3.722472472472472260e-01 2.674651698231687078e+02
3.731231231231231238e-01 2.674490534491160929e+02
3.739989989989990216e-01 2.674329370750634780e+02
3.748748748748748638e-01 2.674168207010108631e+02
3.757507507507507616e-01 2.674007043269582482e+02
3.766266266266266038e-01 2.673845879529056901e+02
3.775025025025025016e-01 2.673684715788530184e+02
3.783783783783783994e-01 2.673523552048004035e+02
3.792542542542542416e-01 2.673362388307477886e+02
3.801301301301301394e-01 2.673201224566951737e+02
3.810060060060059817e-01 2.673038869634824550e+02
3.818818818818818794e-01 2.672873047877315571e+02
3.827577577577577772e-01 2.672707226119806592e+02
3.836336336336336195e-01 2.672541404362298181e+02
3.845095095095095172e-01 2.672375582604788633e+02
3.853853853853853595e-01 2.672209760847280222e+02
3.862612612612612573e-01 2.672043939089770674e+02
3.871371371371371550e-01 2.671873105930300198e+02
3.880130130130129973e-01 2.671699138293416809e+02
3.888888888888888951e-01 2.671525170656533419e+02
3.897647647647647373e-01 2.671351203019649461e+02
3.906406406406406351e-01 2.671177235382766071e+02
3.915165165165165329e-01 2.671003267745882681e+02
3.923923923923923751e-01 2.670829300108999291e+02
3.932682682682682729e-01 2.670655332472115333e+02
3.941441441441441151e-01 2.670460751615175923e+02
3.950200200200200129e-01 2.670261572351481618e+02
3.958958958958959107e-01 2.670062393087788450e+02
3.967717717717717529e-01 2.669863213824094714e+02
3.976476476476476507e-01 2.669664034560400978e+02
3.985235235235234930e-01 2.669464855296707242e+02
3.993993993993993907e-01 2.669265676033013506e+02
4.002752752752752885e-01 2.669066496769319201e+02
4.011511511511511308e-01 2.668867317505625465e+02
4.020270270270270285e-01 2.668668138241931729e+02
4.029029029029029263e-01 2.668468958978237993e+02
4.037787787787787686e-01 2.668269779714544825e+02
4.046546546546546663e-01 2.668070600450851089e+02
4.055305305305305086e-01 2.667871421187157353e+02
4.064064064064064064e-01 2.667672241923463048e+02
4.072822822822823041e-01 2.667473147415602739e+02
4.081581581581581464e-01 2.667276648737494043e+02
4.090340340340340441e-01 2.667080150059386483e+02
4.099099099099098864e-01 2.666883651381278355e+02
4.107857857857857842e-01 2.666687152703170227e+02
4.116616616616616819e-01 2.666490654025061531e+02
4.125375375375375242e-01 2.666294155346953403e+02
4.134134134134134220e-01 2.666097656668845843e+02
4.142892892892892642e-01 2.665865554159552744e+02
4.151651651651651620e-01 2.665629550062416229e+02
4.160410410410410598e-01 2.665434123034744971e+02
4.169169169169169020e-01 2.665242402412790170e+02
4.177927927927927998e-01 2.665041864604554007e+02
4.186686686686686421e-01 2.664838174086719391e+02
4.195445445445445398e-01 2.664634483568884775e+02
4.204204204204204376e-01 2.664430793051050728e+02
4.212962962962962798e-01 2.664227102533215543e+02
4.221721721721721776e-01 2.664023403332864177e+02
4.230480480480480199e-01 2.663819598514930931e+02
4.239239239239239176e-01 2.663615793696997684e+02
4.247997997997998154e-01 2.663411988879065007e+02
4.256756756756756577e-01 2.663208184061131760e+02
4.265515515515515554e-01 2.663004379243199082e+02
4.274274274274273977e-01 2.662800574425265836e+02
4.283033033033032955e-01 2.662596769607332590e+02
4.291791791791791932e-01 2.662390021235734707e+02
4.300550550550550355e-01 2.662182326795566496e+02
4.309309309309309333e-01 2.661974632355398285e+02
4.318068068068067755e-01 2.661766937915230073e+02
4.326826826826826733e-01 2.661559243475061862e+02
4.335585585585585711e-01 2.661351549034893651e+02
4.344344344344344133e-01 2.661123790477204238e+02
4.353103103103103111e-01 2.660885847121983261e+02
4.361861861861862089e-01 2.660647903766762283e+02
4.370620620620620511e-01 2.660409960411541306e+02
4.379379379379379489e-01 2.660172017056321465e+02
4.388138138138137911e-01 2.659934073701100488e+02
4.396896896896896889e-01 2.659696130345879510e+02
4.405655655655655867e-01 2.659458186990659101e+02
4.414414414414414289e-01 2.659220243635438123e+02
4.423173173173173267e-01 2.658982300280217714e+02
4.431931931931931690e-01 2.658744356924996737e+02
4.440690690690690667e-01 2.658506413569775759e+02
4.449449449449449645e-01 2.658268470214555350e+02
4.458208208208208068e-01 2.658030526859334373e+02
4.466966966966967045e-01 2.657792583504113963e+02
4.475725725725725468e-01 2.657554640148892986e+02
4.484484484484484446e-01 2.657316696793672008e+02
4.493243243243243423e-01 2.657078753438451599e+02
4.502002002002001846e-01 2.656840810083231190e+02
4.510760760760760824e-01 2.656602866728010213e+02
4.519519519519519246e-01 2.656359330670766212e+02
4.528278278278278224e-01 2.656112828416878529e+02
4.537037037037037202e-01 2.655866326162990845e+02
4.545795795795795624e-01 2.655619823909103161e+02
4.554554554554554602e-01 2.655373321655215477e+02
4.563313313313313024e-01 2.655126819401327793e+02
4.572072072072072002e-01 2.654880317147440678e+02
4.580830830830830980e-01 2.654633814893552426e+02
4.589589589589589402e-01 2.654387312639664742e+02
4.598348348348348380e-01 2.654140810385777058e+02
4.607107107107106803e-01 2.653894308131889375e+02
4.615865865865865780e-01 2.653647805878002259e+02
4.624624624624624758e-01 2.653401303624114007e+02
4.633383383383383181e-01 2.653154801370226892e+02
4.642142142142142158e-01 2.652908299116338640e+02
4.650900900900901136e-01 2.652661796862450956e+02
4.659659659659659559e-01 2.652415294608563840e+02
4.668418418418418536e-01 2.652168792354675588e+02
4.677177177177176959e-01 2.651922290100787905e+02
4.685935935935935936e-01 2.651670227077477193e+02
4.694694694694694914e-01 2.651414920050419823e+02
4.703453453453453337e-01 2.651159613023363022e+02
4.712212212212212314e-01 2.650904305996306221e+02
4.720970970970970737e-01 2.650648998969249419e+02
4.729729729729729715e-01 2.650396157452104831e+02
4.738488488488488692e-01 2.650144497328226976e+02
4.747247247247247115e-01 2.649892837204347984e+02
4.756006006006006093e-01 2.649641177080468992e+02
4.764764764764764515e-01 2.649389516956590569e+02
4.773523523523523493e-01 2.649137856832711577e+02
4.782282282282282471e-01 2.648886196708833154e+02
4.791041041041040893e-01 2.648634536584954731e+02
4.799799799799799871e-01 2.648381036367088655e+02
4.808558558558558294e-01 2.648126467749473250e+02
4.817317317317317271e-01 2.647871899131857845e+02
4.826076076076076249e-01 2.647617330514241871e+02
4.834834834834834671e-01 2.647362761896625898e+02
4.843593593593593649e-01 2.647108193279010493e+02
4.852352352352352072e-01 2.646853624661395088e+02
4.861111111111111049e-01 2.646599056043779683e+02
4.869869869869870027e-01 2.646324961366643720e+02
4.878628628628628450e-01 2.646047337694164980e+02
4.887387387387387427e-01 2.645769714021685672e+02
4.896146146146145850e-01 2.645492090349206933e+02
4.904904904904904828e-01 2.645214466676728193e+02
4.913663663663663805e-01 2.644936843004248885e+02
4.922422422422422228e-01 2.644659219331770146e+02
4.931181181181181206e-01 2.644381595659291406e+02
4.939939939939939628e-01 2.644103971986812098e+02
4.948698698698698606e-01 2.643826348314333927e+02
4.957457457457457584e-01 2.643548724641854619e+02
4.966216216216216006e-01 2.643271100969375880e+02
4.974974974974974984e-01 2.642993477296896572e+02
4.983733733733733962e-01 2.642718278971770474e+02
4.992492492492492384e-01 2.642443551129474599e+02
5.001251251251250807e-01 2.642168823287178157e+02
5.010010010010009784e-01 2.641894095444881714e+02
5.018768768768768762e-01 2.641619367602585271e+02
5.027527527527527740e-01 2.641344639760288828e+02
5.036286286286286717e-01 2.641069911917992954e+02
5.045045045045044585e-01 2.640795184075695943e+02
5.053803803803803563e-01 2.640520456233400068e+02
5.062562562562562540e-01 2.640245690808246763e+02
5.071321321321321518e-01 2.639953676024683773e+02
5.080080080080080496e-01 2.639641928387513303e+02
5.088838838838838363e-01 2.639319415773573496e+02
5.097597597597597341e-01 2.638996903159633689e+02
5.106356356356356319e-01 2.638674390545693313e+02
5.115115115115115296e-01 2.638351877931752938e+02
5.123873873873874274e-01 2.638029365317813131e+02
5.132632632632632141e-01 2.637706852703872755e+02
5.141391391391391119e-01 2.637384340089932380e+02
5.150150150150150097e-01 2.637073465264772949e+02
5.158908908908909074e-01 2.636763002717477207e+02
5.167667667667668052e-01 2.636452540170182033e+02
5.176426426426425920e-01 2.636142077622887427e+02
5.185185185185184897e-01 2.635831615075591685e+02
5.193943943943943875e-01 2.635521152528297080e+02
5.202702702702702853e-01 2.635210689981001906e+02
5.211461461461461830e-01 2.634900227433706732e+02
5.220220220220219698e-01 2.634589764886411558e+02
5.228978978978978676e-01 2.634279302339116384e+02
5.237737737737737653e-01 2.633968839791821210e+02
5.246496496496496631e-01 2.633658377244526037e+02
5.255255255255255609e-01 2.633347914697230863e+02
5.264014014014013476e-01 2.633037452149935689e+02
5.272772772772772454e-01 2.632726989602640515e+02
5.281531531531531432e-01 2.632416885136927931e+02
5.290290290290290409e-01 2.632106821013780404e+02
5.299049049049049387e-01 2.631796756890632878e+02
5.307807807807807254e-01 2.631486692767484783e+02
5.316566566566566232e-01 2.631176628644336688e+02
5.325325325325325210e-01 2.630866564521189161e+02
5.334084084084084187e-01 2.630556500398041635e+02
5.342842842842843165e-01 2.630246436274893540e+02
5.351601601601601033e-01 2.629934084531768121e+02
5.360360360360360010e-01 2.629620391194893045e+02
5.369119119119118988e-01 2.629303306240425400e+02
5.377877877877877966e-01 2.628982177818583068e+02
5.386636636636636943e-01 2.628661049396741305e+02
5.395395395395394811e-01 2.628339920974898973e+02
5.404154154154153789e-01 2.628018792553057210e+02
5.412912912912912766e-01 2.627697664131214310e+02
5.421671671671671744e-01 2.627376535709372547e+02
5.430430430430430722e-01 2.627055407287530215e+02
5.439189189189188589e-01 2.626734278865687884e+02
5.447947947947947567e-01 2.626413150443845552e+02
5.456706706706706544e-01 2.626092022022003221e+02
5.465465465465465522e-01 2.625770893600161457e+02
5.474224224224224500e-01 2.625439811431068620e+02
5.482982982982983478e-01 2.625102428505929311e+02
5.491741741741741345e-01 2.624765045580790570e+02
5.500500500500500323e-01 2.624427662655651829e+02
5.509259259259259300e-01 2.624090279730512520e+02
5.518018018018018278e-01 2.623752896805373211e+02
5.526776776776777256e-01 2.623415513880234471e+02
5.535535535535535123e-01 2.623078130955095162e+02
5.544294294294294101e-01 2.622740748029956421e+02
5.553053053053053079e-01 2.622403365104817681e+02
5.561811811811812056e-01 2.622055290329826676e+02
5.570570570570571034e-01 2.621705122938079739e+02
5.579329329329328901e-01 2.621354955546333372e+02
5.588088088088087879e-01 2.621004788154586436e+02
5.596846846846846857e-01 2.620654620762839500e+02
5.605605605605605835e-01 2.620304453371092563e+02
5.614364364364364812e-01 2.619954285979345627e+02
5.623123123123122680e-01 2.619604118587599260e+02
5.631881881881881657e-01 2.619253951195851755e+02
5.640640640640640635e-01 2.618903783804105387e+02
5.649399399399399613e-01 2.618553616412358451e+02
5.658158158158158590e-01 2.618201786283443653e+02
5.666916916916916458e-01 2.617843192967268351e+02
5.675675675675675436e-01 2.617484599651093049e+02
5.684434434434434413e-01 2.617126884975775170e+02
5.693193193193193391e-01 2.616769236696845837e+02
5.701951951951952369e-01 2.616408307871593593e+02
5.710710710710710236e-01 2.616043524400451474e+02
5.719469469469469214e-01 2.615678740929310493e+02
5.728228228228228192e-01 2.615313957458168943e+02
5.736986986986987169e-01 2.614949173987027393e+02
5.745745745745746147e-01 2.614584390515885843e+02
5.754504504504504014e-01 2.614219607044744293e+02
5.763263263263262992e-01 2.613854823573602744e+02
5.772022022022021970e-01 2.613490040102461762e+02
5.780780780780780947e-01 2.613125256631319644e+02
5.789539539539539925e-01 2.612760473160178663e+02
5.798298298298297793e-01 2.612395689689037113e+02
5.807057057057056770e-01 2.612030906217895563e+02
5.815815815815815748e-01 2.611666122746753445e+02
5.824574574574574726e-01 2.611301339275612463e+02
5.833333333333333703e-01 2.610936555804470913e+02
5.842092092092091571e-01 2.610571772333329363e+02
5.850850850850850549e-01 2.610200319683961538e+02
5.859609609609609526e-01 2.609825127063738250e+02
5.868368368368368504e-01 2.609449934443514394e+02
5.877127127127127482e-01 2.609074741823291106e+02
5.885885885885885349e-01 2.608699549203067249e+02
5.894644644644644327e-01 2.608324356582843393e+02
5.903403403403403304e-01 2.607949163962620105e+02
5.912162162162162282e-01 2.607573971342396817e+02
5.920920920920921260e-01 2.607198778722172392e+02
5.929679679679679127e-01 2.606823586101949672e+02
5.938438438438438105e-01 2.606448393481725816e+02
5.947197197197197083e-01 2.606073200861502528e+02
5.955955955955956060e-01 2.605698008241278671e+02
5.964714714714715038e-01 2.605322815621054815e+02
5.973473473473472906e-01 2.604947623000831527e+02
5.982232232232231883e-01 2.604571570968865899e+02
5.990990990990990861e-01 2.604180593496305391e+02
5.999749749749749839e-01 2.603789616023744315e+02
6.008508508508508816e-01 2.603398638551183240e+02
6.017267267267266684e-01 2.603007661078622732e+02
6.026026026026025662e-01 2.602616683606061656e+02
6.034784784784784639e-01 2.602225706133500580e+02
6.043543543543543617e-01 2.601834728660939504e+02
6.052302302302302595e-01 2.601443751188378997e+02
6.061061061061060462e-01 2.601067681278344708e+02
6.069819819819819440e-01 2.600697905979162101e+02
6.078578578578578417e-01 2.600328130679980063e+02
6.087337337337337395e-01 2.599958355380798025e+02
6.096096096096096373e-01 2.599588580081615419e+02
6.104854854854855351e-01 2.599218804782433381e+02
6.113613613613613218e-01 2.598832974973303749e+02
6.122372372372372196e-01 2.598442927822433148e+02
6.131131131131131173e-01 2.598052880671561979e+02
6.139889889889890151e-01 2.597662833520690810e+02
6.148648648648649129e-01 2.597255375189153028e+02
6.157407407407406996e-01 2.596844258008138695e+02
6.166166166166165974e-01 2.596433140827123793e+02
6.174924924924924952e-01 2.596022023646109460e+02
6.183683683683683929e-01 2.595610906465094558e+02
6.192442442442442907e-01 2.595202511411347359e+02
6.201201201201200774e-01 2.594798319083525939e+02
6.209959959959959752e-01 2.594394126755703951e+02
6.218718718718718730e-01 2.593989934427881963e+02
6.227477477477477708e-01 2.593585742100060543e+02
6.236236236236236685e-01 2.593181549772238554e+02
6.244994994994994553e-01 2.592777357444416566e+02
6.253753753753753530e-01 2.592373165116594578e+02
6.262512512512512508e-01 2.591968972788772589e+02
6.271271271271271486e-01 2.591564780460950601e+02
6.280030030030030463e-01 2.591160588133128613e+02
6.288788788788788331e-01 2.590756395805307193e+02
6.297547547547547309e-01 2.590352203477485205e+02
6.306306306306306286e-01 2.589948011149663785e+02
6.315065065065065264e-01 2.589543818821841228e+02
6.323823823823824242e-01 2.589139626494019808e+02
6.332582582582582109e-01 2.588730780133317921e+02
6.341341341341341087e-01 2.588319458695554545e+02
6.350100100100100065e-01 2.587908137257791168e+02
6.358858858858859042e-01 2.587496815820027223e+02
6.367617617617618020e-01 2.587085494382263846e+02
6.376376376376375887e-01 2.586674172944501038e+02
6.385135135135134865e-01 2.586262851506737661e+02
6.393893893893893843e-01 2.585851530068973716e+02
6.402652652652652820e-01 2.585440208631210339e+02
6.411411411411411798e-01 2.585028616998611710e+02
6.420170170170169666e-01 2.584629935634985713e+02
6.428928928928928643e-01 2.584236237644325911e+02
6.437687687687687621e-01 2.583841765526795484e+02
6.446446446446446599e-01 2.583447065008921868e+02
6.455205205205205576e-01 2.583052364491048820e+02
6.463963963963963444e-01 2.582657663973175772e+02
6.472722722722722422e-01 2.582262963455302724e+02
6.481481481481481399e-01 2.581868262937429677e+02
6.490240240240240377e-01 2.581473562419556060e+02
6.498998998998999355e-01 2.581078861901683013e+02
6.507757757757757222e-01 2.580684161383809965e+02
6.516516516516516200e-01 2.580289460865936348e+02
6.525275275275275177e-01 2.579894760348063869e+02
6.534034034034034155e-01 2.579500059830190253e+02
6.542792792792793133e-01 2.579105359312317205e+02
6.551551551551551000e-01 2.578707619958209420e+02
6.560310310310309978e-01 2.578301092755996820e+02
6.569069069069068956e-01 2.577894565553783650e+02
6.577827827827827933e-01 2.577488038351571049e+02
6.586586586586586911e-01 2.577081511149358448e+02
6.595345345345344779e-01 2.576674295581376555e+02
6.604104104104103756e-01 2.576261964638092650e+02
6.612862862862862734e-01 2.575849633694808745e+02
6.621621621621621712e-01 2.575444037049572330e+02
6.630380380380380689e-01 2.575054560980328233e+02
6.639139139139138557e-01 2.574662775811332835e+02
6.647897897897897534e-01 2.574268568950039366e+02
6.656656656656656512e-01 2.573874362088746466e+02
6.665415415415415490e-01 2.573445151215576630e+02
6.674174174174174468e-01 2.573010088665133139e+02
6.682932932932932335e-01 2.572575026114689649e+02
6.691691691691691313e-01 2.572139963564246159e+02
6.700450450450450290e-01 2.571704901013802669e+02
6.709209209209209268e-01 2.571266817562405436e+02
6.717967967967968246e-01 2.570827615702937692e+02
6.726726726726726113e-01 2.570388413843469380e+02
6.735485485485485091e-01 2.569949211984001636e+02
6.744244244244244069e-01 2.569510010124533892e+02
6.753003003003003046e-01 2.569074408429731875e+02
6.761761761761762024e-01 2.568641218043707113e+02
6.770520520520521002e-01 2.568208027657681782e+02
6.779279279279278869e-01 2.567774837271657020e+02
6.788038038038037847e-01 2.567341646885631690e+02
6.796796796796796825e-01 2.566908456499606928e+02
6.805555555555555802e-01 2.566475266113581597e+02
6.814314314314314780e-01 2.566042075727556266e+02
6.823073073073072647e-01 2.565608885341530936e+02
6.831831831831831625e-01 2.565175694955505605e+02
6.840590590590590603e-01 2.564742504569480843e+02
6.849349349349349581e-01 2.564309314183456081e+02
6.858108108108108558e-01 2.563876123797430751e+02
6.866866866866866426e-01 2.563442933411405988e+02
6.875625625625625403e-01 2.563009743025380658e+02
6.884384384384384381e-01 2.562576552639355327e+02
6.893143143143143359e-01 2.562143362253329997e+02
6.901901901901902336e-01 2.561710171867305235e+02
6.910660660660660204e-01 2.561284406797680617e+02
6.919419419419419182e-01 2.560858753895461177e+02
6.928178178178178159e-01 2.560433100993242306e+02
6.936936936936937137e-01 2.560007448091023434e+02
6.945695695695696115e-01 2.559581795188804278e+02
6.954454454454453982e-01 2.559151445543172940e+02
6.963213213213212960e-01 2.558699110496813773e+02
6.971971971971971938e-01 2.558246775450455175e+02
6.980730730730730915e-01 2.557794440404096576e+02
6.989489489489489893e-01 2.557342105357737410e+02
6.998248248248247760e-01 2.556889770311378811e+02
7.007007007007006738e-01 2.556437435265019928e+02
7.015765765765765716e-01 2.555985100218661046e+02
7.024524524524524693e-01 2.555532765172302163e+02
7.033283283283283671e-01 2.555080430125943280e+02
7.042042042042041539e-01 2.554628095079584682e+02
7.050800800800800516e-01 2.554175786533313044e+02
7.059559559559559494e-01 2.553723485549545273e+02
7.068318318318318472e-01 2.553271184565777503e+02
7.077077077077077449e-01 2.552818883582009732e+02
7.085835835835835317e-01 2.552366582598241962e+02
7.094594594594594295e-01 2.551914281614474476e+02
7.103353353353353272e-01 2.551461980630706705e+02
7.112112112112112250e-01 2.551009679646938935e+02
7.120870870870871228e-01 2.550553872865268090e+02
7.129629629629629095e-01 2.550096963411952800e+02
7.138388388388388073e-01 2.549640053958636656e+02
7.147147147147147050e-01 2.549183144505321081e+02
7.155905905905906028e-01 2.548726235052005791e+02
7.164664664664665006e-01 2.548269325598689932e+02
7.173423423423422873e-01 2.547812416145374073e+02
7.182182182182181851e-01 2.547355506692058498e+02
7.190940940940940829e-01 2.546898597238742639e+02
7.199699699699699806e-01 2.546441687785426780e+02
7.208458458458458784e-01 2.545984778332111205e+02
7.217217217217216652e-01 2.545527868878795630e+02
7.225975975975975629e-01 2.545070959425480339e+02
7.234734734734734607e-01 2.544614049972164480e+02
7.243493493493493585e-01 2.544157140518848905e+02
7.252252252252252562e-01 2.543700231065533330e+02
7.261011011011010430e-01 2.543243321612217471e+02
7.269769769769769407e-01 2.542786412158901896e+02
7.278528528528528385e-01 2.542329502705586037e+02
7.287287287287287363e-01 2.541872593252270462e+02
7.296046046046046341e-01 2.541414807508961928e+02
7.304804804804804208e-01 2.540952101354298520e+02
7.313563563563563186e-01 2.540486750628015500e+02
7.322322322322322163e-01 2.540002715531484512e+02
7.331081081081081141e-01 2.539516393232375719e+02
7.339839839839840119e-01 2.538985434935800072e+02
7.348598598598597986e-01 2.538485770827220449e+02
7.357357357357356964e-01 2.537986106718640542e+02
7.366116116116115942e-01 2.537487143032209929e+02
7.374874874874874919e-01 2.536998875781845868e+02
7.383633633633633897e-01 2.536510608531481523e+02
7.392392392392392875e-01 2.536022341281117178e+02
7.401151151151150742e-01 2.535534074030753118e+02
7.409909909909909720e-01 2.535045806780388773e+02
7.418668668668668698e-01 2.534557539530024144e+02
7.427427427427427675e-01 2.534069272279660368e+02
7.436186186186186653e-01 2.533581005029295738e+02
7.444944944944944520e-01 2.533092737778931678e+02
7.453703703703703498e-01 2.532604470528567617e+02
7.462462462462462476e-01 2.532116203278202988e+02
7.471221221221221453e-01 2.531627936027838643e+02
7.479979979979980431e-01 2.531139668777474299e+02
7.488738738738738299e-01 2.530651401527110238e+02
7.497497497497497276e-01 2.530163134276746177e+02
7.506256256256256254e-01 2.529674867026381548e+02
7.515015015015015232e-01 2.529195573117772824e+02
7.523773773773774209e-01 2.528765005799392611e+02
7.532532532532532077e-01 2.528319595594504676e+02
7.541291291291291055e-01 2.527856357772887463e+02
7.550050050050050032e-01 2.527393119951270251e+02
7.558808808808809010e-01 2.526929882129653038e+02
7.567567567567567988e-01 2.526466644308035825e+02
7.576326326326325855e-01 2.526003406486418328e+02
7.585085085085084833e-01 2.525540168664801683e+02
7.593843843843843811e-01 2.525068415885874344e+02
7.602602602602602788e-01 2.524596055842378632e+02
7.611361361361361766e-01 2.524130329332479903e+02
7.620120120120119633e-01 2.523675900177230460e+02
7.628878878878878611e-01 2.523221471021980733e+02
7.637637637637637589e-01 2.522767041866731290e+02
7.646396396396396566e-01 2.522312612711481847e+02
7.655155155155155544e-01 2.521858183556232404e+02
7.663913913913913412e-01 2.521403754400982677e+02
7.672672672672672389e-01 2.520949325245733235e+02
7.681431431431431367e-01 2.520494896090483792e+02
7.690190190190190345e-01 2.520040466935234065e+02
7.698948948948949322e-01 2.519586037779984622e+02
7.707707707707707190e-01 2.519131608624735463e+02
7.716466466466466168e-01 2.518677179469485736e+02
7.725225225225225145e-01 2.518222750314236293e+02
7.733983983983984123e-01 2.517768321158987135e+02
7.742742742742743101e-01 2.517313892003737408e+02
7.751501501501500968e-01 2.516851860500969451e+02
7.760260260260259946e-01 2.516372403097557537e+02
7.769019019019018923e-01 2.515892945694145624e+02
7.777777777777777901e-01 2.515413488290733710e+02
7.786536536536536879e-01 2.514934030887321228e+02
7.795295295295294746e-01 2.514454573483909599e+02
7.804054054054053724e-01 2.513975116080497969e+02
7.812812812812812702e-01 2.513495658677086340e+02
7.821571571571571679e-01 2.513018272921042353e+02
7.830330330330330657e-01 2.512544338997304294e+02
7.839089089089088525e-01 2.512070405073566235e+02
7.847847847847847502e-01 2.511596471149828460e+02
7.856606606606606480e-01 2.511122378137644091e+02
7.865365365365365458e-01 2.510648052185406698e+02
7.874124124124124435e-01 2.510173726233169020e+02
7.882882882882882303e-01 2.509699400280931627e+02
7.891641641641641280e-01 2.509225074328693950e+02
7.900400400400400258e-01 2.508750748376456272e+02
7.909159159159159236e-01 2.508276422424218879e+02
7.917917917917918214e-01 2.507796597116395390e+02
7.926676676676676081e-01 2.507313082782106903e+02
7.935435435435435059e-01 2.506829568447818417e+02
7.944194194194194036e-01 2.506346054113530215e+02
7.952952952952953014e-01 2.505862539779242013e+02
7.961711711711711992e-01 2.505379025444953527e+02
7.970470470470469859e-01 2.504895511110665325e+02
7.979229229229228837e-01 2.504411996776377123e+02
7.987987987987987815e-01 2.503928482442088637e+02
7.996746746746746792e-01 2.503444968107800150e+02
8.005505505505505770e-01 2.502961453773511948e+02
8.014264264264264748e-01 2.502476429549420800e+02
8.023023023023022615e-01 2.501989721678523608e+02
8.031781781781781593e-01 2.501503013807625848e+02
8.040540540540540571e-01 2.501025306686406680e+02
8.049299299299299548e-01 2.500547876318498197e+02
8.058058058058058526e-01 2.500070445950589715e+02
8.066816816816816393e-01 2.499593015582680948e+02
8.075575575575575371e-01 2.499115585214772466e+02
8.084334334334334349e-01 2.498638154846863983e+02
8.093093093093093326e-01 2.498156746936757600e+02
8.101851851851852304e-01 2.497670053902990617e+02
8.110610610610610172e-01 2.497183360869223634e+02
8.119369369369369149e-01 2.496696667835457220e+02
8.128128128128128127e-01 2.496209974801690237e+02
8.136886886886887105e-01 2.495723281767923538e+02
8.145645645645646082e-01 2.495236588734156840e+02
8.154404404404403950e-01 2.494749895700389857e+02
8.163163163163162928e-01 2.494263202666623158e+02
8.171921921921921905e-01 2.493776509632856460e+02
8.180680680680680883e-01 2.493289816599089761e+02
8.189439439439439861e-01 2.492803123565323062e+02
8.198198198198197728e-01 2.492316430531556080e+02
8.206956956956956706e-01 2.491829737497789381e+02
8.215715715715715683e-01 2.491343044464022398e+02
8.224474474474474661e-01 2.490856351430255700e+02
8.233233233233233639e-01 2.490369658396488717e+02
8.241991991991991506e-01 2.489882965362722302e+02
8.250750750750750484e-01 2.489399290540985419e+02
8.259509509509509462e-01 2.488937834223754635e+02
8.268268268268268439e-01 2.488476377906523567e+02
8.277027027027027417e-01 2.488014921589292499e+02
8.285785785785785285e-01 2.487553465272061999e+02
8.294544544544544262e-01 2.487046275073596462e+02
8.303303303303303240e-01 2.486538162464805168e+02
8.312062062062062218e-01 2.486030049856014443e+02
8.320820820820821195e-01 2.485530818960376394e+02
8.329579579579579063e-01 2.485033126183246566e+02
8.338338338338338041e-01 2.484536805159503103e+02
8.347097097097097018e-01 2.484040772740360694e+02
8.355855855855855996e-01 2.483544740321218569e+02
8.364614614614614974e-01 2.483048707902076444e+02
8.373373373373372841e-01 2.482552675482933751e+02
8.382132132132131819e-01 2.482056643063791626e+02
8.390890890890890796e-01 2.481560610644648932e+02
8.399649649649649774e-01 2.481064578225506807e+02
8.408408408408408752e-01 2.480564448185877211e+02
8.417167167167166619e-01 2.480061179875790458e+02
8.425925925925925597e-01 2.479557911565703421e+02
8.434684684684684575e-01 2.479053002977905749e+02
8.443443443443443552e-01 2.478544891031338011e+02
8.452202202202202530e-01 2.478036779084769705e+02
8.460960960960960398e-01 2.477528667138201683e+02
8.469719719719719375e-01 2.477020555191633377e+02
8.478478478478478353e-01 2.476512443245065356e+02
8.487237237237237331e-01 2.476004331298497334e+02
8.495995995995996308e-01 2.475496219351929312e+02
8.504754754754754176e-01 2.474988107405361291e+02
8.513513513513513153e-01 2.474479995458793269e+02
8.522272272272272131e-01 2.473971883512224963e+02
8.531031031031031109e-01 2.473487308474864790e+02
8.539789789789790087e-01 2.473007863622759714e+02
8.548548548548547954e-01 2.472528418770655207e+02
8.557307307307306932e-01 2.472048973918550416e+02
8.566066066066065909e-01 2.471569529066445625e+02
8.574824824824824887e-01 2.471090245086926984e+02
8.583583583583583865e-01 2.470611311920629589e+02
8.592342342342341732e-01 2.470132378754332478e+02
8.601101101101100710e-01 2.469653445588035083e+02
8.609859859859859688e-01 2.469173877437080193e+02
8.618618618618618665e-01 2.468694260097262827e+02
8.627377377377377643e-01 2.468214642757444892e+02
8.636136136136135510e-01 2.467735025417627526e+02
8.644894894894894488e-01 2.467255408077810159e+02
8.653653653653653466e-01 2.466775790737992224e+02
8.662412412412412444e-01 2.466296173398175142e+02
8.671171171171171421e-01 2.465816556058357492e+02
8.679929929929930399e-01 2.465336938718540125e+02
8.688688688688688266e-01 2.464857321378722474e+02
8.697447447447447244e-01 2.464377704038905108e+02
8.706206206206206222e-01 2.463898086699087457e+02
8.714964964964965199e-01 2.463418469359269807e+02
8.723723723723724177e-01 2.462938852019452725e+02
8.732482482482482045e-01 2.462459234679635074e+02
8.741241241241241022e-01 2.461979617339817423e+02
8.750000000000000000e-01 2.461499999999999773e+02
