LineProbe
number of points: 1000 (fixed)
point 0: [0. 0. 0.]
point 1: [0.875 0.    0.   ]
-----

# T 1000
0.000000000000000000e+00 2.478369785484166243e+02
8.758758758758758683e-04 2.478372310964618350e+02
1.751751751751751737e-03 2.478374836445069889e+02
2.627627627627627388e-03 2.478377285150093030e+02
3.503503503503503473e-03 2.478379381901846727e+02
4.379379379379379558e-03 2.478381478653599856e+02
5.255255255255254776e-03 2.478383575405352985e+02
6.131131131131130861e-03 2.478385672157106114e+02
7.007007007007006946e-03 2.478387768908859812e+02
7.882882882882882164e-03 2.478389865660612941e+02
8.758758758758759116e-03 2.478391962412366070e+02
9.634634634634634334e-03 2.478394059164119483e+02
1.051051051051050955e-02 2.478396155915872896e+02
1.138638638638638650e-02 2.478398252667625741e+02
1.226226226226226172e-02 2.478400723685218168e+02
1.313813813813813867e-02 2.478403389123615455e+02
1.401401401401401389e-02 2.478406054562012173e+02
1.488988988988988911e-02 2.478408720000409460e+02
1.576576576576576433e-02 2.478411385438806462e+02
1.664164164164164128e-02 2.478414050877203749e+02
1.751751751751751823e-02 2.478416716315601036e+02
1.839339339339339172e-02 2.478419254851741016e+02
1.926926926926926867e-02 2.478420463091990200e+02
2.014514514514514562e-02 2.478421671332238816e+02
2.102102102102101910e-02 2.478422879572487432e+02
2.189689689689689606e-02 2.478424082456823214e+02
2.277277277277277301e-02 2.478425276846876102e+02
2.364864864864864996e-02 2.478425670486612944e+02
2.452452452452452344e-02 2.478425781815713549e+02
2.540040040040040040e-02 2.478425893144813585e+02
2.627627627627627735e-02 2.478426004473914190e+02
2.715215215215215083e-02 2.478426115803014511e+02
2.802802802802802778e-02 2.478426227132115116e+02
2.890390390390390474e-02 2.478426338461215437e+02
2.977977977977977822e-02 2.478426449790315189e+02
3.065565565565565517e-02 2.478426561119416363e+02
3.153153153153152866e-02 2.478426672448516683e+02
3.240740740740740561e-02 2.478426783777616720e+02
3.328328328328328256e-02 2.478426895106716756e+02
3.415915915915915951e-02 2.478426927545116882e+02
3.503503503503503647e-02 2.478426278217388585e+02
3.591091091091091342e-02 2.478425628889660004e+02
3.678678678678678343e-02 2.478424979561931423e+02
3.766266266266266038e-02 2.478424330234203410e+02
3.853853853853853734e-02 2.478423680906475113e+02
3.941441441441441429e-02 2.478423031578746532e+02
4.029029029029029124e-02 2.478422382251018519e+02
4.116616616616616819e-02 2.478422411748589127e+02
4.204204204204203821e-02 2.478422723398285825e+02
4.291791791791791516e-02 2.478423403558616371e+02
4.379379379379379211e-02 2.478424083718947486e+02
4.466966966966966907e-02 2.478424763879277748e+02
4.554554554554554602e-02 2.478425444039608578e+02
4.642142142142142297e-02 2.478426124199938840e+02
4.729729729729729992e-02 2.478426804360269671e+02
4.817317317317316994e-02 2.478427484520600217e+02
4.904904904904904689e-02 2.478428164680931047e+02
4.992492492492492384e-02 2.478428844841261594e+02
5.080080080080080079e-02 2.478429300408942595e+02
5.167667667667667775e-02 2.478429608957948460e+02
5.255255255255255470e-02 2.478429917506954325e+02
5.342842842842842471e-02 2.478430226055959906e+02
5.430430430430430166e-02 2.478430534604965487e+02
5.518018018018017862e-02 2.478430843153971068e+02
5.605605605605605557e-02 2.478430453685828638e+02
5.693193193193193252e-02 2.478429708475906637e+02
5.780780780780780947e-02 2.478428963265984351e+02
5.868368368368368643e-02 2.478428218056062065e+02
5.955955955955955644e-02 2.478427472846140063e+02
6.043543543543543339e-02 2.478426727636217493e+02
6.131131131131131035e-02 2.478425982426295491e+02
6.218718718718718730e-02 2.478425237216372921e+02
6.306306306306305731e-02 2.478424492006450919e+02
6.393893893893894120e-02 2.478423746796528917e+02
6.481481481481481122e-02 2.478422737796879005e+02
6.569069069069069511e-02 2.478420264091793115e+02
6.656656656656656512e-02 2.478417790386707509e+02
6.744244244244243514e-02 2.478415316681621334e+02
6.831831831831831903e-02 2.478412842976535160e+02
6.919419419419418904e-02 2.478410369271449554e+02
7.007007007007007293e-02 2.478407774683218747e+02
7.094594594594594295e-02 2.478404844171291472e+02
7.182182182182182684e-02 2.478401913659364197e+02
7.269769769769769685e-02 2.478398983147436638e+02
7.357357357357356686e-02 2.478396052635509079e+02
7.444944944944945076e-02 2.478392932840017409e+02
7.532532532532532077e-02 2.478389545564751586e+02
7.620120120120120466e-02 2.478386158289485763e+02
7.707707707707707467e-02 2.478382727382748101e+02
7.795295295295295857e-02 2.478378933669034438e+02
7.882882882882882858e-02 2.478375139955319924e+02
7.970470470470469859e-02 2.478371346241606261e+02
8.058058058058058248e-02 2.478367552527892030e+02
8.145645645645645250e-02 2.478363758814178368e+02
8.233233233233233639e-02 2.478359965100464422e+02
8.320820820820820640e-02 2.478356171386750475e+02
8.408408408408407642e-02 2.478352377673036244e+02
8.495995995995996031e-02 2.478348583959322298e+02
8.583583583583583032e-02 2.478344788395336025e+02
8.671171171171171421e-02 2.478340986731582234e+02
8.758758758758758423e-02 2.478337185067827591e+02
8.846346346346346812e-02 2.478333383404073800e+02
8.933933933933933813e-02 2.478329581740319725e+02
9.021521521521520814e-02 2.478325780076565366e+02
9.109109109109109204e-02 2.478321984076841602e+02
9.196696696696696205e-02 2.478318242599656287e+02
9.284284284284284594e-02 2.478314501122470688e+02
9.371871871871871595e-02 2.478310759645285657e+02
9.459459459459459985e-02 2.478307018168100058e+02
9.547047047047046986e-02 2.478303276690915027e+02
9.634634634634633987e-02 2.478299535213729428e+02
9.722222222222222376e-02 2.478295793736544397e+02
9.809809809809809378e-02 2.478292052259359082e+02
9.897397397397397767e-02 2.478288310782173767e+02
9.984984984984984768e-02 2.478284569304988736e+02
1.007257257257257316e-01 2.478280827827803137e+02
1.016016016016016016e-01 2.478277086350618106e+02
1.024774774774774716e-01 2.478273344873432507e+02
1.033533533533533555e-01 2.478269603396247192e+02
1.042292292292292255e-01 2.478266255634305821e+02
1.051051051051051094e-01 2.478263052298504761e+02
1.059809809809809794e-01 2.478260107159038057e+02
1.068568568568568494e-01 2.478257162019570785e+02
1.077327327327327333e-01 2.478254216880104082e+02
1.086086086086086033e-01 2.478251271740637094e+02
1.094844844844844872e-01 2.478248326601170106e+02
1.103603603603603572e-01 2.478245381461703118e+02
1.112362362362362411e-01 2.478242436322236131e+02
1.121121121121121111e-01 2.478239491182769711e+02
1.129879879879879812e-01 2.478236546043302724e+02
1.138638638638638650e-01 2.478233382589514235e+02
1.147397397397397351e-01 2.478229945161712067e+02
1.156156156156156189e-01 2.478226507733909330e+02
1.164914914914914890e-01 2.478223070306106877e+02
1.173673673673673729e-01 2.478219632878304424e+02
1.182432432432432429e-01 2.478216195450501687e+02
1.191191191191191129e-01 2.478212758022699518e+02
1.199949949949949968e-01 2.478209320594897065e+02
1.208708708708708668e-01 2.478205883167094612e+02
1.217467467467467507e-01 2.478202445739291875e+02
1.226226226226226207e-01 2.478199008311489706e+02
1.234984984984984907e-01 2.478194046532574362e+02
1.243743743743743746e-01 2.478188603424807752e+02
1.252502502502502446e-01 2.478183160317041711e+02
1.261261261261261146e-01 2.478177717209275102e+02
1.270020020020020124e-01 2.478172274101509061e+02
1.278778778778778824e-01 2.478166830993742735e+02
1.287537537537537524e-01 2.478161387885976410e+02
1.296296296296296224e-01 2.478155944778210085e+02
1.305055055055054924e-01 2.478150501670443759e+02
1.313813813813813902e-01 2.478145058562677150e+02
1.322572572572572602e-01 2.478139517170556019e+02
1.331331331331331302e-01 2.478133938894764583e+02
1.340090090090090003e-01 2.478128360618974284e+02
1.348848848848848703e-01 2.478122782343182848e+02
1.357607607607607680e-01 2.478117204067391981e+02
1.366366366366366381e-01 2.478111625791601114e+02
1.375125125125125081e-01 2.478106047515809962e+02
1.383883883883883781e-01 2.478100469240019095e+02
1.392642642642642758e-01 2.478094040680474848e+02
1.401401401401401459e-01 2.478087385717587949e+02
1.410160160160160159e-01 2.478080730754701051e+02
1.418918918918918859e-01 2.478074075791813584e+02
1.427677677677677559e-01 2.478067420828926686e+02
1.436436436436436537e-01 2.478060765866039787e+02
1.445195195195195237e-01 2.478054110903152605e+02
1.453953953953953937e-01 2.478047455940265706e+02
1.462712712712712637e-01 2.478040800977378240e+02
1.471471471471471337e-01 2.478034146014491341e+02
1.480230230230230315e-01 2.478027491051604443e+02
1.488988988988989015e-01 2.478020836088717260e+02
1.497747747747747715e-01 2.478014181125830078e+02
1.506506506506506415e-01 2.478007526162943179e+02
1.515265265265265116e-01 2.478000871200056281e+02
1.524024024024024093e-01 2.477994216237169098e+02
1.532782782782782793e-01 2.477987561274281916e+02
1.541541541541541493e-01 2.477980906311394733e+02
1.550300300300300194e-01 2.477973537110821383e+02
1.559059059059059171e-01 2.477965716425095763e+02
1.567817817817817871e-01 2.477958394165491995e+02
1.576576576576576572e-01 2.477950902289131818e+02
1.585335335335335272e-01 2.477943134858253416e+02
1.594094094094093972e-01 2.477935367427375013e+02
1.602852852852852950e-01 2.477927599996496610e+02
1.611611611611611650e-01 2.477919832565618208e+02
1.620370370370370350e-01 2.477912065134739805e+02
1.629129129129129050e-01 2.477904297703861403e+02
1.637887887887887750e-01 2.477896530272983000e+02
1.646646646646646728e-01 2.477888762842104597e+02
1.655405405405405428e-01 2.477880995411226195e+02
1.664164164164164128e-01 2.477873227980347508e+02
1.672922922922922828e-01 2.477865460549469390e+02
1.681681681681681528e-01 2.477857693118590703e+02
1.690440440440440506e-01 2.477849925687712300e+02
1.699199199199199206e-01 2.477842158256834182e+02
1.707957957957957906e-01 2.477834077712681733e+02
1.716716716716716606e-01 2.477825987058656665e+02
1.725475475475475584e-01 2.477817896404631597e+02
1.734234234234234284e-01 2.477809805750606529e+02
1.742992992992992984e-01 2.477801715096581177e+02
1.751751751751751685e-01 2.477793624442556393e+02
1.760510510510510385e-01 2.477785533788531325e+02
1.769269269269269362e-01 2.477777436567626523e+02
1.778028028028028062e-01 2.477769218490051060e+02
1.786786786786786763e-01 2.477761000412475880e+02
1.795545545545545463e-01 2.477752782334900417e+02
1.804304304304304163e-01 2.477744564257325237e+02
1.813063063063063141e-01 2.477736346179750058e+02
1.821821821821821841e-01 2.477728128102174594e+02
1.830580580580580541e-01 2.477719910024599130e+02
1.839339339339339241e-01 2.477711735194696985e+02
1.848098098098098219e-01 2.477702971036477493e+02
1.856856856856856919e-01 2.477693088274960758e+02
1.865615615615615619e-01 2.477682129065884169e+02
1.874374374374374319e-01 2.477671348347287505e+02
1.883133133133133019e-01 2.477660598552598401e+02
1.891891891891891997e-01 2.477649848757909012e+02
1.900650650650650697e-01 2.477639098963219908e+02
1.909409409409409397e-01 2.477628349168530235e+02
1.918168168168168097e-01 2.477617599373841131e+02
1.926926926926926797e-01 2.477606849579152026e+02
1.935685685685685775e-01 2.477596099784462638e+02
1.944444444444444475e-01 2.477585349989773249e+02
1.953203203203203175e-01 2.477574600195084145e+02
1.961961961961961876e-01 2.477563850400395040e+02
1.970720720720720576e-01 2.477553100605705367e+02
1.979479479479479553e-01 2.477542350811016263e+02
1.988238238238238254e-01 2.477531601016326874e+02
1.996996996996996954e-01 2.477520851221638054e+02
2.005755755755755654e-01 2.477510101426948381e+02
2.014514514514514631e-01 2.477499351632259277e+02
2.023273273273273332e-01 2.477488601837569888e+02
2.032032032032032032e-01 2.477477852042880784e+02
2.040790790790790732e-01 2.477467102248191395e+02
2.049549549549549432e-01 2.477456766830398465e+02
2.058308308308308410e-01 2.477447716970374358e+02
2.067067067067067110e-01 2.477438667110350536e+02
2.075825825825825810e-01 2.477429617250326714e+02
2.084584584584584510e-01 2.477420567390302324e+02
2.093343343343343210e-01 2.477411346822712233e+02
2.102102102102102188e-01 2.477401250347493260e+02
2.110860860860860888e-01 2.477391153872274003e+02
2.119619619619619588e-01 2.477381057397054747e+02
2.128378378378378288e-01 2.477370960921836058e+02
2.137137137137136988e-01 2.477360864446617370e+02
2.145895895895895966e-01 2.477350767971398113e+02
2.154654654654654666e-01 2.477340671496178857e+02
2.163413413413413366e-01 2.477330575020959600e+02
2.172172172172172067e-01 2.477321040385958781e+02
2.180930930930931044e-01 2.477312445077047869e+02
2.189689689689689744e-01 2.477303849768136388e+02
2.198448448448448445e-01 2.477295254459225475e+02
2.207207207207207145e-01 2.477286659150313994e+02
2.215965965965965845e-01 2.477278063841402513e+02
2.224724724724724823e-01 2.477269468532491601e+02
2.233483483483483523e-01 2.477260873223580404e+02
2.242242242242242223e-01 2.477252277914669207e+02
2.251001001001000923e-01 2.477243682605757726e+02
2.259759759759759623e-01 2.477235087296846814e+02
2.268518518518518601e-01 2.477226491987935617e+02
2.277277277277277301e-01 2.477217896679024136e+02
2.286036036036036001e-01 2.477209301370113224e+02
2.294794794794794701e-01 2.477200706061201743e+02
2.303553553553553401e-01 2.477192110752290830e+02
2.312312312312312379e-01 2.477183529653036089e+02
2.321071071071071079e-01 2.477173401260427852e+02
2.329829829829829779e-01 2.477161098410347506e+02
2.338588588588588479e-01 2.477149689979645473e+02
2.347347347347347457e-01 2.477138715485206433e+02
2.356106106106106157e-01 2.477125772682495608e+02
2.364864864864864857e-01 2.477112821795983280e+02
2.373623623623623557e-01 2.477099870909470667e+02
2.382382382382382258e-01 2.477086920022958054e+02
2.391141141141141235e-01 2.477073969136445726e+02
2.399899899899899935e-01 2.477061018249933113e+02
2.408658658658658636e-01 2.477048067363420500e+02
2.417417417417417336e-01 2.477035116476907888e+02
2.426176176176176036e-01 2.477022165590395275e+02
2.434934934934935014e-01 2.477009214703882662e+02
2.443693693693693714e-01 2.476996263817370050e+02
2.452452452452452414e-01 2.476983312930858006e+02
2.461211211211211114e-01 2.476970362044345393e+02
2.469969969969969814e-01 2.476957411157832496e+02
2.478728728728728792e-01 2.476944460271320168e+02
2.487487487487487492e-01 2.476931509384807555e+02
2.496246246246246192e-01 2.476918558498294942e+02
2.505005005005004892e-01 2.476905607611782330e+02
2.513763763763763870e-01 2.476892850128102168e+02
2.522522522522522292e-01 2.476880121865533226e+02
2.531281281281281270e-01 2.476867393602963716e+02
2.540040040040040248e-01 2.476854665340394490e+02
2.548798798798798670e-01 2.476841937077825264e+02
2.557557557557557648e-01 2.476829208815256607e+02
2.566316316316316071e-01 2.476815060862469409e+02
2.575075075075075048e-01 2.476800514895623166e+02
2.583833833833834026e-01 2.476785968928776924e+02
2.592592592592592449e-01 2.476771422961930398e+02
2.601351351351351426e-01 2.476756876995083871e+02
2.610110110110109849e-01 2.476742331028237345e+02
2.618868868868868827e-01 2.476727785061390534e+02
2.627627627627627804e-01 2.476713239094544292e+02
2.636386386386386227e-01 2.476698693127697766e+02
2.645145145145145205e-01 2.476684070360286398e+02
2.653903903903903627e-01 2.476668704041678382e+02
2.662662662662662605e-01 2.476653337723070649e+02
2.671421421421421583e-01 2.476637971404462633e+02
2.680180180180180005e-01 2.476622605085854616e+02
2.688938938938938983e-01 2.476607238767246599e+02
2.697697697697697405e-01 2.476591872448638583e+02
2.706456456456456383e-01 2.476576506130030566e+02
2.715215215215215361e-01 2.476561139811422549e+02
2.723973973973973783e-01 2.476545773492814817e+02
2.732732732732732761e-01 2.476530445224546497e+02
2.741491491491491739e-01 2.476515129156666717e+02
2.750250250250250161e-01 2.476499813088786652e+02
2.759009009009009139e-01 2.476484497020906872e+02
2.767767767767767562e-01 2.476469180953027092e+02
2.776526526526526539e-01 2.476453864885147027e+02
2.785285285285285517e-01 2.476438548817267247e+02
2.794044044044043940e-01 2.476423232749386898e+02
2.802802802802802917e-01 2.476407916681507118e+02
2.811561561561561340e-01 2.476392600613627337e+02
2.820320320320320318e-01 2.476377284545747273e+02
2.829079079079079295e-01 2.476361968477867208e+02
2.837837837837837718e-01 2.476346652409987428e+02
2.846596596596596696e-01 2.476330878556069308e+02
2.855355355355355118e-01 2.476314332950728669e+02
2.864114114114114096e-01 2.476297539227795994e+02
2.872872872872873073e-01 2.476279374388919905e+02
2.881631631631631496e-01 2.476261187440356650e+02
2.890390390390390474e-01 2.476243000491793111e+02
2.899149149149148896e-01 2.476224813543229857e+02
2.907907907907907874e-01 2.476206626594666886e+02
2.916666666666666852e-01 2.476189046703057670e+02
2.925425425425425274e-01 2.476172023549059134e+02
2.934184184184184252e-01 2.476155000395060597e+02
2.942942942942942675e-01 2.476137977241062060e+02
2.951701701701701652e-01 2.476120954087063524e+02
2.960460460460460630e-01 2.476103930933064703e+02
2.969219219219219053e-01 2.476086907779066166e+02
2.977977977977978030e-01 2.476069884625067630e+02
2.986736736736736453e-01 2.476052861471068809e+02
2.995495495495495430e-01 2.476035390898227320e+02
3.004254254254254408e-01 2.476017871432804895e+02
3.013013013013012831e-01 2.476000351967382471e+02
3.021771771771771808e-01 2.475982832501960331e+02
3.030530530530530231e-01 2.475965313036537623e+02
3.039289289289289209e-01 2.475947793571115199e+02
3.048048048048048186e-01 2.475930274105692774e+02
3.056806806806806609e-01 2.475912754640270350e+02
3.065565565565565587e-01 2.475895235174847926e+02
3.074324324324324564e-01 2.475877715709425502e+02
3.083083083083082987e-01 2.475860196244003362e+02
3.091841841841841965e-01 2.475842676778580653e+02
3.100600600600600387e-01 2.475825376480099749e+02
3.109359359359359365e-01 2.475808292447828194e+02
3.118118118118118343e-01 2.475791199752430884e+02
3.126876876876876765e-01 2.475774083230832616e+02
3.135635635635635743e-01 2.475757036085022662e+02
3.144394394394394165e-01 2.475738991247271201e+02
3.153153153153153143e-01 2.475720946409519456e+02
3.161911911911912121e-01 2.475702901571767995e+02
3.170670670670670543e-01 2.475684856734016250e+02
3.179429429429429521e-01 2.475666811896264505e+02
3.188188188188187944e-01 2.475648767058512760e+02
3.196946946946946921e-01 2.475630722220761015e+02
3.205705705705705899e-01 2.475612677383009270e+02
3.214464464464464322e-01 2.475594632545257525e+02
3.223223223223223299e-01 2.475576587707506349e+02
3.231981981981981722e-01 2.475558542869754604e+02
3.240740740740740700e-01 2.475540498032002859e+02
3.249499499499499677e-01 2.475522453194251113e+02
3.258258258258258100e-01 2.475504408356499368e+02
3.267017017017017078e-01 2.475486363518747908e+02
3.275775775775775500e-01 2.475468318680995878e+02
3.284534534534534478e-01 2.475450273843244418e+02
3.293293293293293456e-01 2.475432229005492673e+02
3.302052052052051878e-01 2.475414184167740927e+02
3.310810810810810856e-01 2.475396139329989182e+02
3.319569569569569278e-01 2.475378094492237437e+02
3.328328328328328256e-01 2.475360049654485692e+02
3.337087087087087234e-01 2.475342004816734232e+02
3.345845845845845656e-01 2.475323959978982487e+02
3.354604604604604634e-01 2.475305915141230741e+02
3.363363363363363057e-01 2.475287870303479281e+02
3.372122122122122034e-01 2.475269825465727251e+02
3.380880880880881012e-01 2.475251757381822699e+02
3.389639639639639435e-01 2.475233684037513626e+02
3.398398398398398412e-01 2.475215610693205122e+02
3.407157157157157390e-01 2.475197537348896333e+02
3.415915915915915813e-01 2.475179464004586976e+02
3.424674674674674790e-01 2.475161390660277902e+02
3.433433433433433213e-01 2.475142803840745387e+02
3.442192192192192191e-01 2.475123891273420611e+02
3.450950950950951168e-01 2.475104550854876777e+02
3.459709709709709591e-01 2.475085210436333227e+02
3.468468468468468568e-01 2.475065870017790246e+02
3.477227227227226991e-01 2.475046529599246696e+02
3.485985985985985969e-01 2.475027189180702862e+02
3.494744744744744946e-01 2.475007848762159313e+02
3.503503503503503369e-01 2.474988508343616047e+02
3.512262262262262347e-01 2.474969167925073066e+02
3.521021021021020769e-01 2.474949827506529232e+02
3.529779779779779747e-01 2.474930487087985398e+02
3.538538538538538725e-01 2.474911146669441848e+02
3.547297297297297147e-01 2.474891806250898583e+02
3.556056056056056125e-01 2.474872465832355033e+02
3.564814814814814548e-01 2.474853125413811767e+02
3.573573573573573525e-01 2.474833784995268502e+02
3.582332332332332503e-01 2.474814444576724668e+02
3.591091091091090926e-01 2.474795104158181118e+02
3.599849849849849903e-01 2.474775763739637853e+02
3.608608608608608326e-01 2.474756423321094587e+02
3.617367367367367303e-01 2.474737082902550753e+02
3.626126126126126281e-01 2.474719357926571774e+02
3.634884884884884704e-01 2.474701811720229330e+02
3.643643643643643681e-01 2.474684265513886885e+02
3.652402402402402104e-01 2.474666719307544440e+02
3.661161161161161082e-01 2.474649173101201711e+02
3.669919919919920059e-01 2.474630847161691349e+02
3.678678678678678482e-01 2.474612493513039055e+02
3.687437437437437460e-01 2.474594139864386193e+02
3.696196196196196437e-01 2.474575786215733615e+02
3.704954954954954860e-01 2.474557432567081037e+02
3.713713713713713838e-01 2.474539078918428459e+02
3.722472472472472260e-01 2.474520725269775880e+02
3.731231231231231238e-01 2.474502371621123302e+02
3.739989989989990216e-01 2.474484017972470440e+02
3.748748748748748638e-01 2.474465664323817862e+02
3.757507507507507616e-01 2.474447310675165568e+02
3.766266266266266038e-01 2.474428957026512421e+02
3.775025025025025016e-01 2.474410603377859843e+02
3.783783783783783994e-01 2.474392249729207265e+02
3.792542542542542416e-01 2.474373896080554687e+02
3.801301301301301394e-01 2.474355540455843254e+02
3.810060060060059817e-01 2.474337166919685274e+02
3.818818818818818794e-01 2.474318793383527009e+02
3.827577577577577772e-01 2.474300550936854961e+02
3.836336336336336195e-01 2.474282984288682883e+02
3.845095095095095172e-01 2.474264725352786911e+02
3.853853853853853595e-01 2.474246185353708825e+02
3.862612612612612573e-01 2.474227645354630454e+02
3.871371371371371550e-01 2.474209105355552083e+02
3.880130130130129973e-01 2.474190565356473712e+02
3.888888888888888951e-01 2.474172025357395626e+02
3.897647647647647373e-01 2.474152339763398061e+02
3.906406406406406351e-01 2.474132221267173009e+02
3.915165165165165329e-01 2.474112102770947104e+02
3.923923923923923751e-01 2.474091984274721767e+02
3.932682682682682729e-01 2.474071865778495862e+02
3.941441441441441151e-01 2.474051747282270526e+02
3.950200200200200129e-01 2.474031628786044621e+02
3.958958958958959107e-01 2.474011510289819000e+02
3.967717717717717529e-01 2.473991292310167296e+02
3.976476476476476507e-01 2.473970454931264840e+02
3.985235235235234930e-01 2.473949617552362099e+02
3.993993993993993907e-01 2.473928780173459359e+02
4.002752752752752885e-01 2.473907942794556618e+02
4.011511511511511308e-01 2.473887105415653878e+02
4.020270270270270285e-01 2.473866268036750853e+02
4.029029029029029263e-01 2.473845430657848397e+02
4.037787787787787686e-01 2.473824593278945372e+02
4.046546546546546663e-01 2.473803755900042631e+02
4.055305305305305086e-01 2.473782918521139607e+02
4.064064064064064064e-01 2.473762081142237150e+02
4.072822822822823041e-01 2.473741243763334410e+02
4.081581581581581464e-01 2.473720406384431953e+02
4.090340340340340441e-01 2.473699569005528929e+02
4.099099099099098864e-01 2.473678731626625904e+02
4.107857857857857842e-01 2.473657894247723448e+02
4.116616616616616819e-01 2.473637056868820991e+02
4.125375375375375242e-01 2.473616219489917967e+02
4.134134134134134220e-01 2.473595382111015226e+02
4.142892892892892642e-01 2.473574544732112201e+02
4.151651651651651620e-01 2.473553707353209745e+02
4.160410410410410598e-01 2.473532869974306720e+02
4.169169169169169020e-01 2.473512032595403980e+02
4.177927927927927998e-01 2.473490332927972588e+02
4.186686686686686421e-01 2.473468558526322170e+02
4.195445445445445398e-01 2.473446784124671751e+02
4.204204204204204376e-01 2.473425009723021617e+02
4.212962962962962798e-01 2.473403235321371199e+02
4.221721721721721776e-01 2.473381460919721064e+02
4.230480480480480199e-01 2.473359890873377651e+02
4.239239239239239176e-01 2.473338370088000602e+02
4.247997997997998154e-01 2.473316849302623552e+02
4.256756756756756577e-01 2.473295496183502564e+02
4.265515515515515554e-01 2.473274576036494636e+02
4.274274274274273977e-01 2.473253368902730926e+02
4.283033033033032955e-01 2.473231429614478145e+02
4.291791791791791932e-01 2.473209490326226216e+02
4.300550550550550355e-01 2.473187551037973719e+02
4.309309309309309333e-01 2.473165611749721506e+02
4.318068068068067755e-01 2.473143672461469009e+02
4.326826826826826733e-01 2.473121733173216512e+02
4.335585585585585711e-01 2.473099793884964015e+02
4.344344344344344133e-01 2.473077854596711802e+02
4.353103103103103111e-01 2.473055915308459589e+02
4.361861861861862089e-01 2.473033976020207092e+02
4.370620620620620511e-01 2.473012036731954879e+02
4.379379379379379489e-01 2.472990097443702382e+02
4.388138138138137911e-01 2.472968158155450169e+02
4.396896896896896889e-01 2.472946218867197672e+02
4.405655655655655867e-01 2.472924279578945459e+02
4.414414414414414289e-01 2.472902340290692962e+02
4.423173173173173267e-01 2.472880401002440749e+02
4.431931931931931690e-01 2.472858193148244936e+02
4.440690690690690667e-01 2.472835546937363915e+02
4.449449449449449645e-01 2.472812900726483463e+02
4.458208208208208068e-01 2.472790254515602726e+02
4.466966966966967045e-01 2.472767996783368005e+02
4.475725725725725468e-01 2.472747137964982471e+02
4.484484484484484446e-01 2.472726352268809080e+02
4.493243243243243423e-01 2.472705566572636258e+02
4.502002002002001846e-01 2.472684780876463151e+02
4.510760760760760824e-01 2.472663995180290044e+02
4.519519519519519246e-01 2.472643209484116653e+02
4.528278278278278224e-01 2.472622423787943831e+02
4.537037037037037202e-01 2.472601638091770440e+02
4.545795795795795624e-01 2.472581006712608200e+02
4.554554554554554602e-01 2.472560327910967715e+02
4.563313313313313024e-01 2.472539085529440115e+02
4.572072072072072002e-01 2.472516670231328533e+02
4.580830830830830980e-01 2.472494254933216951e+02
4.589589589589589402e-01 2.472471839635105653e+02
4.598348348348348380e-01 2.472449424336994070e+02
4.607107107107106803e-01 2.472427009038882773e+02
4.615865865865865780e-01 2.472404593740770906e+02
4.624624624624624758e-01 2.472382178442659324e+02
4.633383383383383181e-01 2.472359763144547742e+02
4.642142142142142158e-01 2.472337347846436444e+02
4.650900900900901136e-01 2.472314932548324862e+02
4.659659659659659559e-01 2.472292517250213564e+02
4.668418418418418536e-01 2.472270101952101982e+02
4.677177177177176959e-01 2.472247686653990399e+02
4.685935935935935936e-01 2.472225271355878817e+02
4.694694694694694914e-01 2.472202856057767519e+02
4.703453453453453337e-01 2.472180440759655937e+02
4.712212212212212314e-01 2.472158606573134705e+02
4.720970970970970737e-01 2.472138641176452154e+02
4.729729729729729715e-01 2.472118675779769887e+02
4.738488488488488692e-01 2.472098716230399305e+02
4.747247247247247115e-01 2.472079371811496742e+02
4.756006006006006093e-01 2.472060027392594748e+02
4.764764764764764515e-01 2.472040682973692469e+02
4.773523523523523493e-01 2.472021338554790475e+02
4.782282282282282471e-01 2.472001994135888481e+02
4.791041041041040893e-01 2.471982649716985918e+02
4.799799799799799871e-01 2.471963305298083640e+02
4.808558558558558294e-01 2.471943960879181930e+02
4.817317317317317271e-01 2.471924616460279935e+02
4.826076076076076249e-01 2.471905272041377088e+02
4.834834834834834671e-01 2.471885927622475094e+02
4.843593593593593649e-01 2.471866583203573100e+02
4.852352352352352072e-01 2.471847238784670822e+02
4.861111111111111049e-01 2.471827872281732255e+02
4.869869869869870027e-01 2.471808224620083365e+02
4.878628628628628450e-01 2.471788576958435044e+02
4.887387387387387427e-01 2.471768929296786155e+02
4.896146146146145850e-01 2.471748862958759503e+02
4.904904904904904828e-01 2.471727953147035635e+02
4.913663663663663805e-01 2.471707043335310914e+02
4.922422422422422228e-01 2.471686133523587046e+02
4.931181181181181206e-01 2.471665223711862325e+02
4.939939939939939628e-01 2.471644313900138172e+02
4.948698698698698606e-01 2.471623404088413736e+02
4.957457457457457584e-01 2.471602494276689299e+02
4.966216216216216006e-01 2.471581584464964862e+02
4.974974974974974984e-01 2.471560324900855790e+02
4.983733733733733962e-01 2.471538454911631106e+02
4.992492492492492384e-01 2.471515506809214742e+02
5.001251251251250807e-01 2.471492246415978968e+02
5.010010010010009784e-01 2.471468986022743479e+02
5.018768768768768762e-01 2.471445725629507706e+02
5.027527527527527740e-01 2.471422465236271933e+02
5.036286286286286717e-01 2.471399204843036443e+02
5.045045045045044585e-01 2.471375944449800954e+02
5.053803803803803563e-01 2.471352684056565181e+02
5.062562562562562540e-01 2.471329423663329976e+02
5.071321321321321518e-01 2.471306163270093919e+02
5.080080080080080496e-01 2.471282902876858145e+02
5.088838838838838363e-01 2.471259642483622656e+02
5.097597597597597341e-01 2.471236382090387167e+02
5.106356356356356319e-01 2.471213121697151394e+02
5.115115115115115296e-01 2.471189861303915905e+02
5.123873873873874274e-01 2.471166600910680131e+02
5.132632632632632141e-01 2.471143340517444358e+02
5.141391391391391119e-01 2.471120080124208584e+02
5.150150150150150097e-01 2.471096819730973095e+02
5.158908908908909074e-01 2.471073559337737606e+02
5.167667667667668052e-01 2.471050298944502117e+02
5.176426426426425920e-01 2.471027038551266628e+02
5.185185185185184897e-01 2.471003778158030855e+02
5.193943943943943875e-01 2.470980517764795081e+02
5.202702702702702853e-01 2.470957422698551227e+02
5.211461461461461830e-01 2.470934422338268917e+02
5.220220220220219698e-01 2.470911421977986322e+02
5.228978978978978676e-01 2.470888705116377650e+02
5.237737737737737653e-01 2.470866979376831409e+02
5.246496496496496631e-01 2.470845253637285737e+02
5.255255255255255609e-01 2.470823527897739496e+02
5.264014014014013476e-01 2.470801686826618209e+02
5.272772772772772454e-01 2.470777583940418083e+02
5.281531531531531432e-01 2.470754094843631492e+02
5.290290290290290409e-01 2.470732660066265964e+02
5.299049049049049387e-01 2.470711112513136811e+02
5.307807807807807254e-01 2.470688855473850367e+02
5.316566566566566232e-01 2.470666598434564207e+02
5.325325325325325210e-01 2.470644341395277763e+02
5.334084084084084187e-01 2.470622084355991603e+02
5.342842842842843165e-01 2.470599827316705159e+02
5.351601601601601033e-01 2.470577570277418431e+02
5.360360360360360010e-01 2.470555313238132555e+02
5.369119119119118988e-01 2.470533056198845827e+02
5.377877877877877966e-01 2.470510799159559667e+02
5.386636636636636943e-01 2.470488542120273223e+02
5.395395395395394811e-01 2.470466285080986495e+02
5.404154154154153789e-01 2.470444028041700335e+02
5.412912912912912766e-01 2.470421771002414175e+02
5.421671671671671744e-01 2.470399513963128015e+02
5.430430430430430722e-01 2.470377256923841287e+02
5.439189189189188589e-01 2.470354999884555127e+02
5.447947947947947567e-01 2.470332742845268967e+02
5.456706706706706544e-01 2.470310485805982239e+02
5.465465465465465522e-01 2.470288228766696079e+02
5.474224224224224500e-01 2.470265971727409635e+02
5.482982982982983478e-01 2.470243714688123191e+02
5.491741741741741345e-01 2.470221457648837031e+02
5.500500500500500323e-01 2.470199076900771615e+02
5.509259259259259300e-01 2.470176003187315530e+02
5.518018018018018278e-01 2.470152929473859729e+02
5.526776776776777256e-01 2.470129855760404212e+02
5.535535535535535123e-01 2.470106782046947842e+02
5.544294294294294101e-01 2.470083584929986955e+02
5.553053053053053079e-01 2.470062041515060400e+02
5.561811811811812056e-01 2.470041879591221061e+02
5.570570570570571034e-01 2.470021717667382006e+02
5.579329329329328901e-01 2.470001021185706236e+02
5.588088088088087879e-01 2.469980087847546883e+02
5.596846846846846857e-01 2.469959154509387247e+02
5.605605605605605835e-01 2.469938221171227610e+02
5.614364364364364812e-01 2.469917287833068258e+02
5.623123123123122680e-01 2.469896354494908621e+02
5.631881881881881657e-01 2.469875421156749269e+02
5.640640640640640635e-01 2.469854487818589632e+02
5.649399399399399613e-01 2.469833554480430280e+02
5.658158158158158590e-01 2.469812905866414212e+02
5.666916916916916458e-01 2.469792908413955956e+02
5.675675675675675436e-01 2.469772910961497701e+02
5.684434434434434413e-01 2.469752913509039445e+02
5.693193193193193391e-01 2.469732916056581189e+02
5.701951951951952369e-01 2.469712918604123502e+02
5.710710710710710236e-01 2.469692921151664962e+02
5.719469469469469214e-01 2.469672923699206990e+02
5.728228228228228192e-01 2.469652926246748450e+02
5.736986986986987169e-01 2.469632928794290194e+02
5.745745745745746147e-01 2.469612931341831938e+02
5.754504504504504014e-01 2.469592933889373683e+02
5.763263263263262992e-01 2.469572936436915427e+02
5.772022022022021970e-01 2.469552938984457455e+02
5.780780780780780947e-01 2.469532941531999199e+02
5.789539539539539925e-01 2.469512944079540944e+02
5.798298298298297793e-01 2.469492946627082972e+02
5.807057057057056770e-01 2.469473670134238716e+02
5.815815815815815748e-01 2.469454522511243795e+02
5.824574574574574726e-01 2.469435374888248589e+02
5.833333333333333703e-01 2.469416227265254236e+02
5.842092092092091571e-01 2.469397102881505077e+02
5.850850850850850549e-01 2.469378116403171930e+02
5.859609609609609526e-01 2.469359129924838498e+02
5.868368368368368504e-01 2.469340143446505351e+02
5.877127127127127482e-01 2.469321156968171636e+02
5.885885885885885349e-01 2.469302170489838772e+02
5.894644644644644327e-01 2.469283662049649024e+02
5.903403403403403304e-01 2.469265217421252032e+02
5.912162162162162282e-01 2.469246772792855324e+02
5.920920920920921260e-01 2.469228328164458333e+02
5.929679679679679127e-01 2.469209896450632016e+02
5.938438438438438105e-01 2.469191538747238610e+02
5.947197197197197083e-01 2.469173181043845489e+02
5.955955955955956060e-01 2.469154823340452367e+02
5.964714714714715038e-01 2.469136465637058961e+02
5.973473473473472906e-01 2.469118107933666124e+02
5.982232232232231883e-01 2.469099750230272434e+02
5.990990990990990861e-01 2.469081392526879313e+02
5.999749749749749839e-01 2.469063034823486191e+02
6.008508508508508816e-01 2.469044677120092786e+02
6.017267267267266684e-01 2.469026319416699948e+02
6.026026026026025662e-01 2.469007961713306543e+02
6.034784784784784639e-01 2.468990330231292489e+02
6.043543543543543617e-01 2.468972776897247741e+02
6.052302302302302595e-01 2.468955223563203560e+02
6.061061061061060462e-01 2.468937670229159096e+02
6.069819819819819440e-01 2.468920116895114347e+02
6.078578578578578417e-01 2.468902563561070167e+02
6.087337337337337395e-01 2.468885010227025418e+02
6.096096096096096373e-01 2.468867456892981238e+02
6.104854854854855351e-01 2.468850288434519484e+02
6.113613613613613218e-01 2.468833899036975197e+02
6.122372372372372196e-01 2.468817509639430909e+02
6.131131131131131173e-01 2.468801120241886338e+02
6.139889889889890151e-01 2.468784730844342334e+02
6.148648648648649129e-01 2.468768341446798047e+02
6.157407407407406996e-01 2.468751952049253759e+02
6.166166166166165974e-01 2.468735562651709756e+02
6.174924924924924952e-01 2.468719173254165469e+02
6.183683683683683929e-01 2.468702229569409496e+02
6.192442442442442907e-01 2.468684236481802543e+02
6.201201201201200774e-01 2.468666243394195590e+02
6.209959959959959752e-01 2.468648332031395967e+02
6.218718718718718730e-01 2.468630973112793185e+02
6.227477477477477708e-01 2.468613614194190689e+02
6.236236236236236685e-01 2.468596255275588192e+02
6.244994994994994553e-01 2.468578896356985410e+02
6.253753753753753530e-01 2.468561537438382629e+02
6.262512512512512508e-01 2.468542728226182419e+02
6.271271271271271486e-01 2.468525031934410379e+02
6.280030030030030463e-01 2.468509090474937864e+02
6.288788788788788331e-01 2.468492712964904854e+02
6.297547547547547309e-01 2.468476335454872128e+02
6.306306306306306286e-01 2.468459957944838834e+02
6.315065065065065264e-01 2.468443580434806108e+02
6.323823823823824242e-01 2.468427202924772814e+02
6.332582582582582109e-01 2.468410825414739804e+02
6.341341341341341087e-01 2.468394122576363259e+02
6.350100100100100065e-01 2.468377133437429052e+02
6.358858858858859042e-01 2.468360144298495413e+02
6.367617617617618020e-01 2.468343155159561491e+02
6.376376376376375887e-01 2.468326166020627852e+02
6.385135135135134865e-01 2.468309176881693929e+02
6.393893893893893843e-01 2.468292187742760007e+02
6.402652652652652820e-01 2.468275198603826368e+02
6.411411411411411798e-01 2.468258209464892445e+02
6.420170170170169666e-01 2.468241220325958807e+02
6.428928928928928643e-01 2.468224511832097789e+02
6.437687687687687621e-01 2.468207852734419987e+02
6.446446446446446599e-01 2.468191785217067320e+02
6.455205205205205576e-01 2.468177993809261466e+02
6.463963963963963444e-01 2.468164202401455896e+02
6.472722722722722422e-01 2.468150410993650041e+02
6.481481481481481399e-01 2.468136619585843903e+02
6.490240240240240377e-01 2.468122828178037764e+02
6.498998998998999355e-01 2.468109036770232194e+02
6.507757757757757222e-01 2.468095245362426340e+02
6.516516516516516200e-01 2.468081453954620770e+02
6.525275275275275177e-01 2.468067662546814915e+02
6.534034034034034155e-01 2.468053878119060869e+02
6.542792792792793133e-01 2.468039210927649947e+02
6.551551551551551000e-01 2.468024002500585254e+02
6.560310310310309978e-01 2.468008794073520278e+02
6.569069069069068956e-01 2.467993585646455585e+02
6.577827827827827933e-01 2.467978377219390609e+02
6.586586586586586911e-01 2.467963168792326201e+02
6.595345345345344779e-01 2.467947960365261224e+02
6.604104104104103756e-01 2.467932751938196532e+02
6.612862862862862734e-01 2.467917543511131555e+02
6.621621621621621712e-01 2.467902335084066863e+02
6.630380380380380689e-01 2.467887126657001886e+02
6.639139139139138557e-01 2.467871918229937194e+02
6.647897897897897534e-01 2.467857024374953596e+02
6.656656656656656512e-01 2.467842135491129341e+02
6.665415415415415490e-01 2.467827246607305085e+02
6.674174174174174468e-01 2.467812357723481114e+02
6.682932932932932335e-01 2.467797468839657142e+02
6.691691691691691313e-01 2.467782579955832887e+02
6.700450450450450290e-01 2.467767691072008915e+02
6.709209209209209268e-01 2.467752802188184660e+02
6.717967967967968246e-01 2.467737913304360688e+02
6.726726726726726113e-01 2.467723024420536717e+02
6.735485485485485091e-01 2.467708513041265519e+02
6.744244244244244069e-01 2.467695322908882360e+02
6.753003003003003046e-01 2.467682132776499770e+02
6.761761761761762024e-01 2.467668942644116896e+02
6.770520520520521002e-01 2.467655752511734022e+02
6.779279279279278869e-01 2.467642562379351148e+02
6.788038038038037847e-01 2.467629372246968558e+02
6.796796796796796825e-01 2.467616182114585968e+02
6.805555555555555802e-01 2.467602905834613694e+02
6.814314314314314780e-01 2.467589407300658877e+02
6.823073073073072647e-01 2.467575908766704629e+02
6.831831831831831625e-01 2.467562410232750381e+02
6.840590590590590603e-01 2.467548911698795848e+02
6.849349349349349581e-01 2.467535413164841316e+02
6.858108108108108558e-01 2.467521914630887352e+02
6.866866866866866426e-01 2.467508416096932535e+02
6.875625625625625403e-01 2.467494917562978003e+02
6.884384384384384381e-01 2.467481419029023755e+02
6.893143143143143359e-01 2.467467920495069222e+02
6.901901901901902336e-01 2.467454367496294196e+02
6.910660660660660204e-01 2.467440724770654015e+02
6.919419419419419182e-01 2.467427082045013833e+02
6.928178178178178159e-01 2.467413439319373936e+02
6.936936936936937137e-01 2.467399796593733754e+02
6.945695695695696115e-01 2.467386153868093857e+02
6.954454454454453982e-01 2.467372511142453675e+02
6.963213213213212960e-01 2.467358868416813493e+02
6.971971971971971938e-01 2.467345225691173596e+02
6.980730730730730915e-01 2.467332460901026820e+02
6.989489489489489893e-01 2.467321222194864276e+02
6.998248248248247760e-01 2.467309998961126780e+02
7.007007007007006738e-01 2.467298775727388715e+02
7.015765765765765716e-01 2.467287552493651219e+02
7.024524524524524693e-01 2.467276329259913439e+02
7.033283283283283671e-01 2.467265106026175658e+02
7.042042042042041539e-01 2.467253882792437878e+02
7.050800800800800516e-01 2.467242659558700382e+02
7.059559559559559494e-01 2.467231932366684077e+02
7.068318318318318472e-01 2.467221759659988720e+02
7.077077077077077449e-01 2.467211586953293647e+02
7.085835835835835317e-01 2.467201414246598290e+02
7.094594594594594295e-01 2.467191241539902933e+02
7.103353353353353272e-01 2.467181068833207576e+02
7.112112112112112250e-01 2.467170896126512218e+02
7.120870870870871228e-01 2.467160723419817145e+02
7.129629629629629095e-01 2.467150550713121788e+02
7.138388388388388073e-01 2.467140378006426431e+02
7.147147147147147050e-01 2.467130616938898129e+02
7.155905905905906028e-01 2.467121136208245389e+02
7.164664664664665006e-01 2.467111655477592933e+02
7.173423423423422873e-01 2.467102174746940477e+02
7.182182182182181851e-01 2.467092694016287737e+02
7.190940940940940829e-01 2.467083213285634997e+02
7.199699699699699806e-01 2.467073732554982826e+02
7.208458458458458784e-01 2.467064251824329801e+02
7.217217217217216652e-01 2.467054771093677346e+02
7.225975975975975629e-01 2.467045423830893469e+02
7.234734734734734607e-01 2.467036161979584108e+02
7.243493493493493585e-01 2.467026900128274178e+02
7.252252252252252562e-01 2.467017973508216642e+02
7.261011011011010430e-01 2.467010707618886443e+02
7.269769769769769407e-01 2.467003441729556243e+02
7.278528528528528385e-01 2.466996175840226044e+02
7.287287287287287363e-01 2.466988909950895845e+02
7.296046046046046341e-01 2.466981644061565362e+02
7.304804804804804208e-01 2.466974378172235447e+02
7.313563563563563186e-01 2.466967112282904964e+02
7.322322322322322163e-01 2.466959846393575049e+02
7.331081081081081141e-01 2.466952580504244565e+02
7.339839839839840119e-01 2.466945314614914082e+02
7.348598598598597986e-01 2.466938048725584167e+02
7.357357357357356964e-01 2.466930782836253684e+02
7.366116116116115942e-01 2.466923516946923769e+02
7.374874874874874919e-01 2.466916251057593570e+02
7.383633633633633897e-01 2.466908985168263371e+02
7.392392392392392875e-01 2.466901719278932887e+02
7.401151151151150742e-01 2.466894453389602688e+02
7.409909909909909720e-01 2.466887187500272489e+02
7.418668668668668698e-01 2.466879673280972440e+02
7.427427427427427675e-01 2.466871819170112872e+02
7.436186186186186653e-01 2.466863965059253587e+02
7.444944944944944520e-01 2.466856359649453339e+02
7.453703703703703498e-01 2.466849508471474337e+02
7.462462462462462476e-01 2.466842657293495620e+02
7.471221221221221453e-01 2.466835806115516334e+02
7.479979979979980431e-01 2.466829015518960375e+02
7.488738738738738299e-01 2.466822865271650755e+02
7.497497497497497276e-01 2.466816715024341704e+02
7.506256256256256254e-01 2.466810403064475850e+02
7.515015015015015232e-01 2.466803804122568806e+02
7.523773773773774209e-01 2.466797205180661479e+02
7.532532532532532077e-01 2.466790606238753867e+02
7.541291291291291055e-01 2.466784007296846539e+02
7.550050050050050032e-01 2.466777408354939212e+02
7.558808808808809010e-01 2.466770809413031316e+02
7.567567567567567988e-01 2.466764210471123704e+02
7.576326326326325855e-01 2.466757611529216661e+02
7.585085085085084833e-01 2.466751012587309049e+02
7.593843843843843811e-01 2.466744413645401721e+02
7.602602602602602788e-01 2.466737814703494109e+02
7.611361361361361766e-01 2.466731215761586782e+02
7.620120120120119633e-01 2.466724616819679454e+02
7.628878878878878611e-01 2.466718017877771842e+02
7.637637637637637589e-01 2.466711478692129731e+02
7.646396396396396566e-01 2.466704969235577209e+02
7.655155155155155544e-01 2.466698459779025256e+02
7.663913913913913412e-01 2.466691950322472735e+02
7.672672672672672389e-01 2.466685440865920214e+02
7.681431431431431367e-01 2.466680932584976063e+02
7.690190190190190345e-01 2.466677721702078543e+02
7.698948948948949322e-01 2.466674510819181023e+02
7.707707707707707190e-01 2.466671299936283503e+02
7.716466466466466168e-01 2.466668089053385984e+02
7.725225225225225145e-01 2.466664878170488464e+02
7.733983983983984123e-01 2.466661667287591229e+02
7.742742742742743101e-01 2.466658456404693993e+02
7.751501501501500968e-01 2.466655245521795905e+02
7.760260260260259946e-01 2.466652034638898954e+02
7.769019019019018923e-01 2.466648823756001150e+02
7.777777777777777901e-01 2.466645612873103630e+02
7.786536536536536879e-01 2.466642401990206110e+02
7.795295295295294746e-01 2.466639191107308307e+02
7.804054054054053724e-01 2.466635980224411355e+02
7.812812812812812702e-01 2.466632769341513836e+02
7.821571571571571679e-01 2.466629558458616316e+02
7.830330330330330657e-01 2.466626297865398385e+02
7.839089089089088525e-01 2.466622216892377537e+02
7.847847847847847502e-01 2.466618135919356973e+02
7.856606606606606480e-01 2.466614309526764259e+02
7.865365365365365458e-01 2.466611675911495922e+02
7.874124124124124435e-01 2.466609042296227017e+02
7.882882882882882303e-01 2.466606408680958396e+02
7.891641641641641280e-01 2.466603775065689490e+02
7.900400400400400258e-01 2.466601061027613468e+02
7.909159159159159236e-01 2.466598832678535302e+02
7.917917917917918214e-01 2.466596642528168104e+02
7.926676676676676081e-01 2.466594424143713695e+02
7.935435435435435059e-01 2.466592205759259855e+02
7.944194194194194036e-01 2.466589987374804878e+02
7.952952952952953014e-01 2.466587768990351037e+02
7.961711711711711992e-01 2.466585550605896628e+02
7.970470470470469859e-01 2.466583332221441651e+02
7.979229229229228837e-01 2.466581113836987527e+02
7.987987987987987815e-01 2.466578895452533402e+02
7.996746746746746792e-01 2.466576677068078993e+02
8.005505505505505770e-01 2.466574458683624300e+02
8.014264264264264748e-01 2.466572240299169607e+02
8.023023023023022615e-01 2.466570021914715483e+02
8.031781781781781593e-01 2.466567803530261074e+02
8.040540540540540571e-01 2.466565585145806381e+02
8.049299299299299548e-01 2.466563366761352256e+02
8.058058058058058526e-01 2.466561148376897847e+02
8.066816816816816393e-01 2.466558929992443439e+02
8.075575575575575371e-01 2.466556711607989030e+02
8.084334334334334349e-01 2.466554493223534621e+02
8.093093093093093326e-01 2.466552274839080212e+02
8.101851851851852304e-01 2.466550056454625803e+02
8.110610610610610172e-01 2.466547842093331440e+02
8.119369369369369149e-01 2.466546069155339751e+02
8.128128128128128127e-01 2.466544308631334559e+02
8.136886886886887105e-01 2.466542548527349084e+02
8.145645645645646082e-01 2.466540788423363324e+02
8.154404404404403950e-01 2.466539028319377564e+02
8.163163163163162928e-01 2.466537268215392089e+02
8.171921921921921905e-01 2.466535508111406330e+02
8.180680680680680883e-01 2.466533725935501877e+02
8.189439439439439861e-01 2.466531582982780151e+02
8.198198198198197728e-01 2.466529440030058709e+02
8.206956956956956706e-01 2.466527297077337266e+02
8.215715715715715683e-01 2.466525623143901385e+02
8.224474474474474661e-01 2.466524152662991014e+02
8.233233233233233639e-01 2.466522682182080644e+02
8.241991991991991506e-01 2.466521211701170273e+02
8.250750750750750484e-01 2.466519741220259903e+02
8.259509509509509462e-01 2.466518270739349532e+02
8.268268268268268439e-01 2.466516800258439162e+02
8.277027027027027417e-01 2.466515329777528791e+02
8.285785785785785285e-01 2.466513859296618421e+02
8.294544544544544262e-01 2.466512501873459655e+02
8.303303303303303240e-01 2.466511437624332927e+02
8.312062062062062218e-01 2.466510373375206200e+02
8.320820820820821195e-01 2.466509309126079188e+02
8.329579579579579063e-01 2.466508244876952176e+02
8.338338338338338041e-01 2.466507422402551128e+02
8.347097097097097018e-01 2.466507129268736094e+02
8.355855855855855996e-01 2.466506836134920491e+02
8.364614614614614974e-01 2.466506543001104887e+02
8.373373373373372841e-01 2.466506206244804957e+02
8.382132132132131819e-01 2.466505635514338337e+02
8.390890890890890796e-01 2.466505064783871148e+02
8.399649649649649774e-01 2.466504494053404244e+02
8.408408408408408752e-01 2.466503923322937339e+02
8.417167167167166619e-01 2.466503352592470719e+02
8.425925925925925597e-01 2.466502781862003246e+02
8.434684684684684575e-01 2.466502211131536342e+02
8.443443443443443552e-01 2.466501640401069437e+02
8.452202202202202530e-01 2.466501069670602533e+02
8.460960960960960398e-01 2.466500498940135344e+02
8.469719719719719375e-01 2.466499928209668724e+02
8.478478478478478353e-01 2.466499753926972858e+02
8.487237237237237331e-01 2.466499670620284519e+02
8.495995995995996308e-01 2.466499587313596180e+02
8.504754754754754176e-01 2.466499504006908410e+02
8.513513513513513153e-01 2.466499420700220071e+02
8.522272272272272131e-01 2.466499337393531732e+02
8.531031031031031109e-01 2.466499254086843393e+02
8.539789789789790087e-01 2.466499170780155055e+02
8.548548548548547954e-01 2.466499087473466716e+02
8.557307307307306932e-01 2.466499004166778377e+02
8.566066066066065909e-01 2.466498920860090038e+02
8.574824824824824887e-01 2.466498837553401700e+02
8.583583583583583865e-01 2.466498754246713645e+02
8.592342342342341732e-01 2.466498670940025590e+02
8.601101101101100710e-01 2.466498587633337252e+02
8.609859859859859688e-01 2.466498504326648913e+02
8.618618618618618665e-01 2.466498421019960574e+02
8.627377377377377643e-01 2.466498337713272235e+02
8.636136136136135510e-01 2.466498254406583897e+02
8.644894894894894488e-01 2.466498171099896126e+02
8.653653653653653466e-01 2.466498323091117300e+02
8.662412412412412444e-01 2.466498507562977238e+02
8.671171171171171421e-01 2.466498692034837461e+02
8.679929929929930399e-01 2.466498876506697400e+02
8.688688688688688266e-01 2.466499060978557623e+02
8.697447447447447244e-01 2.466499245450417845e+02
8.706206206206206222e-01 2.466499429922277500e+02
8.714964964964965199e-01 2.466499614394137438e+02
8.723723723723724177e-01 2.466499798865997661e+02
8.732482482482482045e-01 2.466499983337857884e+02
8.741241241241241022e-01 2.466500048586876517e+02
8.750000000000000000e-01 2.466500000000000341e+02
