LineProbe
number of points: 1000 (fixed)
point 0: [0. 0. 0.]
point 1: [0.875 0.    0.   ]
-----

# T 1000
0.000000000000000000e+00 2.579809452157531382e+02
8.758758758758758683e-04 2.579869190419543656e+02
1.751751751751751737e-03 2.579928928681555931e+02
2.627627627627627388e-03 2.579987478075765921e+02
3.503503503503503473e-03 2.580040577472245786e+02
4.379379379379379558e-03 2.580093676868726789e+02
5.255255255255254776e-03 2.580146776265206654e+02
6.131131131131130861e-03 2.580199875661686519e+02
7.007007007007006946e-03 2.580252975058167522e+02
7.882882882882882164e-03 2.580306074454647387e+02
8.758758758758759116e-03 2.580359173851127821e+02
9.634634634634634334e-03 2.580412273247608255e+02
1.051051051051050955e-02 2.580465372644088120e+02
1.138638638638638650e-02 2.580518472040567985e+02
1.226226226226226172e-02 2.580579842943464541e+02
1.313813813813813867e-02 2.580645510666340670e+02
1.401401401401401389e-02 2.580711178389216229e+02
1.488988988988988911e-02 2.580776846112092358e+02
1.576576576576576433e-02 2.580842513834968486e+02
1.664164164164164128e-02 2.580908181557844046e+02
1.751751751751751823e-02 2.580973849280719605e+02
1.839339339339339172e-02 2.581037556227711320e+02
1.926926926926926867e-02 2.581080708677363873e+02
2.014514514514514562e-02 2.581123861127016994e+02
2.102102102102101910e-02 2.581167013576670115e+02
2.189689689689689606e-02 2.581215249736445116e+02
2.277277277277277301e-02 2.581271548476555608e+02
2.364864864864864996e-02 2.581317269445644342e+02
2.452452452452452344e-02 2.581359261140809167e+02
2.540040040040040040e-02 2.581401252835973423e+02
2.627627627627627735e-02 2.581443244531138816e+02
2.715215215215215083e-02 2.581485236226303073e+02
2.802802802802802778e-02 2.581527227921467897e+02
2.890390390390390474e-02 2.581569219616632154e+02
2.977977977977977822e-02 2.581611211311796978e+02
3.065565565565565517e-02 2.581653203006961803e+02
3.153153153153152866e-02 2.581695194702126628e+02
3.240740740740740561e-02 2.581737186397290884e+02
3.328328328328328256e-02 2.581779178092455140e+02
3.415915915915915951e-02 2.581819690318542371e+02
3.503503503503503647e-02 2.581847417109896696e+02
3.591091091091091342e-02 2.581875143901252159e+02
3.678678678678678343e-02 2.581902870692607053e+02
3.766266266266266038e-02 2.581930597483961947e+02
3.853853853853853734e-02 2.581958324275317409e+02
3.941441441441441429e-02 2.581986051066672303e+02
4.029029029029029124e-02 2.582013777858027197e+02
4.116616616616616819e-02 2.582054189995897673e+02
4.204204204204203821e-02 2.582099874767970391e+02
4.291791791791791516e-02 2.582152445973258637e+02
4.379379379379379211e-02 2.582205017178546882e+02
4.466966966966966907e-02 2.582257588383835127e+02
4.554554554554554602e-02 2.582310159589123941e+02
4.642142142142142297e-02 2.582362730794412187e+02
4.729729729729729992e-02 2.582415301999700432e+02
4.817317317317316994e-02 2.582467873204988678e+02
4.904904904904904689e-02 2.582520444410276923e+02
4.992492492492492384e-02 2.582573015615565737e+02
5.080080080080080079e-02 2.582636869658231262e+02
5.167667667667667775e-02 2.582708109462692505e+02
5.255255255255255470e-02 2.582779349267153748e+02
5.342842842842842471e-02 2.582850589071614991e+02
5.430430430430430166e-02 2.582921828876075665e+02
5.518018018018017862e-02 2.582993068680537476e+02
5.605605605605605557e-02 2.583049015370247616e+02
5.693193193193193252e-02 2.583097167982289761e+02
5.780780780780780947e-02 2.583145320594331906e+02
5.868368368368368643e-02 2.583193473206373483e+02
5.955955955955955644e-02 2.583241625818415628e+02
6.043543543543543339e-02 2.583289778430457773e+02
6.131131131131131035e-02 2.583337931042499349e+02
6.218718718718718730e-02 2.583386083654541494e+02
6.306306306306305731e-02 2.583434236266583071e+02
6.393893893893894120e-02 2.583482388878625216e+02
6.481481481481481122e-02 2.583528191337986186e+02
6.569069069069069511e-02 2.583560944458995436e+02
6.656656656656656512e-02 2.583593697580004687e+02
6.744244244244243514e-02 2.583626450701013937e+02
6.831831831831831903e-02 2.583659203822022619e+02
6.919419419419418904e-02 2.583691956943031300e+02
7.007007007007007293e-02 2.583724831776796691e+02
7.094594594594594295e-02 2.583758044839673857e+02
7.182182182182182684e-02 2.583791257902552161e+02
7.269769769769769685e-02 2.583824470965429327e+02
7.357357357357356686e-02 2.583857684028307062e+02
7.444944944944945076e-02 2.583885972848354413e+02
7.532532532532532077e-02 2.583907303138415728e+02
7.620120120120120466e-02 2.583928633428477042e+02
7.707707707707707467e-02 2.583948828638676218e+02
7.795295295295295857e-02 2.583959585366158080e+02
7.882882882882882858e-02 2.583970342093640511e+02
7.970470470470469859e-02 2.583981098821121805e+02
8.058058058058058248e-02 2.583991855548603667e+02
8.145645645645645250e-02 2.584002612276085529e+02
8.233233233233233639e-02 2.584013369003567391e+02
8.320820820820820640e-02 2.584024125731049253e+02
8.408408408408407642e-02 2.584034882458531683e+02
8.495995995995996031e-02 2.584045639186012977e+02
8.583583583583583032e-02 2.584060784698103816e+02
8.671171171171171421e-02 2.584090398656659318e+02
8.758758758758758423e-02 2.584120012615215956e+02
8.846346346346346812e-02 2.584149626573772025e+02
8.933933933933933813e-02 2.584179240532328663e+02
9.021521521521520814e-02 2.584208854490884733e+02
9.109109109109109204e-02 2.584239893508303112e+02
9.196696696696696205e-02 2.584284650289670822e+02
9.284284284284284594e-02 2.584329407071037963e+02
9.371871871871871595e-02 2.584374163852405673e+02
9.459459459459459985e-02 2.584418920633772814e+02
9.547047047047046986e-02 2.584463677415141092e+02
9.634634634634633987e-02 2.584508434196508233e+02
9.722222222222222376e-02 2.584553190977875943e+02
9.809809809809809378e-02 2.584597947759243652e+02
9.897397397397397767e-02 2.584642704540610794e+02
9.984984984984984768e-02 2.584687461321978503e+02
1.007257257257257316e-01 2.584732218103346213e+02
1.016016016016016016e-01 2.584776974884713354e+02
1.024774774774774716e-01 2.584821731666081632e+02
1.033533533533533555e-01 2.584866488447448774e+02
1.042292292292292255e-01 2.584918667493650446e+02
1.051051051051051094e-01 2.584972810656462343e+02
1.059809809809809794e-01 2.585026907256668665e+02
1.068568568568568494e-01 2.585081003856874418e+02
1.077327327327327333e-01 2.585135100457080171e+02
1.086086086086086033e-01 2.585189197057286492e+02
1.094844844844844872e-01 2.585243293657492814e+02
1.103603603603603572e-01 2.585297390257698567e+02
1.112362362362362411e-01 2.585351486857904320e+02
1.121121121121121111e-01 2.585405583458110073e+02
1.129879879879879812e-01 2.585459680058316394e+02
1.138638638638638650e-01 2.585520478027430045e+02
1.147397397397397351e-01 2.585589685893462502e+02
1.156156156156156189e-01 2.585658893759494958e+02
1.164914914914914890e-01 2.585728101625527984e+02
1.173673673673673729e-01 2.585797309491561009e+02
1.182432432432432429e-01 2.585866517357593466e+02
1.191191191191191129e-01 2.585935725223625923e+02
1.199949949949949968e-01 2.586004933089659517e+02
1.208708708708708668e-01 2.586074140955691973e+02
1.217467467467467507e-01 2.586143348821724430e+02
1.226226226226226207e-01 2.586212556687757456e+02
1.234984984984984907e-01 2.586263585954393420e+02
1.243743743743743746e-01 2.586308875149540540e+02
1.252502502502502446e-01 2.586354164344687661e+02
1.261261261261261146e-01 2.586399453539835349e+02
1.270020020020020124e-01 2.586444742734983038e+02
1.278778778778778824e-01 2.586490031930130726e+02
1.287537537537537524e-01 2.586535321125278415e+02
1.296296296296296224e-01 2.586580610320424967e+02
1.305055055055054924e-01 2.586625899515572655e+02
1.313813813813813902e-01 2.586671188710720912e+02
1.322572572572572602e-01 2.586715504957535927e+02
1.331331331331331302e-01 2.586759456081085204e+02
1.340090090090090003e-01 2.586803407204635050e+02
1.348848848848848703e-01 2.586847358328184328e+02
1.357607607607607680e-01 2.586891309451734742e+02
1.366366366366366381e-01 2.586935260575284019e+02
1.375125125125125081e-01 2.586979211698833865e+02
1.383883883883883781e-01 2.587023162822383711e+02
1.392642642642642758e-01 2.587074907227469680e+02
1.401401401401401459e-01 2.587128726733939175e+02
1.410160160160160159e-01 2.587182546240409238e+02
1.418918918918918859e-01 2.587236365746879301e+02
1.427677677677677559e-01 2.587290185253348795e+02
1.436436436436436537e-01 2.587344004759818858e+02
1.445195195195195237e-01 2.587397824266288922e+02
1.453953953953953937e-01 2.587451643772758416e+02
1.462712712712712637e-01 2.587505463279228479e+02
1.471471471471471337e-01 2.587559282785698542e+02
1.480230230230230315e-01 2.587613102292168605e+02
1.488988988988989015e-01 2.587666921798638668e+02
1.497747747747747715e-01 2.587720741305108163e+02
1.506506506506506415e-01 2.587774560811578226e+02
1.515265265265265116e-01 2.587828380318047721e+02
1.524024024024024093e-01 2.587882199824517784e+02
1.532782782782782793e-01 2.587936019330987847e+02
1.541541541541541493e-01 2.587989838837457910e+02
1.550300300300300194e-01 2.588031639515198208e+02
1.559059059059059171e-01 2.588068857863750623e+02
1.567817817817817871e-01 2.588120094044443249e+02
1.576576576576576572e-01 2.588175539685364015e+02
1.585335335335335272e-01 2.588229830302460641e+02
1.594094094094093972e-01 2.588284120919557267e+02
1.602852852852852950e-01 2.588338411536654462e+02
1.611611611611611650e-01 2.588392702153751088e+02
1.620370370370370350e-01 2.588446992770847146e+02
1.629129129129129050e-01 2.588501283387944341e+02
1.637887887887887750e-01 2.588555574005041535e+02
1.646646646646646728e-01 2.588609864622138161e+02
1.655405405405405428e-01 2.588664155239234788e+02
1.664164164164164128e-01 2.588718445856330845e+02
1.672922922922922828e-01 2.588772736473428040e+02
1.681681681681681528e-01 2.588827027090525235e+02
1.690440440440440506e-01 2.588881317707621861e+02
1.699199199199199206e-01 2.588935608324718487e+02
1.707957957957957906e-01 2.588983247653738999e+02
1.716716716716716606e-01 2.589030672224450313e+02
1.725475475475475584e-01 2.589078096795161628e+02
1.734234234234234284e-01 2.589125521365873510e+02
1.742992992992992984e-01 2.589172945936584824e+02
1.751751751751751685e-01 2.589220370507296138e+02
1.760510510510510385e-01 2.589267795078008021e+02
1.769269269269269362e-01 2.589315063291267620e+02
1.778028028028028062e-01 2.589359453906289446e+02
1.786786786786786763e-01 2.589403844521310702e+02
1.795545545545545463e-01 2.589448235136331959e+02
1.804304304304304163e-01 2.589492625751353216e+02
1.813063063063063141e-01 2.589537016366375042e+02
1.821821821821821841e-01 2.589581406981396299e+02
1.830580580580580541e-01 2.589625797596417556e+02
1.839339339339339241e-01 2.589673931171292907e+02
1.848098098098098219e-01 2.589718212649827365e+02
1.856856856856856919e-01 2.589741229689143438e+02
1.865615615615615619e-01 2.589750020587473500e+02
1.874374374374374319e-01 2.589762679020120117e+02
1.883133133133133019e-01 2.589776007512444380e+02
1.891891891891891997e-01 2.589789336004768643e+02
1.900650650650650697e-01 2.589802664497092906e+02
1.909409409409409397e-01 2.589815992989416600e+02
1.918168168168168097e-01 2.589829321481740863e+02
1.926926926926926797e-01 2.589842649974065125e+02
1.935685685685685775e-01 2.589855978466389388e+02
1.944444444444444475e-01 2.589869306958713082e+02
1.953203203203203175e-01 2.589882635451037345e+02
1.961961961961961876e-01 2.589895963943361608e+02
1.970720720720720576e-01 2.589909292435685302e+02
1.979479479479479553e-01 2.589922620928009565e+02
1.988238238238238254e-01 2.589935949420333827e+02
1.996996996996996954e-01 2.589949277912658090e+02
2.005755755755755654e-01 2.589962606404982353e+02
2.014514514514514631e-01 2.589975934897306047e+02
2.023273273273273332e-01 2.589989263389630310e+02
2.032032032032032032e-01 2.590002591881954572e+02
2.040790790790790732e-01 2.590015920374278835e+02
2.049549549549549432e-01 2.590040025847383163e+02
2.058308308308308410e-01 2.590097565692616968e+02
2.067067067067067110e-01 2.590155105537850204e+02
2.075825825825825810e-01 2.590212645383084009e+02
2.084584584584584510e-01 2.590270185228317814e+02
2.093343343343343210e-01 2.590324455324590645e+02
2.102102102102102188e-01 2.590361948202835265e+02
2.110860860860860888e-01 2.590399441081079317e+02
2.119619619619619588e-01 2.590436933959323369e+02
2.128378378378378288e-01 2.590474426837567989e+02
2.137137137137136988e-01 2.590511919715812041e+02
2.145895895895895966e-01 2.590549412594056662e+02
2.154654654654654666e-01 2.590586905472300714e+02
2.163413413413413366e-01 2.590624398350544766e+02
2.172172172172172067e-01 2.590675699979549904e+02
2.180930930930931044e-01 2.590750088100829771e+02
2.189689689689689744e-01 2.590824476222109070e+02
2.198448448448448445e-01 2.590898864343388937e+02
2.207207207207207145e-01 2.590973252464668803e+02
2.215965965965965845e-01 2.591047640585948670e+02
2.224724724724724823e-01 2.591122028707228537e+02
2.233483483483483523e-01 2.591196416828507836e+02
2.242242242242242223e-01 2.591270804949787703e+02
2.251001001001000923e-01 2.591345193071067570e+02
2.259759759759759623e-01 2.591419581192347437e+02
2.268518518518518601e-01 2.591493969313627304e+02
2.277277277277277301e-01 2.591568357434906602e+02
2.286036036036036001e-01 2.591642745556187037e+02
2.294794794794794701e-01 2.591717133677466904e+02
2.303553553553553401e-01 2.591791521798746771e+02
2.312312312312312379e-01 2.591865305077019457e+02
2.321071071071071079e-01 2.591917677495864609e+02
2.329829829829829779e-01 2.591940279212910241e+02
2.338588588588588479e-01 2.591992950619763860e+02
2.347347347347347457e-01 2.592058990696410774e+02
2.356106106106106157e-01 2.592081589144098643e+02
2.364864864864864857e-01 2.592104009177907642e+02
2.373623623623623557e-01 2.592126429211716072e+02
2.382382382382382258e-01 2.592148849245525071e+02
2.391141141141141235e-01 2.592171269279333501e+02
2.399899899899899935e-01 2.592193689313142499e+02
2.408658658658658636e-01 2.592216109346950930e+02
2.417417417417417336e-01 2.592238529380759360e+02
2.426176176176176036e-01 2.592260949414568358e+02
2.434934934934935014e-01 2.592283369448377357e+02
2.443693693693693714e-01 2.592305789482186356e+02
2.452452452452452414e-01 2.592328209515994786e+02
2.461211211211211114e-01 2.592350629549803216e+02
2.469969969969969814e-01 2.592373049583611646e+02
2.478728728728728792e-01 2.592395469617420645e+02
2.487487487487487492e-01 2.592417889651229075e+02
2.496246246246246192e-01 2.592440309685038073e+02
2.505005005005004892e-01 2.592462729718846504e+02
2.513763763763763870e-01 2.592505841542201210e+02
2.522522522522522292e-01 2.592552079674877064e+02
2.531281281281281270e-01 2.592598317807552917e+02
2.540040040040040248e-01 2.592644555940229338e+02
2.548798798798798670e-01 2.592690794072905192e+02
2.557557557557557648e-01 2.592737032205581045e+02
2.566316316316316071e-01 2.592757040109443096e+02
2.575075075075075048e-01 2.592769694296467833e+02
2.583833833833834026e-01 2.592782348483492569e+02
2.592592592592592449e-01 2.592795002670516737e+02
2.601351351351351426e-01 2.592807656857540906e+02
2.610110110110109849e-01 2.592820311044565642e+02
2.618868868868868827e-01 2.592832965231590379e+02
2.627627627627627804e-01 2.592845619418614547e+02
2.636386386386386227e-01 2.592858273605638715e+02
2.645145145145145205e-01 2.592870007692384320e+02
2.653903903903903627e-01 2.592872833750083714e+02
2.662662662662662605e-01 2.592875659807783677e+02
2.671421421421421583e-01 2.592878485865484208e+02
2.680180180180180005e-01 2.592881311923183603e+02
2.688938938938938983e-01 2.592884137980884134e+02
2.697697697697697405e-01 2.592886964038583528e+02
2.706456456456456383e-01 2.592889790096283491e+02
2.715215215215215361e-01 2.592892616153983454e+02
2.723973973973973783e-01 2.592895442211683417e+02
2.732732732732732761e-01 2.592901276387956386e+02
2.741491491491491739e-01 2.592908075081570587e+02
2.750250250250250161e-01 2.592914873775184219e+02
2.759009009009009139e-01 2.592921672468797851e+02
2.767767767767767562e-01 2.592928471162412052e+02
2.776526526526526539e-01 2.592935269856025684e+02
2.785285285285285517e-01 2.592942068549639316e+02
2.794044044044043940e-01 2.592948867243253517e+02
2.802802802802802917e-01 2.592955665936867149e+02
2.811561561561561340e-01 2.592962464630481350e+02
2.820320320320320318e-01 2.592969263324094982e+02
2.829079079079079295e-01 2.592976062017709182e+02
2.837837837837837718e-01 2.592982860711322814e+02
2.846596596596596696e-01 2.592979846298111397e+02
2.855355355355355118e-01 2.592964240258447717e+02
2.864114114114114096e-01 2.592947954010801936e+02
2.872872872872873073e-01 2.592911971388763277e+02
2.881631631631631496e-01 2.592875671156330100e+02
2.890390390390390474e-01 2.592839370923896922e+02
2.899149149149148896e-01 2.592803070691463745e+02
2.907907907907907874e-01 2.592766770459031136e+02
2.916666666666666852e-01 2.592746524001167927e+02
2.925425425425425274e-01 2.592741000610106425e+02
2.934184184184184252e-01 2.592735477219044355e+02
2.942942942942942675e-01 2.592729953827982854e+02
2.951701701701701652e-01 2.592724430436920784e+02
2.960460460460460630e-01 2.592718907045858714e+02
2.969219219219219053e-01 2.592713383654797212e+02
2.977977977977978030e-01 2.592707860263735142e+02
2.986736736736736453e-01 2.592702336872673072e+02
2.995495495495495430e-01 2.592686327553295769e+02
3.004254254254254408e-01 2.592669172363321195e+02
3.013013013013012831e-01 2.592652017173347190e+02
3.021771771771771808e-01 2.592634861983373185e+02
3.030530530530530231e-01 2.592617706793398611e+02
3.039289289289289209e-01 2.592600551603424606e+02
3.048048048048048186e-01 2.592583396413450032e+02
3.056806806806806609e-01 2.592566241223476027e+02
3.065565565565565587e-01 2.592549086033501453e+02
3.074324324324324564e-01 2.592531930843527448e+02
3.083083083083082987e-01 2.592514775653553443e+02
3.091841841841841965e-01 2.592497620463578869e+02
3.100600600600600387e-01 2.592490463826686096e+02
3.109359359359359365e-01 2.592493173409376368e+02
3.118118118118118343e-01 2.592496439426314510e+02
3.126876876876876765e-01 2.592501235804723478e+02
3.135635635635635743e-01 2.592503702933235559e+02
3.144394394394394165e-01 2.592496220262534621e+02
3.153153153153153143e-01 2.592488737591833683e+02
3.161911911911912121e-01 2.592481254921132177e+02
3.170670670670670543e-01 2.592473772250431239e+02
3.179429429429429521e-01 2.592466289579730301e+02
3.188188188188187944e-01 2.592458806909029363e+02
3.196946946946946921e-01 2.592451324238327857e+02
3.205705705705705899e-01 2.592443841567627487e+02
3.214464464464464322e-01 2.592436358896925981e+02
3.223223223223223299e-01 2.592428876226225043e+02
3.231981981981981722e-01 2.592421393555524105e+02
3.240740740740740700e-01 2.592413910884823167e+02
3.249499499499499677e-01 2.592406428214122229e+02
3.258258258258258100e-01 2.592398945543421291e+02
3.267017017017017078e-01 2.592391462872720354e+02
3.275775775775775500e-01 2.592383980202018847e+02
3.284534534534534478e-01 2.592376497531317341e+02
3.293293293293293456e-01 2.592369014860616403e+02
3.302052052052051878e-01 2.592361532189915465e+02
3.310810810810810856e-01 2.592354049519214527e+02
3.319569569569569278e-01 2.592346566848513589e+02
3.328328328328328256e-01 2.592339084177812083e+02
3.337087087087087234e-01 2.592331601507111145e+02
3.345845845845845656e-01 2.592324118836410207e+02
3.354604604604604634e-01 2.592316636165709838e+02
3.363363363363363057e-01 2.592309153495008900e+02
3.372122122122122034e-01 2.592301670824307394e+02
3.380880880880881012e-01 2.592293472211346170e+02
3.389639639639639435e-01 2.592285111586821813e+02
3.398398398398398412e-01 2.592276750962296887e+02
3.407157157157157390e-01 2.592268390337771962e+02
3.415915915915915813e-01 2.592260029713247604e+02
3.424674674674674790e-01 2.592251669088722679e+02
3.433433433433433213e-01 2.592240639891431329e+02
3.442192192192192191e-01 2.592230578158435605e+02
3.450950950950951168e-01 2.592213084328297441e+02
3.459709709709709591e-01 2.592195590498159277e+02
3.468468468468468568e-01 2.592178096668020544e+02
3.477227227227226991e-01 2.592160602837882948e+02
3.485985985985985969e-01 2.592143109007744783e+02
3.494744744744744946e-01 2.592125615177607187e+02
3.503503503503503369e-01 2.592108121347468455e+02
3.512262262262262347e-01 2.592090627517330290e+02
3.521021021021020769e-01 2.592073133687192694e+02
3.529779779779779747e-01 2.592055639857053961e+02
3.538538538538538725e-01 2.592038146026915797e+02
3.547297297297297147e-01 2.592020652196778201e+02
3.556056056056056125e-01 2.592003158366640037e+02
3.564814814814814548e-01 2.591985664536501872e+02
3.573573573573573525e-01 2.591968170706363708e+02
3.582332332332332503e-01 2.591950676876226112e+02
3.591091091091090926e-01 2.591933183046087379e+02
3.599849849849849903e-01 2.591915689215949783e+02
3.608608608608608326e-01 2.591898195385811619e+02
3.617367367367367303e-01 2.591880701555672886e+02
3.626126126126126281e-01 2.591903083676858728e+02
3.634884884884884704e-01 2.591929878588381371e+02
3.643643643643643681e-01 2.591956673499905150e+02
3.652402402402402104e-01 2.591983468411428362e+02
3.661161161161161082e-01 2.592010263322951005e+02
3.669919919919920059e-01 2.592017785405823247e+02
3.678678678678678482e-01 2.592024622596001109e+02
3.687437437437437460e-01 2.592031459786178971e+02
3.696196196196196437e-01 2.592038296976356833e+02
3.704954954954954860e-01 2.592045134166534694e+02
3.713713713713713838e-01 2.592051971356712556e+02
3.722472472472472260e-01 2.592058808546890418e+02
3.731231231231231238e-01 2.592065645737067712e+02
3.739989989989990216e-01 2.592072482927245574e+02
3.748748748748748638e-01 2.592079320117423435e+02
3.757507507507507616e-01 2.592086157307601297e+02
3.766266266266266038e-01 2.592092994497779159e+02
3.775025025025025016e-01 2.592099831687957021e+02
3.783783783783783994e-01 2.592106668878134315e+02
3.792542542542542416e-01 2.592113506068312745e+02
3.801301301301301394e-01 2.592119454518096404e+02
3.810060060060059817e-01 2.592117347221422961e+02
3.818818818818818794e-01 2.592115239924750085e+02
3.827577577577577772e-01 2.592117314053132873e+02
3.836336336336336195e-01 2.592140944454769738e+02
3.845095095095095172e-01 2.592146219328868710e+02
3.853853853853853595e-01 2.592144042008150109e+02
3.862612612612612573e-01 2.592141864687430939e+02
3.871371371371371550e-01 2.592139687366712337e+02
3.880130130130129973e-01 2.592137510045993167e+02
3.888888888888888951e-01 2.592135332725274566e+02
3.897647647647647373e-01 2.592115132066056731e+02
3.906406406406406351e-01 2.592088120671845672e+02
3.915165165165165329e-01 2.592061109277633477e+02
3.923923923923923751e-01 2.592034097883421850e+02
3.932682682682682729e-01 2.592007086489210224e+02
3.941441441441441151e-01 2.591980075094999165e+02
3.950200200200200129e-01 2.591953063700786970e+02
3.958958958958959107e-01 2.591926052306575912e+02
3.967717717717717529e-01 2.591897627297075815e+02
3.976476476476476507e-01 2.591860400899365686e+02
3.985235235235234930e-01 2.591823174501655558e+02
3.993993993993993907e-01 2.591785948103945429e+02
4.002752752752752885e-01 2.591748721706235301e+02
4.011511511511511308e-01 2.591711495308525741e+02
4.020270270270270285e-01 2.591674268910815044e+02
4.029029029029029263e-01 2.591637042513105484e+02
4.037787787787787686e-01 2.591599816115395356e+02
4.046546546546546663e-01 2.591562589717685228e+02
4.055305305305305086e-01 2.591525363319975099e+02
4.064064064064064064e-01 2.591488136922265539e+02
4.072822822822823041e-01 2.591450910524554843e+02
4.081581581581581464e-01 2.591413684126844714e+02
4.090340340340340441e-01 2.591376457729134586e+02
4.099099099099098864e-01 2.591339231331425026e+02
4.107857857857857842e-01 2.591302004933714898e+02
4.116616616616616819e-01 2.591264778536004201e+02
4.125375375375375242e-01 2.591227552138294072e+02
4.134134134134134220e-01 2.591190325740584512e+02
4.142892892892892642e-01 2.591153099342874384e+02
4.151651651651651620e-01 2.591115872945163687e+02
4.160410410410410598e-01 2.591078646547454127e+02
4.169169169169169020e-01 2.591041420149743999e+02
4.177927927927927998e-01 2.590988614893616955e+02
4.186686686686686421e-01 2.590935131379824270e+02
4.195445445445445398e-01 2.590881647866031017e+02
4.204204204204204376e-01 2.590828164352237764e+02
4.212962962962962798e-01 2.590774680838444510e+02
4.221721721721721776e-01 2.590721197324651826e+02
4.230480480480480199e-01 2.590676759668615432e+02
4.239239239239239176e-01 2.590643424923946441e+02
4.247997997997998154e-01 2.590610090179278018e+02
4.256756756756756577e-01 2.590579435584275529e+02
4.265515515515515554e-01 2.590555702060251519e+02
4.274274274274273977e-01 2.590528008548211574e+02
4.283033033033032955e-01 2.590490212399212169e+02
4.291791791791791932e-01 2.590452416250213332e+02
4.300550550550550355e-01 2.590414620101213927e+02
4.309309309309309333e-01 2.590376823952214522e+02
4.318068068068067755e-01 2.590339027803215117e+02
4.326826826826826733e-01 2.590301231654215712e+02
4.335585585585585711e-01 2.590263435505216307e+02
4.344344344344344133e-01 2.590225639356216902e+02
4.353103103103103111e-01 2.590187843207217497e+02
4.361861861861862089e-01 2.590150047058218092e+02
4.370620620620620511e-01 2.590112250909218687e+02
4.379379379379379489e-01 2.590074454760219282e+02
4.388138138138137911e-01 2.590036658611219877e+02
4.396896896896896889e-01 2.589998862462221041e+02
4.405655655655655867e-01 2.589961066313221636e+02
4.414414414414414289e-01 2.589923270164221663e+02
4.423173173173173267e-01 2.589885474015222826e+02
4.431931931931931690e-01 2.589842914914300991e+02
4.440690690690690667e-01 2.589792581663789406e+02
4.449449449449449645e-01 2.589742248413278389e+02
4.458208208208208068e-01 2.589691915162767373e+02
4.466966966966967045e-01 2.589643148794704075e+02
4.475725725725725468e-01 2.589621007726029234e+02
4.484484484484484446e-01 2.589600509115794580e+02
4.493243243243243423e-01 2.589580010505559926e+02
4.502002002002001846e-01 2.589559511895325272e+02
4.510760760760760824e-01 2.589539013285090618e+02
4.519519519519519246e-01 2.589518514674855965e+02
4.528278278278278224e-01 2.589498016064621879e+02
4.537037037037037202e-01 2.589477517454387225e+02
4.545795795795795624e-01 2.589460293825131316e+02
4.554554554554554602e-01 2.589442151315118394e+02
4.563313313313313024e-01 2.589411859057149172e+02
4.572072072072072002e-01 2.589355036408428532e+02
4.580830830830830980e-01 2.589298213759707892e+02
4.589589589589589402e-01 2.589241391110987820e+02
4.598348348348348380e-01 2.589184568462267748e+02
4.607107107107106803e-01 2.589127745813547108e+02
4.615865865865865780e-01 2.589070923164827036e+02
4.624624624624624758e-01 2.589014100516106964e+02
4.633383383383383181e-01 2.588957277867386324e+02
4.642142142142142158e-01 2.588900455218666252e+02
4.650900900900901136e-01 2.588843632569946180e+02
4.659659659659659559e-01 2.588786809921225540e+02
4.668418418418418536e-01 2.588729987272505468e+02
4.677177177177176959e-01 2.588673164623784828e+02
4.685935935935935936e-01 2.588616341975064188e+02
4.694694694694694914e-01 2.588559519326344116e+02
4.703453453453453337e-01 2.588502696677624044e+02
4.712212212212212314e-01 2.588456652872876589e+02
4.720970970970970737e-01 2.588445272624008453e+02
4.729729729729729715e-01 2.588433892375140886e+02
4.738488488488488692e-01 2.588422495544119784e+02
4.747247247247247115e-01 2.588409354289578914e+02
4.756006006006006093e-01 2.588396213035039182e+02
4.764764764764764515e-01 2.588383071780498312e+02
4.773523523523523493e-01 2.588369930525958011e+02
4.782282282282282471e-01 2.588356789271417711e+02
4.791041041041040893e-01 2.588343648016877410e+02
4.799799799799799871e-01 2.588330506762337109e+02
4.808558558558558294e-01 2.588317365507796239e+02
4.817317317317317271e-01 2.588304224253256507e+02
4.826076076076076249e-01 2.588291082998716206e+02
4.834834834834834671e-01 2.588277941744175905e+02
4.843593593593593649e-01 2.588264800489635036e+02
4.852352352352352072e-01 2.588251659235094735e+02
4.861111111111111049e-01 2.588237695065751609e+02
4.869869869869870027e-01 2.588213254113123298e+02
4.878628628628628450e-01 2.588188813160494419e+02
4.887387387387387427e-01 2.588164372207866109e+02
4.896146146146145850e-01 2.588127725238274479e+02
4.904904904904904828e-01 2.588066487785931713e+02
4.913663663663663805e-01 2.588005250333588947e+02
4.922422422422422228e-01 2.587944012881246181e+02
4.931181181181181206e-01 2.587882775428903415e+02
4.939939939939939628e-01 2.587821537976560649e+02
4.948698698698698606e-01 2.587760300524217882e+02
4.957457457457457584e-01 2.587699063071875116e+02
4.966216216216216006e-01 2.587637825619532350e+02
4.974974974974974984e-01 2.587571309643942641e+02
4.983733733733733962e-01 2.587479388940233775e+02
4.992492492492492384e-01 2.587355949992235082e+02
5.001251251251250807e-01 2.587226587094148158e+02
5.010010010010009784e-01 2.587097224196061234e+02
5.018768768768768762e-01 2.586967861297974309e+02
5.027527527527527740e-01 2.586838498399887385e+02
5.036286286286286717e-01 2.586709135501801029e+02
5.045045045045044585e-01 2.586579772603714105e+02
5.053803803803803563e-01 2.586450409705627180e+02
5.062562562562562540e-01 2.586321046807540256e+02
5.071321321321321518e-01 2.586191683909453332e+02
5.080080080080080496e-01 2.586062321011366407e+02
5.088838838838838363e-01 2.585932958113279483e+02
5.097597597597597341e-01 2.585803595215192558e+02
5.106356356356356319e-01 2.585674232317106203e+02
5.115115115115115296e-01 2.585544869419019278e+02
5.123873873873874274e-01 2.585415506520932354e+02
5.132632632632632141e-01 2.585286143622845429e+02
5.141391391391391119e-01 2.585156780724758505e+02
5.150150150150150097e-01 2.585027417826671581e+02
5.158908908908909074e-01 2.584898054928584656e+02
5.167667667667668052e-01 2.584768692030497732e+02
5.176426426426425920e-01 2.584639329132410808e+02
5.185185185185184897e-01 2.584509966234323883e+02
5.193943943943943875e-01 2.584380603336237527e+02
5.202702702702702853e-01 2.584254357221675491e+02
5.211461461461461830e-01 2.584129896526286529e+02
5.220220220220219698e-01 2.584005435830898705e+02
5.228978978978978676e-01 2.583882829352152726e+02
5.237737737737737653e-01 2.583766705284770637e+02
5.246496496496496631e-01 2.583650581217389117e+02
5.255255255255255609e-01 2.583534457150007029e+02
5.264014014014013476e-01 2.583416206882747019e+02
5.272772772772772454e-01 2.583256258833089873e+02
5.281531531531531432e-01 2.583103500699963888e+02
5.290290290290290409e-01 2.582974806822167579e+02
5.299049049049049387e-01 2.582843928084774916e+02
5.307807807807807254e-01 2.582699304127813775e+02
5.316566566566566232e-01 2.582554680170852066e+02
5.325325325325325210e-01 2.582410056213890925e+02
5.334084084084084187e-01 2.582265432256929216e+02
5.342842842842843165e-01 2.582120808299968076e+02
5.351601601601601033e-01 2.581976184343006366e+02
5.360360360360360010e-01 2.581831560386045226e+02
5.369119119119118988e-01 2.581686936429083516e+02
5.377877877877877966e-01 2.581542312472122376e+02
5.386636636636636943e-01 2.581397688515160667e+02
5.395395395395394811e-01 2.581253064558199526e+02
5.404154154154153789e-01 2.581108440601237817e+02
5.412912912912912766e-01 2.580963816644276676e+02
5.421671671671671744e-01 2.580819192687314967e+02
5.430430430430430722e-01 2.580674568730353258e+02
5.439189189189188589e-01 2.580529944773392117e+02
5.447947947947947567e-01 2.580385320816430976e+02
5.456706706706706544e-01 2.580240696859469267e+02
5.465465465465465522e-01 2.580096072902508126e+02
5.474224224224224500e-01 2.579951448945546417e+02
5.482982982982983478e-01 2.579806824988584708e+02
5.491741741741741345e-01 2.579662201031623567e+02
5.500500500500500323e-01 2.579515747462403397e+02
5.509259259259259300e-01 2.579359045162382813e+02
5.518018018018018278e-01 2.579202342862361661e+02
5.526776776776777256e-01 2.579045640562340509e+02
5.535535535535535123e-01 2.578888938262319357e+02
5.544294294294294101e-01 2.578728243718999806e+02
5.553053053053053079e-01 2.578583982357105810e+02
5.561811811811812056e-01 2.578459148630354321e+02
5.570570570570571034e-01 2.578334314903602831e+02
5.579329329329328901e-01 2.578199442073422460e+02
5.588088088088087879e-01 2.578060121030948721e+02
5.596846846846846857e-01 2.577920799988474982e+02
5.605605605605605835e-01 2.577781478946001243e+02
5.614364364364364812e-01 2.577642157903527504e+02
5.623123123123122680e-01 2.577502836861053197e+02
5.631881881881881657e-01 2.577363515818578890e+02
5.640640640640640635e-01 2.577224194776105151e+02
5.649399399399399613e-01 2.577084873733631412e+02
5.658158158158158590e-01 2.576948162089850030e+02
5.666916916916916458e-01 2.576817418117432226e+02
5.675675675675675436e-01 2.576686674145014422e+02
5.684434434434434413e-01 2.576555930172596618e+02
5.693193193193193391e-01 2.576425186200179382e+02
5.701951951951952369e-01 2.576294442227761579e+02
5.710710710710710236e-01 2.576163698255343775e+02
5.719469469469469214e-01 2.576032954282926539e+02
5.728228228228228192e-01 2.575902210310508735e+02
5.736986986986987169e-01 2.575771466338090931e+02
5.745745745745746147e-01 2.575640722365673128e+02
5.754504504504504014e-01 2.575509978393255892e+02
5.763263263263262992e-01 2.575379234420838088e+02
5.772022022022021970e-01 2.575248490448420284e+02
5.780780780780780947e-01 2.575117746476003049e+02
5.789539539539539925e-01 2.574987002503585245e+02
5.798298298298297793e-01 2.574856258531167441e+02
5.807057057057056770e-01 2.574723616036551448e+02
5.815815815815815748e-01 2.574590634185521481e+02
5.824574574574574726e-01 2.574457652334491513e+02
5.833333333333333703e-01 2.574324670483462114e+02
5.842092092092091571e-01 2.574192098889915883e+02
5.850850850850850549e-01 2.574061961830134351e+02
5.859609609609609526e-01 2.573931824770353387e+02
5.868368368368368504e-01 2.573801687710572423e+02
5.877127127127127482e-01 2.573671550650791460e+02
5.885885885885885349e-01 2.573541413591009928e+02
5.894644644644644327e-01 2.573417403576439142e+02
5.903403403403403304e-01 2.573294211441672132e+02
5.912162162162162282e-01 2.573171019306904554e+02
5.920920920920921260e-01 2.573047827172138113e+02
5.929679679679679127e-01 2.572920547901208010e+02
5.938438438438438105e-01 2.572769846192358614e+02
5.947197197197197083e-01 2.572619144483509217e+02
5.955955955955956060e-01 2.572468442774659820e+02
5.964714714714715038e-01 2.572317741065810424e+02
5.973473473473472906e-01 2.572167039356961595e+02
5.982232232232231883e-01 2.572016337648112199e+02
5.990990990990990861e-01 2.571865635939263370e+02
5.999749749749749839e-01 2.571714934230413974e+02
6.008508508508508816e-01 2.571564232521565145e+02
6.017267267267266684e-01 2.571413530812715749e+02
6.026026026026025662e-01 2.571262829103866352e+02
6.034784784784784639e-01 2.571099539929126649e+02
6.043543543543543617e-01 2.570934896229539390e+02
6.052302302302302595e-01 2.570770252529952131e+02
6.061061061061060462e-01 2.570605608830364872e+02
6.069819819819819440e-01 2.570440965130777045e+02
6.078578578578578417e-01 2.570276321431190354e+02
6.087337337337337395e-01 2.570111677731602526e+02
6.096096096096096373e-01 2.569947034032015267e+02
6.104854854854855351e-01 2.569784931650762019e+02
6.113613613613613218e-01 2.569627973378101160e+02
6.122372372372372196e-01 2.569471015105440301e+02
6.131131131131131173e-01 2.569314056832779443e+02
6.139889889889890151e-01 2.569157098560118584e+02
6.148648648648649129e-01 2.569000140287457725e+02
6.157407407407406996e-01 2.568843182014796866e+02
6.166166166166165974e-01 2.568686223742136008e+02
6.174924924924924952e-01 2.568529265469474581e+02
6.183683683683683929e-01 2.568366186167077103e+02
6.192442442442442907e-01 2.568191518240727191e+02
6.201201201201200774e-01 2.568016850314377280e+02
6.209959959959959752e-01 2.567842107305312993e+02
6.218718718718718730e-01 2.567666856751346813e+02
6.227477477477477708e-01 2.567491606197380634e+02
6.236236236236236685e-01 2.567316355643414454e+02
6.244994994994994553e-01 2.567141105089447706e+02
6.253753753753753530e-01 2.566965854535481526e+02
6.262512512512512508e-01 2.566761451738537971e+02
6.271271271271271486e-01 2.566558758372833040e+02
6.280030030030030463e-01 2.566342878565964156e+02
6.288788788788788331e-01 2.566120201030760768e+02
6.297547547547547309e-01 2.565897523495557948e+02
6.306306306306306286e-01 2.565674845960355128e+02
6.315065065065065264e-01 2.565452168425152308e+02
6.323823823823824242e-01 2.565229490889948920e+02
6.332582582582582109e-01 2.565006813354746100e+02
6.341341341341341087e-01 2.564779064174420000e+02
6.350100100100100065e-01 2.564546851765321094e+02
6.358858858858859042e-01 2.564314639356222187e+02
6.367617617617618020e-01 2.564082426947123281e+02
6.376376376376375887e-01 2.563850214538024375e+02
6.385135135135134865e-01 2.563618002128926037e+02
6.393893893893893843e-01 2.563385789719826562e+02
6.402652652652652820e-01 2.563153577310728224e+02
6.411411411411411798e-01 2.562921364901629318e+02
6.420170170170169666e-01 2.562689152492530411e+02
6.428928928928928643e-01 2.562465703123492631e+02
6.437687687687687621e-01 2.562243796132261764e+02
6.446446446446446599e-01 2.562026587130954454e+02
6.455205205205205576e-01 2.561827453679613882e+02
6.463963963963963444e-01 2.561628320228273310e+02
6.472722722722722422e-01 2.561429186776932170e+02
6.481481481481481399e-01 2.561230053325591598e+02
6.490240240240240377e-01 2.561030919874251026e+02
6.498998998998999355e-01 2.560831786422909886e+02
6.507757757757757222e-01 2.560632652971569883e+02
6.516516516516516200e-01 2.560433519520228742e+02
6.525275275275275177e-01 2.560234386068887602e+02
6.534034034034034155e-01 2.560026461145340591e+02
6.542792792792793133e-01 2.559800431899447801e+02
6.551551551551551000e-01 2.559558892903650076e+02
6.560310310310309978e-01 2.559317353907852066e+02
6.569069069069068956e-01 2.559075814912054625e+02
6.577827827827827933e-01 2.558834275916256615e+02
6.586586586586586911e-01 2.558592736920459174e+02
6.595345345345344779e-01 2.558351197924661449e+02
6.604104104104103756e-01 2.558109658928863723e+02
6.612862862862862734e-01 2.557868119933065714e+02
6.621621621621621712e-01 2.557626580937267988e+02
6.630380380380380689e-01 2.557385041941470263e+02
6.639139139139138557e-01 2.557143502945672537e+02
6.647897897897897534e-01 2.556864701612258273e+02
6.656656656656656512e-01 2.556585311424859981e+02
6.665415415415415490e-01 2.556305921237461689e+02
6.674174174174174468e-01 2.556026531050063682e+02
6.682932932932932335e-01 2.555747140862665105e+02
6.691691691691691313e-01 2.555467750675267098e+02
6.700450450450450290e-01 2.555188360487868522e+02
6.709209209209209268e-01 2.554908970300470514e+02
6.717967967967968246e-01 2.554629580113072223e+02
6.726726726726726113e-01 2.554350189925673931e+02
6.735485485485485091e-01 2.554070360365519718e+02
6.744244244244244069e-01 2.553788993022887439e+02
6.753003003003003046e-01 2.553507625680256012e+02
6.761761761761762024e-01 2.553226258337624017e+02
6.770520520520521002e-01 2.552944890994992022e+02
6.779279279279278869e-01 2.552663523652360595e+02
6.788038038038037847e-01 2.552382156309728600e+02
6.796796796796796825e-01 2.552100788967096889e+02
6.805555555555555802e-01 2.551816822739672546e+02
6.814314314314314780e-01 2.551526151594581222e+02
6.823073073073072647e-01 2.551235480449489614e+02
6.831831831831831625e-01 2.550944809304398291e+02
6.840590590590590603e-01 2.550654138159306967e+02
6.849349349349349581e-01 2.550363467014215644e+02
6.858108108108108558e-01 2.550072795869124036e+02
6.866866866866866426e-01 2.549782124724032712e+02
6.875625625625625403e-01 2.549491453578941389e+02
6.884384384384384381e-01 2.549200782433849781e+02
6.893143143143143359e-01 2.548910111288758458e+02
6.901901901901902336e-01 2.548611671896177313e+02
6.910660660660660204e-01 2.548300434876023814e+02
6.919419419419419182e-01 2.547989197855870316e+02
6.928178178178178159e-01 2.547677960835716817e+02
6.936936936936937137e-01 2.547366723815563319e+02
6.945695695695696115e-01 2.547055486795409820e+02
6.954454454454453982e-01 2.546744249775256321e+02
6.963213213213212960e-01 2.546433012755102823e+02
6.971971971971971938e-01 2.546121775734949324e+02
6.980730730730730915e-01 2.545817345883989731e+02
6.989489489489489893e-01 2.545521184579168619e+02
6.998248248248247760e-01 2.545210627758907265e+02
7.007007007007006738e-01 2.544900070938646195e+02
7.015765765765765716e-01 2.544589514118384841e+02
7.024524524524524693e-01 2.544278957298123771e+02
7.033283283283283671e-01 2.543968400477862701e+02
7.042042042042041539e-01 2.543657843657601347e+02
7.050800800800800516e-01 2.543347286837340562e+02
7.059559559559559494e-01 2.543034679245131144e+02
7.068318318318318472e-01 2.542719779259174686e+02
7.077077077077077449e-01 2.542404879273218512e+02
7.085835835835835317e-01 2.542089979287261770e+02
7.094594594594594295e-01 2.541775079301305027e+02
7.103353353353353272e-01 2.541460179315348569e+02
7.112112112112112250e-01 2.541145279329392110e+02
7.120870870870871228e-01 2.540830379343435652e+02
7.129629629629629095e-01 2.540515479357479478e+02
7.138388388388388073e-01 2.540200579371522736e+02
7.147147147147147050e-01 2.539885227381811603e+02
7.155905905905906028e-01 2.539569567565900456e+02
7.164664664664665006e-01 2.539253907749988741e+02
7.173423423423422873e-01 2.538938247934077594e+02
7.182182182182181851e-01 2.538622588118166163e+02
7.190940940940940829e-01 2.538306928302255017e+02
7.199699699699699806e-01 2.537991268486343870e+02
7.208458458458458784e-01 2.537675608670432155e+02
7.217217217217216652e-01 2.537359948854521008e+02
7.225975975975975629e-01 2.537036613789630337e+02
7.234734734734734607e-01 2.536708367023227311e+02
7.243493493493493585e-01 2.536380120256824569e+02
7.252252252252252562e-01 2.536051210253867225e+02
7.261011011011010430e-01 2.535719014586703111e+02
7.269769769769769407e-01 2.535386818919538428e+02
7.278528528528528385e-01 2.535054623252373744e+02
7.287287287287287363e-01 2.534722427585209630e+02
7.296046046046046341e-01 2.534390231918044947e+02
7.304804804804804208e-01 2.534058036250880832e+02
7.313563563563563186e-01 2.533725840583716149e+02
7.322322322322322163e-01 2.533393644916552034e+02
7.331081081081081141e-01 2.533061449249387351e+02
7.339839839839840119e-01 2.532729253582223237e+02
7.348598598598597986e-01 2.532397057915058838e+02
7.357357357357356964e-01 2.532064862247893871e+02
7.366116116116115942e-01 2.531732666580729756e+02
7.374874874874874919e-01 2.531400470913565073e+02
7.383633633633633897e-01 2.531068275246400674e+02
7.392392392392392875e-01 2.530736079579236559e+02
7.401151151151150742e-01 2.530403883912072160e+02
7.409909909909909720e-01 2.530071688244907477e+02
7.418668668668668698e-01 2.529736612001088076e+02
7.427427427427427675e-01 2.529397593084970595e+02
7.436186186186186653e-01 2.529058574168852545e+02
7.444944944944944520e-01 2.528715338992078614e+02
7.453703703703703498e-01 2.528359317227424015e+02
7.462462462462462476e-01 2.528003295462769415e+02
7.471221221221221453e-01 2.527647273698113963e+02
7.479979979979980431e-01 2.527289712448980197e+02
7.488738738738738299e-01 2.526915878757100700e+02
7.497497497497497276e-01 2.526542045065220918e+02
7.506256256256256254e-01 2.526166903122160932e+02
7.515015015015015232e-01 2.525789439500411788e+02
7.523773773773774209e-01 2.525411975878662645e+02
7.532532532532532077e-01 2.525034512256913217e+02
7.541291291291291055e-01 2.524657048635164074e+02
7.550050050050050032e-01 2.524279585013414930e+02
7.558808808808809010e-01 2.523902121391666071e+02
7.567567567567567988e-01 2.523524657769916644e+02
7.576326326326325855e-01 2.523147194148167500e+02
7.585085085085084833e-01 2.522769730526418357e+02
7.593843843843843811e-01 2.522392266904669214e+02
7.602602602602602788e-01 2.522014803282920070e+02
7.611361361361361766e-01 2.521637339661170927e+02
7.620120120120119633e-01 2.521259876039421499e+02
7.628878878878878611e-01 2.520882412417672072e+02
7.637637637637637589e-01 2.520500162595766369e+02
7.646396396396396566e-01 2.520115531611472193e+02
7.655155155155155544e-01 2.519730900627178016e+02
7.663913913913913412e-01 2.519346269642884408e+02
7.672672672672672389e-01 2.518961638658590232e+02
7.681431431431431367e-01 2.518593577460121082e+02
7.690190190190190345e-01 2.518236258751054208e+02
7.698948948948949322e-01 2.517878940041987335e+02
7.707707707707707190e-01 2.517521621332920176e+02
7.716466466466466168e-01 2.517164302623853018e+02
7.725225225225225145e-01 2.516806983914785860e+02
7.733983983983984123e-01 2.516449665205719270e+02
7.742742742742743101e-01 2.516092346496652112e+02
7.751501501501500968e-01 2.515735027787584954e+02
7.760260260260259946e-01 2.515377709078517796e+02
7.769019019019018923e-01 2.515020390369450922e+02
7.777777777777777901e-01 2.514663071660383764e+02
7.786536536536536879e-01 2.514305752951316606e+02
7.795295295295294746e-01 2.513948434242249732e+02
7.804054054054053724e-01 2.513591115533182858e+02
7.812812812812812702e-01 2.513233796824115416e+02
7.821571571571571679e-01 2.512876478115048542e+02
7.830330330330330657e-01 2.512517919021346415e+02
7.839089089089088525e-01 2.512138889600980747e+02
7.847847847847847502e-01 2.511759860180615078e+02
7.856606606606606480e-01 2.511381649464786960e+02
7.865365365365365458e-01 2.511007274598454444e+02
7.874124124124124435e-01 2.510632899732122496e+02
7.882882882882882303e-01 2.510258524865790264e+02
7.891641641641641280e-01 2.509884149999458032e+02
7.900400400400400258e-01 2.509494938441503109e+02
7.909159159159159236e-01 2.509103282338502368e+02
7.917917917917918214e-01 2.508697696098860774e+02
7.926676676676676081e-01 2.508289037750872126e+02
7.935435435435435059e-01 2.507880379402882909e+02
7.944194194194194036e-01 2.507471721054894829e+02
7.952952952952953014e-01 2.507063062706905612e+02
7.961711711711711992e-01 2.506654404358916679e+02
7.970470470470469859e-01 2.506245746010928315e+02
7.979229229229228837e-01 2.505837087662939098e+02
7.987987987987987815e-01 2.505428429314950449e+02
7.996746746746746792e-01 2.505019770966961516e+02
8.005505505505505770e-01 2.504611112618972868e+02
8.014264264264264748e-01 2.504202454270983935e+02
8.023023023023022615e-01 2.503793795922995287e+02
8.031781781781781593e-01 2.503385137575006070e+02
8.040540540540540571e-01 2.502976479227017705e+02
8.049299299299299548e-01 2.502567820879028773e+02
8.058058058058058526e-01 2.502159162531039840e+02
8.066816816816816393e-01 2.501750504183051476e+02
8.075575575575575371e-01 2.501341845835062259e+02
8.084334334334334349e-01 2.500933187487073610e+02
8.093093093093093326e-01 2.500524529139084677e+02
8.101851851851852304e-01 2.500115870791095460e+02
8.110610610610610172e-01 2.499707110389486502e+02
8.119369369369369149e-01 2.499287152608536076e+02
8.128128128128128127e-01 2.498848318564511146e+02
8.136886886886887105e-01 2.498408845853799676e+02
8.145645645645646082e-01 2.497969373143087921e+02
8.154404404404403950e-01 2.497529900432376166e+02
8.163163163163162928e-01 2.497090427721664412e+02
8.171921921921921905e-01 2.496650955010952941e+02
8.180680680680680883e-01 2.496210627320650701e+02
8.189439439439439861e-01 2.495756324551043406e+02
8.198198198198197728e-01 2.495302021781435826e+02
8.206956956956956706e-01 2.494847719011828531e+02
8.215715715715715683e-01 2.494393570938153744e+02
8.224474474474474661e-01 2.493939489968921634e+02
8.233233233233233639e-01 2.493485408999690662e+02
8.241991991991991506e-01 2.493031328030458837e+02
8.250750750750750484e-01 2.492577247061227297e+02
8.259509509509509462e-01 2.492123166091995472e+02
8.268268268268268439e-01 2.491669085122763931e+02
8.277027027027027417e-01 2.491215004153532391e+02
8.285785785785785285e-01 2.490760923184300850e+02
8.294544544544544262e-01 2.490306879504738902e+02
8.303303303303303240e-01 2.489852932522331344e+02
8.312062062062062218e-01 2.489398985539923501e+02
8.320820820820821195e-01 2.488945038557516227e+02
8.329579579579579063e-01 2.488491091575108669e+02
8.338338338338338041e-01 2.488040189423110746e+02
8.347097097097097018e-01 2.487595953610211836e+02
8.355855855855855996e-01 2.487151717797312926e+02
8.364614614614614974e-01 2.486707481984414017e+02
8.373373373373372841e-01 2.486261580261497386e+02
8.382132132132131819e-01 2.485806743240299284e+02
8.390890890890890796e-01 2.485351906219101465e+02
8.399649649649649774e-01 2.484897069197903647e+02
8.408408408408408752e-01 2.484442232176705261e+02
8.417167167167166619e-01 2.483987395155507443e+02
8.425925925925925597e-01 2.483532558134309625e+02
8.434684684684684575e-01 2.483077721113111807e+02
8.443443443443443552e-01 2.482622884091913420e+02
8.452202202202202530e-01 2.482168047070715886e+02
8.460960960960960398e-01 2.481713210049517784e+02
8.469719719719719375e-01 2.481258373028319966e+02
8.478478478478478353e-01 2.480796870489422759e+02
8.487237237237237331e-01 2.480333838361431731e+02
8.495995995995996308e-01 2.479870806233440987e+02
8.504754754754754176e-01 2.479407774105449676e+02
8.513513513513513153e-01 2.478944741977458932e+02
8.522272272272272131e-01 2.478481709849467620e+02
8.531031031031031109e-01 2.478018677721477161e+02
8.539789789789790087e-01 2.477555645593486133e+02
8.548548548548547954e-01 2.477092613465495106e+02
8.557307307307306932e-01 2.476629581337504078e+02
8.566066066066065909e-01 2.476166549209513050e+02
8.574824824824824887e-01 2.475703517081522023e+02
8.583583583583583865e-01 2.475240484953530995e+02
8.592342342342341732e-01 2.474777452825540536e+02
8.601101101101100710e-01 2.474314420697549224e+02
8.609859859859859688e-01 2.473851388569558480e+02
8.618618618618618665e-01 2.473388356441567169e+02
8.627377377377377643e-01 2.472925324313576425e+02
8.636136136136135510e-01 2.472462292185585397e+02
8.644894894894894488e-01 2.471999260057594370e+02
8.653653653653653466e-01 2.471541197058402020e+02
8.662412412412412444e-01 2.471083820000176274e+02
8.671171171171171421e-01 2.470626442941950245e+02
8.679929929929930399e-01 2.470169065883724500e+02
8.688688688688688266e-01 2.469711688825499039e+02
8.697447447447447244e-01 2.469254311767273009e+02
8.706206206206206222e-01 2.468796934709046980e+02
8.714964964964965199e-01 2.468339557650821234e+02
8.723723723723724177e-01 2.467882180592595489e+02
8.732482482482482045e-01 2.467424803534369744e+02
8.741241241241241022e-01 2.466964025446311268e+02
8.750000000000000000e-01 2.466500000000000341e+02
