LineProbe
number of points: 1000 (fixed)
point 0: [0. 0. 0.]
point 1: [0.875 0.    0.   ]
-----

# T 1000
0.000000000000000000e+00 2.524107196854082247e+02
8.758758758758758683e-04 2.524135867704140423e+02
1.751751751751751737e-03 2.524164538554198316e+02
2.627627627627627388e-03 2.524192542817530693e+02
3.503503503503503473e-03 2.524217491319629971e+02
4.379379379379379558e-03 2.524242439821729249e+02
5.255255255255254776e-03 2.524267388323828243e+02
6.131131131131130861e-03 2.524292336825927237e+02
7.007007007007006946e-03 2.524317285328026514e+02
7.882882882882882164e-03 2.524342233830125792e+02
8.758758758758759116e-03 2.524367182332225070e+02
9.634634634634634334e-03 2.524392130834324064e+02
1.051051051051050955e-02 2.524417079336423058e+02
1.138638638638638650e-02 2.524442027838522051e+02
1.226226226226226172e-02 2.524470629338860022e+02
1.313813813813813867e-02 2.524501128471265474e+02
1.401401401401401389e-02 2.524531627603669790e+02
1.488988988988988911e-02 2.524562126736075243e+02
1.576576576576576433e-02 2.524592625868480127e+02
1.664164164164164128e-02 2.524623125000885011e+02
1.751751751751751823e-02 2.524653624133290180e+02
1.839339339339339172e-02 2.524683056029307124e+02
1.926926926926926867e-02 2.524701300258407741e+02
2.014514514514514562e-02 2.524719544487507505e+02
2.102102102102101910e-02 2.524737788716607554e+02
2.189689689689689606e-02 2.524759176992124594e+02
2.277277277277277301e-02 2.524785551611513199e+02
2.364864864864864996e-02 2.524805671514870937e+02
2.452452452452452344e-02 2.524823586270343299e+02
2.540040040040040040e-02 2.524841501025815944e+02
2.627627627627627735e-02 2.524859415781288305e+02
2.715215215215215083e-02 2.524877330536760951e+02
2.802802802802802778e-02 2.524895245292233312e+02
2.890390390390390474e-02 2.524913160047705674e+02
2.977977977977977822e-02 2.524931074803178603e+02
3.065565565565565517e-02 2.524948989558650965e+02
3.153153153153152866e-02 2.524966904314123610e+02
3.240740740740740561e-02 2.524984819069595972e+02
3.328328328328328256e-02 2.525002733825068333e+02
3.415915915915915951e-02 2.525020185026473598e+02
3.503503503503503647e-02 2.525033630236566751e+02
3.591091091091091342e-02 2.525047075446660472e+02
3.678678678678678343e-02 2.525060520656753908e+02
3.766266266266266038e-02 2.525073965866847345e+02
3.853853853853853734e-02 2.525087411076940782e+02
3.941441441441441429e-02 2.525100856287033935e+02
4.029029029029029124e-02 2.525114301497127656e+02
4.116616616616616819e-02 2.525134704558316230e+02
4.204204204204203821e-02 2.525157999633815109e+02
4.291791791791791516e-02 2.525185071884563683e+02
4.379379379379379211e-02 2.525212144135312258e+02
4.466966966966966907e-02 2.525239216386061116e+02
4.554554554554554602e-02 2.525266288636809691e+02
4.642142142142142297e-02 2.525293360887558549e+02
4.729729729729729992e-02 2.525320433138307408e+02
4.817317317317316994e-02 2.525347505389056266e+02
4.904904904904904689e-02 2.525374577639804841e+02
4.992492492492492384e-02 2.525401649890553415e+02
5.080080080080080079e-02 2.525432675428506570e+02
5.167667667667667775e-02 2.525466288794027321e+02
5.255255255255255470e-02 2.525499902159548071e+02
5.342842842842842471e-02 2.525533515525068537e+02
5.430430430430430166e-02 2.525567128890588720e+02
5.518018018018017862e-02 2.525600742256109754e+02
5.605605605605605557e-02 2.525627528793654619e+02
5.693193193193193252e-02 2.525650836064330633e+02
5.780780780780780947e-02 2.525674143335006647e+02
5.868368368368368643e-02 2.525697450605683230e+02
5.955955955955955644e-02 2.525720757876359244e+02
6.043543543543543339e-02 2.525744065147035258e+02
6.131131131131131035e-02 2.525767372417711272e+02
6.218718718718718730e-02 2.525790679688387570e+02
6.306306306306305731e-02 2.525813986959063584e+02
6.393893893893894120e-02 2.525837294229739882e+02
6.481481481481481122e-02 2.525859567541187687e+02
6.569069069069069511e-02 2.525876099743166776e+02
6.656656656656656512e-02 2.525892631945145297e+02
6.744244244244243514e-02 2.525909164147124386e+02
6.831831831831831903e-02 2.525925696349102907e+02
6.919419419419418904e-02 2.525942228551081712e+02
7.007007007007007293e-02 2.525959114979141305e+02
7.094594594594594295e-02 2.525976985770529950e+02
7.182182182182182684e-02 2.525994856561918027e+02
7.269769769769769685e-02 2.526012727353306673e+02
7.357357357357356686e-02 2.526030598144695318e+02
7.444944944944945076e-02 2.526046944826296112e+02
7.532532532532532077e-02 2.526061137762839621e+02
7.620120120120120466e-02 2.526075330699382562e+02
7.707707707707707467e-02 2.526089172315654992e+02
7.795295295295295857e-02 2.526100092612977903e+02
7.882882882882882858e-02 2.526111012910301952e+02
7.970470470470469859e-02 2.526121933207625148e+02
8.058058058058058248e-02 2.526132853504948628e+02
8.145645645645645250e-02 2.526143773802272108e+02
8.233233233233233639e-02 2.526154694099595304e+02
8.320820820820820640e-02 2.526165614396919068e+02
8.408408408408407642e-02 2.526176534694242548e+02
8.495995995995996031e-02 2.526187454991565744e+02
8.583583583583583032e-02 2.526199279062356595e+02
8.671171171171171421e-02 2.526214082590833527e+02
8.758758758758758423e-02 2.526228886119309607e+02
8.846346346346346812e-02 2.526243689647785970e+02
8.933933933933933813e-02 2.526258493176262618e+02
9.021521521521520814e-02 2.526273296704739266e+02
9.109109109109109204e-02 2.526288849232893767e+02
9.196696696696696205e-02 2.526311611709395777e+02
9.284284284284284594e-02 2.526334374185897786e+02
9.371871871871871595e-02 2.526357136662400080e+02
9.459459459459459985e-02 2.526379899138901806e+02
9.547047047047046986e-02 2.526402661615404384e+02
9.634634634634633987e-02 2.526425424091906109e+02
9.722222222222222376e-02 2.526448186568408687e+02
9.809809809809809378e-02 2.526470949044910412e+02
9.897397397397397767e-02 2.526493711521412706e+02
9.984984984984984768e-02 2.526516473997914716e+02
1.007257257257257316e-01 2.526539236474416725e+02
1.016016016016016016e-01 2.526561998950919019e+02
1.024774774774774716e-01 2.526584761427421029e+02
1.033533533533533555e-01 2.526607523903923038e+02
1.042292292292292255e-01 2.526633200160929960e+02
1.051051051051051094e-01 2.526659789489557397e+02
1.059809809809809794e-01 2.526687280483344864e+02
1.068568568568568494e-01 2.526714771477132331e+02
1.077327327327327333e-01 2.526742262470919798e+02
1.086086086086086033e-01 2.526769753464707264e+02
1.094844844844844872e-01 2.526797244458495015e+02
1.103603603603603572e-01 2.526824735452282198e+02
1.112362362362362411e-01 2.526852226446069949e+02
1.121121121121121111e-01 2.526879717439857700e+02
1.129879879879879812e-01 2.526907208433644882e+02
1.138638638638638650e-01 2.526937872088719246e+02
1.147397397397397351e-01 2.526972517281707837e+02
1.156156156156156189e-01 2.527007162474696997e+02
1.164914914914914890e-01 2.527041807667686157e+02
1.173673673673673729e-01 2.527076452860675033e+02
1.182432432432432429e-01 2.527111098053664193e+02
1.191191191191191129e-01 2.527145743246653069e+02
1.199949949949949968e-01 2.527180388439641945e+02
1.208708708708708668e-01 2.527215033632630821e+02
1.217467467467467507e-01 2.527249678825619981e+02
1.226226226226226207e-01 2.527284324018608856e+02
1.234984984984984907e-01 2.527309767290678337e+02
1.243743743743743746e-01 2.527332304965746630e+02
1.252502502502502446e-01 2.527354842640814354e+02
1.261261261261261146e-01 2.527377380315882647e+02
1.270020020020020124e-01 2.527399917990950655e+02
1.278778778778778824e-01 2.527422455666018664e+02
1.287537537537537524e-01 2.527444993341086672e+02
1.296296296296296224e-01 2.527467531016155249e+02
1.305055055055054924e-01 2.527490068691222973e+02
1.313813813813813902e-01 2.527512606366290981e+02
1.322572572572572602e-01 2.527534371004515776e+02
1.331331331331331302e-01 2.527555845541275517e+02
1.340090090090090003e-01 2.527577320078035257e+02
1.348848848848848703e-01 2.527598794614795850e+02
1.357607607607607680e-01 2.527620269151555590e+02
1.366366366366366381e-01 2.527641743688315614e+02
1.375125125125125081e-01 2.527663218225075354e+02
1.383883883883883781e-01 2.527684692761835379e+02
1.392642642642642758e-01 2.527705938771913736e+02
1.401401401401401459e-01 2.527727123932652376e+02
1.410160160160160159e-01 2.527748309093392152e+02
1.418918918918918859e-01 2.527769494254130791e+02
1.427677677677677559e-01 2.527790679414869714e+02
1.436436436436436537e-01 2.527811864575609206e+02
1.445195195195195237e-01 2.527833049736348130e+02
1.453953953953953937e-01 2.527854234897087053e+02
1.462712712712712637e-01 2.527875420057826261e+02
1.471471471471471337e-01 2.527896605218564900e+02
1.480230230230230315e-01 2.527917790379304108e+02
1.488988988988989015e-01 2.527938975540043316e+02
1.497747747747747715e-01 2.527960160700782524e+02
1.506506506506506415e-01 2.527981345861521731e+02
1.515265265265265116e-01 2.528002531022260655e+02
1.524024024024024093e-01 2.528023716182999578e+02
1.532782782782782793e-01 2.528044901343738502e+02
1.541541541541541493e-01 2.528066086504477710e+02
1.550300300300300194e-01 2.528082482506388544e+02
1.559059059059059171e-01 2.528098329951134531e+02
1.567817817817817871e-01 2.528120942934367577e+02
1.576576576576576572e-01 2.528144362971483190e+02
1.585335335335335272e-01 2.528166356224574258e+02
1.594094094094093972e-01 2.528188349477665327e+02
1.602852852852852950e-01 2.528210342730756111e+02
1.611611611611611650e-01 2.528232335983847179e+02
1.620370370370370350e-01 2.528254329236938247e+02
1.629129129129129050e-01 2.528276322490029315e+02
1.637887887887887750e-01 2.528298315743120384e+02
1.646646646646646728e-01 2.528320308996211452e+02
1.655405405405405428e-01 2.528342302249302520e+02
1.664164164164164128e-01 2.528364295502393588e+02
1.672922922922922828e-01 2.528386288755484657e+02
1.681681681681681528e-01 2.528408282008575725e+02
1.690440440440440506e-01 2.528430275261666793e+02
1.699199199199199206e-01 2.528452268514757861e+02
1.707957957957957906e-01 2.528471454824985472e+02
1.716716716716716606e-01 2.528490550504000112e+02
1.725475475475475584e-01 2.528509646183014752e+02
1.734234234234234284e-01 2.528528741862029676e+02
1.742992992992992984e-01 2.528547837541044032e+02
1.751751751751751685e-01 2.528566933220059241e+02
1.760510510510510385e-01 2.528586028899073881e+02
1.769269269269269362e-01 2.528605061955460656e+02
1.778028028028028062e-01 2.528622942506729885e+02
1.786786786786786763e-01 2.528640823057998830e+02
1.795545545545545463e-01 2.528658703609268059e+02
1.804304304304304163e-01 2.528676584160537004e+02
1.813063063063063141e-01 2.528694464711805949e+02
1.821821821821821841e-01 2.528712345263075179e+02
1.830580580580580541e-01 2.528730225814343839e+02
1.839339339339339241e-01 2.528751187504408620e+02
1.848098098098098219e-01 2.528774019297413247e+02
1.856856856856856919e-01 2.528788068125545010e+02
1.865615615615615619e-01 2.528794996235909593e+02
1.874374374374374319e-01 2.528804372560202296e+02
1.883133133133133019e-01 2.528814173043481333e+02
1.891891891891891997e-01 2.528823973526760085e+02
1.900650650650650697e-01 2.528833774010038837e+02
1.909409409409409397e-01 2.528843574493317874e+02
1.918168168168168097e-01 2.528853374976596626e+02
1.926926926926926797e-01 2.528863175459875379e+02
1.935685685685685775e-01 2.528872975943154415e+02
1.944444444444444475e-01 2.528882776426432883e+02
1.953203203203203175e-01 2.528892576909711920e+02
1.961961961961961876e-01 2.528902377392991241e+02
1.970720720720720576e-01 2.528912177876269993e+02
1.979479479479479553e-01 2.528921978359548461e+02
1.988238238238238254e-01 2.528931778842827782e+02
1.996996996996996954e-01 2.528941579326106535e+02
2.005755755755755654e-01 2.528951379809385003e+02
2.014514514514514631e-01 2.528961180292664324e+02
2.023273273273273332e-01 2.528970980775943076e+02
2.032032032032032032e-01 2.528980781259221828e+02
2.040790790790790732e-01 2.528990581742500865e+02
2.049549549549549432e-01 2.529004762093263139e+02
2.058308308308308410e-01 2.529032530490834461e+02
2.067067067067067110e-01 2.529060298888405782e+02
2.075825825825825810e-01 2.529088067285977104e+02
2.084584584584584510e-01 2.529115835683548426e+02
2.093343343343343210e-01 2.529142187848376011e+02
2.102102102102102188e-01 2.529161273264039664e+02
2.110860860860860888e-01 2.529180358679702749e+02
2.119619619619619588e-01 2.529199444095365834e+02
2.128378378378378288e-01 2.529218529511029203e+02
2.137137137137136988e-01 2.529237614926692572e+02
2.145895895895895966e-01 2.529256700342356226e+02
2.154654654654654666e-01 2.529275785758019310e+02
2.163413413413413366e-01 2.529294871173682679e+02
2.172172172172172067e-01 2.529320772855549819e+02
2.180930930930931044e-01 2.529358070476106377e+02
2.189689689689689744e-01 2.529395368096663503e+02
2.198448448448448445e-01 2.529432665717220345e+02
2.207207207207207145e-01 2.529469963337777472e+02
2.215965965965965845e-01 2.529507260958334314e+02
2.224724724724724823e-01 2.529544558578891440e+02
2.233483483483483523e-01 2.529581856199447998e+02
2.242242242242242223e-01 2.529619153820004840e+02
2.251001001001000923e-01 2.529656451440561682e+02
2.259759759759759623e-01 2.529693749061119092e+02
2.268518518518518601e-01 2.529731046681675650e+02
2.277277277277277301e-01 2.529768344302232776e+02
2.286036036036036001e-01 2.529805641922789334e+02
2.294794794794794701e-01 2.529842939543346461e+02
2.303553553553553401e-01 2.529880237163903303e+02
2.312312312312312379e-01 2.529917898366860811e+02
2.321071071071071079e-01 2.529943359292768434e+02
2.329829829829829779e-01 2.529951298673592532e+02
2.338588588588588479e-01 2.529970784830515242e+02
2.347347347347347457e-01 2.529995566566726382e+02
2.356106106106106157e-01 2.530001728197871671e+02
2.364864864864864857e-01 2.530007813356627366e+02
2.373623623623623557e-01 2.530013898515382778e+02
2.382382382382382258e-01 2.530019983674137904e+02
2.391141141141141235e-01 2.530026068832893600e+02
2.399899899899899935e-01 2.530032153991649295e+02
2.408658658658658636e-01 2.530038239150404706e+02
2.417417417417417336e-01 2.530044324309160402e+02
2.426176176176176036e-01 2.530050409467915529e+02
2.434934934934935014e-01 2.530056494626671224e+02
2.443693693693693714e-01 2.530062579785426919e+02
2.452452452452452414e-01 2.530068664944182615e+02
2.461211211211211114e-01 2.530074750102938026e+02
2.469969969969969814e-01 2.530080835261693437e+02
2.478728728728728792e-01 2.530086920420449133e+02
2.487487487487487492e-01 2.530093005579204544e+02
2.496246246246246192e-01 2.530099090737959955e+02
2.505005005005004892e-01 2.530105175896715650e+02
2.513763763763763870e-01 2.530117045540223444e+02
2.522522522522522292e-01 2.530129789157853111e+02
2.531281281281281270e-01 2.530142532775482209e+02
2.540040040040040248e-01 2.530155276393112160e+02
2.548798798798798670e-01 2.530168020010741543e+02
2.557557557557557648e-01 2.530180763628371210e+02
2.566316316316316071e-01 2.530182420224584803e+02
2.575075075075075048e-01 2.530180968543831455e+02
2.583833833833834026e-01 2.530179516863078106e+02
2.592592592592592449e-01 2.530178065182324758e+02
2.601351351351351426e-01 2.530176613501571410e+02
2.610110110110109849e-01 2.530175161820818062e+02
2.618868868868868827e-01 2.530173710140064429e+02
2.627627627627627804e-01 2.530172258459311081e+02
2.636386386386386227e-01 2.530170806778557449e+02
2.645145145145145205e-01 2.530168881500552232e+02
2.653903903903903627e-01 2.530162371050506067e+02
2.662662662662662605e-01 2.530155860600460187e+02
2.671421421421421583e-01 2.530149350150414023e+02
2.680180180180180005e-01 2.530142839700367858e+02
2.688938938938938983e-01 2.530136329250321694e+02
2.697697697697697405e-01 2.530129818800275814e+02
2.706456456456456383e-01 2.530123308350229649e+02
2.715215215215215361e-01 2.530116797900183769e+02
2.723973973973973783e-01 2.530110287450137889e+02
2.732732732732732761e-01 2.530106109434568964e+02
2.741491491491491739e-01 2.530102679286295597e+02
2.750250250250250161e-01 2.530099249138021378e+02
2.759009009009009139e-01 2.530095818989747727e+02
2.767767767767767562e-01 2.530092388841474076e+02
2.776526526526526539e-01 2.530088958693200425e+02
2.785285285285285517e-01 2.530085528544926490e+02
2.794044044044043940e-01 2.530082098396652555e+02
2.802802802802802917e-01 2.530078668248378904e+02
2.811561561561561340e-01 2.530075238100105253e+02
2.820320320320320318e-01 2.530071807951831602e+02
2.829079079079079295e-01 2.530068377803557667e+02
2.837837837837837718e-01 2.530064947655283731e+02
2.846596596596596696e-01 2.530056408322904247e+02
2.855355355355355118e-01 2.530042061310537918e+02
2.864114114114114096e-01 2.530028238312709163e+02
2.872872872872873073e-01 2.530002675424368022e+02
2.881631631631631496e-01 2.529976923226503231e+02
2.890390390390390474e-01 2.529951171028638441e+02
2.899149149149148896e-01 2.529925418830773935e+02
2.907907907907907874e-01 2.529899666632908861e+02
2.916666666666666852e-01 2.529881692653998471e+02
2.925425425425425274e-01 2.529870852152436669e+02
2.934184184184184252e-01 2.529860011650874583e+02
2.942942942942942675e-01 2.529849171149312781e+02
2.951701701701701652e-01 2.529838330647750695e+02
2.960460460460460630e-01 2.529827490146188325e+02
2.969219219219219053e-01 2.529816649644626807e+02
2.977977977977978030e-01 2.529805809143064721e+02
2.986736736736736453e-01 2.529794968641502635e+02
2.995495495495495430e-01 2.529780315701458164e+02
3.004254254254254408e-01 2.529765246149643758e+02
3.013013013013012831e-01 2.529750176597828499e+02
3.021771771771771808e-01 2.529735107046013525e+02
3.030530530530530231e-01 2.529720037494198550e+02
3.039289289289289209e-01 2.529704967942383860e+02
3.048048048048048186e-01 2.529689898390569169e+02
3.056806806806806609e-01 2.529674828838754479e+02
3.065565565565565587e-01 2.529659759286939504e+02
3.074324324324324564e-01 2.529644689735124530e+02
3.083083083083082987e-01 2.529629620183309839e+02
3.091841841841841965e-01 2.529614550631495149e+02
3.100600600600600387e-01 2.529601813693766701e+02
3.109359359359359365e-01 2.529591378497359528e+02
3.118118118118118343e-01 2.529580808608118048e+02
3.126876876876876765e-01 2.529569868273088389e+02
3.135635635635635743e-01 2.529559800670136838e+02
3.144394394394394165e-01 2.529543141256844763e+02
3.153153153153153143e-01 2.529526481843552688e+02
3.161911911911912121e-01 2.529509822430260328e+02
3.170670670670670543e-01 2.529493163016968822e+02
3.179429429429429521e-01 2.529476503603676178e+02
3.188188188188187944e-01 2.529459844190384104e+02
3.196946946946946921e-01 2.529443184777092313e+02
3.205705705705705899e-01 2.529426525363799954e+02
3.214464464464464322e-01 2.529409865950508163e+02
3.223223223223223299e-01 2.529393206537215804e+02
3.231981981981981722e-01 2.529376547123923444e+02
3.240740740740740700e-01 2.529359887710631654e+02
3.249499499499499677e-01 2.529343228297339294e+02
3.258258258258258100e-01 2.529326568884047504e+02
3.267017017017017078e-01 2.529309909470755429e+02
3.275775775775775500e-01 2.529293250057463354e+02
3.284534534534534478e-01 2.529276590644170994e+02
3.293293293293293456e-01 2.529259931230878635e+02
3.302052052052051878e-01 2.529243271817586560e+02
3.310810810810810856e-01 2.529226612404294769e+02
3.319569569569569278e-01 2.529209952991002410e+02
3.328328328328328256e-01 2.529193293577710335e+02
3.337087087087087234e-01 2.529176634164418260e+02
3.345845845845845656e-01 2.529159974751126185e+02
3.354604604604604634e-01 2.529143315337834110e+02
3.363363363363363057e-01 2.529126655924541467e+02
3.372122122122122034e-01 2.529109996511249676e+02
3.380880880880881012e-01 2.529093072766688692e+02
3.389639639639639435e-01 2.529076089206239146e+02
3.398398398398398412e-01 2.529059105645789600e+02
3.407157157157157390e-01 2.529042122085340338e+02
3.415915915915915813e-01 2.529025138524891076e+02
3.424674674674674790e-01 2.529008154964441815e+02
3.433433433433433213e-01 2.528988089935319010e+02
3.442192192192192191e-01 2.528966243048794240e+02
3.450950950950951168e-01 2.528940875346899304e+02
3.459709709709709591e-01 2.528915507645004936e+02
3.468468468468468568e-01 2.528890139943110569e+02
3.477227227227226991e-01 2.528864772241216201e+02
3.485985985985985969e-01 2.528839404539321549e+02
3.494744744744744946e-01 2.528814036837427182e+02
3.503503503503503369e-01 2.528788669135532245e+02
3.512262262262262347e-01 2.528763301433638162e+02
3.521021021021020769e-01 2.528737933731743510e+02
3.529779779779779747e-01 2.528712566029848858e+02
3.538538538538538725e-01 2.528687198327954775e+02
3.547297297297297147e-01 2.528661830626060407e+02
3.556056056056056125e-01 2.528636462924165471e+02
3.564814814814814548e-01 2.528611095222271103e+02
3.573573573573573525e-01 2.528585727520376167e+02
3.582332332332332503e-01 2.528560359818482084e+02
3.591091091091090926e-01 2.528534992116587716e+02
3.599849849849849903e-01 2.528509624414693349e+02
3.608608608608608326e-01 2.528484256712798697e+02
3.617367367367367303e-01 2.528458889010904329e+02
3.626126126126126281e-01 2.528448158202400577e+02
3.634884884884884704e-01 2.528439047155673052e+02
3.643643643643643681e-01 2.528429936108945242e+02
3.652402402402402104e-01 2.528420825062217716e+02
3.661161161161161082e-01 2.528411714015490190e+02
3.669919919919920059e-01 2.528396008934487327e+02
3.678678678678678482e-01 2.528380069523278735e+02
3.687437437437437460e-01 2.528364130112070427e+02
3.696196196196196437e-01 2.528348190700862119e+02
3.704954954954954860e-01 2.528332251289654096e+02
3.713713713713713838e-01 2.528316311878445219e+02
3.722472472472472260e-01 2.528300372467236912e+02
3.731231231231231238e-01 2.528284433056028888e+02
3.739989989989990216e-01 2.528268493644820296e+02
3.748748748748748638e-01 2.528252554233611704e+02
3.757507507507507616e-01 2.528236614822403112e+02
3.766266266266266038e-01 2.528220675411194520e+02
3.775025025025025016e-01 2.528204735999986497e+02
3.783783783783783994e-01 2.528188796588777905e+02
3.792542542542542416e-01 2.528172857177569313e+02
3.801301301301301394e-01 2.528156827679827074e+02
3.810060060060059817e-01 2.528139981617106855e+02
3.818818818818818794e-01 2.528123135554387204e+02
3.827577577577577772e-01 2.528107330758876117e+02
3.836336336336336195e-01 2.528096893951594950e+02
3.845095095095095172e-01 2.528080762592110204e+02
3.853853853853853595e-01 2.528062319290768585e+02
3.862612612612612573e-01 2.528043875989427534e+02
3.871371371371371550e-01 2.528025432688086198e+02
3.880130130130129973e-01 2.528006989386744863e+02
3.888888888888888951e-01 2.527988546085403527e+02
3.897647647647647373e-01 2.527960493716192047e+02
3.906406406406406351e-01 2.527928810231978787e+02
3.915165165165165329e-01 2.527897126747765526e+02
3.923923923923923751e-01 2.527865443263552265e+02
3.932682682682682729e-01 2.527833759779339005e+02
3.941441441441441151e-01 2.527802076295125744e+02
3.950200200200200129e-01 2.527770392810912767e+02
3.958958958958959107e-01 2.527738709326699791e+02
3.967717717717717529e-01 2.527705707990112387e+02
3.976476476476476507e-01 2.527664501500083247e+02
3.985235235235234930e-01 2.527623295010053539e+02
3.993993993993993907e-01 2.527582088520024399e+02
4.002752752752752885e-01 2.527540882029994691e+02
4.011511511511511308e-01 2.527499675539965551e+02
4.020270270270270285e-01 2.527458469049936411e+02
4.029029029029029263e-01 2.527417262559906703e+02
4.037787787787787686e-01 2.527376056069877563e+02
4.046546546546546663e-01 2.527334849579848139e+02
4.055305305305305086e-01 2.527293643089818715e+02
4.064064064064064064e-01 2.527252436599789576e+02
4.072822822822823041e-01 2.527211230109759867e+02
4.081581581581581464e-01 2.527170023619730728e+02
4.090340340340340441e-01 2.527128817129701588e+02
4.099099099099098864e-01 2.527087610639671880e+02
4.107857857857857842e-01 2.527046404149642740e+02
4.116616616616616819e-01 2.527005197659613600e+02
4.125375375375375242e-01 2.526963991169584176e+02
4.134134134134134220e-01 2.526922784679555036e+02
4.142892892892892642e-01 2.526881578189525044e+02
4.151651651651651620e-01 2.526840371699495904e+02
4.160410410410410598e-01 2.526799165209466480e+02
4.169169169169169020e-01 2.526757958719437340e+02
4.177927927927927998e-01 2.526711035024037528e+02
4.186686686686686421e-01 2.526663788956557823e+02
4.195445445445445398e-01 2.526616542889077550e+02
4.204204204204204376e-01 2.526569296821597845e+02
4.212962962962962798e-01 2.526522050754117856e+02
4.221721721721721776e-01 2.526474804686638436e+02
4.230480480480480199e-01 2.526427981254053066e+02
4.239239239239239176e-01 2.526378882203511296e+02
4.247997997997998154e-01 2.526329783152970094e+02
4.256756756756756577e-01 2.526281943910502150e+02
4.265515515515515554e-01 2.526237357927063556e+02
4.274274274274273977e-01 2.526190138164891437e+02
4.283033033033032955e-01 2.526136199162593812e+02
4.291791791791791932e-01 2.526082260160296471e+02
4.300550550550550355e-01 2.526028321157998562e+02
4.309309309309309333e-01 2.525974382155701221e+02
4.318068068068067755e-01 2.525920443153403312e+02
4.326826826826826733e-01 2.525866504151105687e+02
4.335585585585585711e-01 2.525812565148808062e+02
4.344344344344344133e-01 2.525758626146510437e+02
4.353103103103103111e-01 2.525704687144212812e+02
4.361861861861862089e-01 2.525650748141915471e+02
4.370620620620620511e-01 2.525596809139617847e+02
4.379379379379379489e-01 2.525542870137320222e+02
4.388138138138137911e-01 2.525488931135022597e+02
4.396896896896896889e-01 2.525434992132724972e+02
4.405655655655655867e-01 2.525381053130427063e+02
4.414414414414414289e-01 2.525327114128130006e+02
4.423173173173173267e-01 2.525273175125831813e+02
4.431931931931931690e-01 2.525216950968504364e+02
4.440690690690690667e-01 2.525156996952607642e+02
4.449449449449449645e-01 2.525097042936711205e+02
4.458208208208208068e-01 2.525037088920814767e+02
4.466966966966967045e-01 2.524978706831352895e+02
4.475725725725725468e-01 2.524930349861200511e+02
4.484484484484484446e-01 2.524882569065832456e+02
4.493243243243243423e-01 2.524834788270464685e+02
4.502002002002001846e-01 2.524787007475096630e+02
4.510760760760760824e-01 2.524739226679728290e+02
4.519519519519519246e-01 2.524691445884360519e+02
4.528278278278278224e-01 2.524643665088992748e+02
4.537037037037037202e-01 2.524595884293624692e+02
4.545795795795795624e-01 2.524548546815766770e+02
4.554554554554554602e-01 2.524500810928125816e+02
4.563313313313313024e-01 2.524448651045562144e+02
4.572072072072072002e-01 2.524385601934890815e+02
4.580830830830830980e-01 2.524322552824219486e+02
4.589589589589589402e-01 2.524259503713548156e+02
4.598348348348348380e-01 2.524196454602877111e+02
4.607107107107106803e-01 2.524133405492206066e+02
4.615865865865865780e-01 2.524070356381534737e+02
4.624624624624624758e-01 2.524007307270863407e+02
4.633383383383383181e-01 2.523944258160192362e+02
4.642142142142142158e-01 2.523881209049521033e+02
4.650900900900901136e-01 2.523818159938849703e+02
4.659659659659659559e-01 2.523755110828178658e+02
4.668418418418418536e-01 2.523692061717507613e+02
4.677177177177176959e-01 2.523629012606836568e+02
4.685935935935935936e-01 2.523565963496165239e+02
4.694694694694694914e-01 2.523502914385494194e+02
4.703453453453453337e-01 2.523439865274823148e+02
4.712212212212212314e-01 2.523380825495502506e+02
4.720970970970970737e-01 2.523334679277095347e+02
4.729729729729729715e-01 2.523288533058687619e+02
4.738488488488488692e-01 2.523242392908902900e+02
4.747247247247247115e-01 2.523196891171237723e+02
4.756006006006006093e-01 2.523151389433572547e+02
4.764764764764764515e-01 2.523105887695907086e+02
4.773523523523523493e-01 2.523060385958241909e+02
4.782282282282282471e-01 2.523014884220576448e+02
4.791041041041040893e-01 2.522969382482911556e+02
4.799799799799799871e-01 2.522923880745246379e+02
4.808558558558558294e-01 2.522878379007581202e+02
4.817317317317317271e-01 2.522832877269915741e+02
4.826076076076076249e-01 2.522787375532250849e+02
4.834834834834834671e-01 2.522741873794585672e+02
4.843593593593593649e-01 2.522696372056920495e+02
4.852352352352352072e-01 2.522650870319254750e+02
4.861111111111111049e-01 2.522605129039023382e+02
4.869869869869870027e-01 2.522556338068171158e+02
4.878628628628628450e-01 2.522507547097318366e+02
4.887387387387387427e-01 2.522458756126466142e+02
4.896146146146145850e-01 2.522405706698757513e+02
4.904904904904904828e-01 2.522344078099794160e+02
4.913663663663663805e-01 2.522282449500830808e+02
4.922422422422422228e-01 2.522220820901867455e+02
4.931181181181181206e-01 2.522159192302904387e+02
4.939939939939939628e-01 2.522097563703941034e+02
4.948698698698698606e-01 2.522035935104977398e+02
4.957457457457457584e-01 2.521974306506014614e+02
4.966216216216216006e-01 2.521912677907051261e+02
4.974974974974974984e-01 2.521848694702325133e+02
4.983733733733733962e-01 2.521772555539645566e+02
4.992492492492492384e-01 2.521681991739227442e+02
5.001251251251250807e-01 2.521588891553927283e+02
5.010010010010009784e-01 2.521495791368627408e+02
5.018768768768768762e-01 2.521402691183326397e+02
5.027527527527527740e-01 2.521309590998026238e+02
5.036286286286286717e-01 2.521216490812726363e+02
5.045045045045044585e-01 2.521123390627425920e+02
5.053803803803803563e-01 2.521030290442125761e+02
5.062562562562562540e-01 2.520937190256825602e+02
5.071321321321321518e-01 2.520844090071525159e+02
5.080080080080080496e-01 2.520750989886224716e+02
5.088838838838838363e-01 2.520657889700924557e+02
5.097597597597597341e-01 2.520564789515624398e+02
5.106356356356356319e-01 2.520471689330324239e+02
5.115115115115115296e-01 2.520378589145023511e+02
5.123873873873874274e-01 2.520285488959723637e+02
5.132632632632632141e-01 2.520192388774423478e+02
5.141391391391391119e-01 2.520099288589123034e+02
5.150150150150150097e-01 2.520006188403822875e+02
5.158908908908909074e-01 2.519913088218522432e+02
5.167667667667668052e-01 2.519819988033222273e+02
5.176426426426425920e-01 2.519726887847921830e+02
5.185185185185184897e-01 2.519633787662621671e+02
5.193943943943943875e-01 2.519540687477321512e+02
5.202702702702702853e-01 2.519448481816009746e+02
5.211461461461461830e-01 2.519356788574077939e+02
5.220220220220219698e-01 2.519265095332145563e+02
5.228978978978978676e-01 2.519174058549278357e+02
5.237737737737737653e-01 2.519085316772077192e+02
5.246496496496496631e-01 2.518996574994876028e+02
5.255255255255255609e-01 2.518907833217674863e+02
5.264014014014013476e-01 2.518818112705083365e+02
5.272772772772772454e-01 2.518709197809247087e+02
5.281531531531531432e-01 2.518603973829573306e+02
5.290290290290290409e-01 2.518511103143368928e+02
5.299049049049049387e-01 2.518416841946848024e+02
5.307807807807807254e-01 2.518313832879458971e+02
5.316566566566566232e-01 2.518210823812070487e+02
5.325325325325325210e-01 2.518107814744681718e+02
5.334084084084084187e-01 2.518004805677293234e+02
5.342842842842843165e-01 2.517901796609904750e+02
5.351601601601601033e-01 2.517798787542515981e+02
5.360360360360360010e-01 2.517695778475127213e+02
5.369119119119118988e-01 2.517592769407738444e+02
5.377877877877877966e-01 2.517489760340349960e+02
5.386636636636636943e-01 2.517386751272961192e+02
5.395395395395394811e-01 2.517283742205572423e+02
5.404154154154153789e-01 2.517180733138183655e+02
5.412912912912912766e-01 2.517077724070795171e+02
5.421671671671671744e-01 2.516974715003406686e+02
5.430430430430430722e-01 2.516871705936017918e+02
5.439189189189188589e-01 2.516768696868629149e+02
5.447947947947947567e-01 2.516665687801240665e+02
5.456706706706706544e-01 2.516562678733851897e+02
5.465465465465465522e-01 2.516459669666463412e+02
5.474224224224224500e-01 2.516356660599074644e+02
5.482982982982983478e-01 2.516253651531685875e+02
5.491741741741741345e-01 2.516150642464297107e+02
5.500500500500500323e-01 2.516046867697475022e+02
5.509259259259259300e-01 2.515938803799263610e+02
5.518018018018018278e-01 2.515830739901052198e+02
5.526776776776777256e-01 2.515722676002840785e+02
5.535535535535535123e-01 2.515614612104629373e+02
5.544294294294294101e-01 2.515504481396427252e+02
5.553053053053053079e-01 2.515399450454286807e+02
5.561811811811812056e-01 2.515302154475673149e+02
5.570570570570571034e-01 2.515204858497059206e+02
5.579329329329328901e-01 2.515102411004395435e+02
5.588088088088087879e-01 2.514997680934578170e+02
5.596846846846846857e-01 2.514892950864760337e+02
5.605605605605605835e-01 2.514788220794943072e+02
5.614364364364364812e-01 2.514683490725125239e+02
5.623123123123122680e-01 2.514578760655307974e+02
5.631881881881881657e-01 2.514474030585490425e+02
5.640640640640640635e-01 2.514369300515672876e+02
5.649399399399399613e-01 2.514264570445855327e+02
5.658158158158158590e-01 2.514160967342305355e+02
5.666916916916916458e-01 2.514059941600482375e+02
5.675675675675675436e-01 2.513958915858659680e+02
5.684434434434434413e-01 2.513857890116836700e+02
5.693193193193193391e-01 2.513756864375013720e+02
5.701951951951952369e-01 2.513655838633191024e+02
5.710710710710710236e-01 2.513554812891368329e+02
5.719469469469469214e-01 2.513453787149545064e+02
5.728228228228228192e-01 2.513352761407722369e+02
5.736986986986987169e-01 2.513251735665899957e+02
5.745745745745746147e-01 2.513150709924076978e+02
5.754504504504504014e-01 2.513049684182253998e+02
5.763263263263262992e-01 2.512948658440431302e+02
5.772022022022021970e-01 2.512847632698608322e+02
5.780780780780780947e-01 2.512746606956785627e+02
5.789539539539539925e-01 2.512645581214962647e+02
5.798298298298297793e-01 2.512544555473139951e+02
5.807057057057056770e-01 2.512445293167889986e+02
5.815815815815815748e-01 2.512346346072813219e+02
5.824574574574574726e-01 2.512247398977737021e+02
5.833333333333333703e-01 2.512148451882659970e+02
5.842092092092091571e-01 2.512049296600973776e+02
5.850850850850850549e-01 2.511948905906525340e+02
5.859609609609609526e-01 2.511848515212077189e+02
5.868368368368368504e-01 2.511748124517628469e+02
5.877127127127127482e-01 2.511647733823180033e+02
5.885885885885885349e-01 2.511547343128731882e+02
5.894644644644644327e-01 2.511445893164832910e+02
5.903403403403403304e-01 2.511344301802419636e+02
5.912162162162162282e-01 2.511242710440006931e+02
5.920920920920921260e-01 2.511141119077593942e+02
5.929679679679679127e-01 2.511038635874726026e+02
5.938438438438438105e-01 2.510931041739201532e+02
5.947197197197197083e-01 2.510823447603678460e+02
5.955955955955956060e-01 2.510715853468154251e+02
5.964714714714715038e-01 2.510608259332630610e+02
5.973473473473472906e-01 2.510500665197106969e+02
5.982232232232231883e-01 2.510393071061582475e+02
5.990990990990990861e-01 2.510285476926058834e+02
5.999749749749749839e-01 2.510177882790534909e+02
6.008508508508508816e-01 2.510070288655011268e+02
6.017267267267266684e-01 2.509962694519487627e+02
6.026026026026025662e-01 2.509855100383963418e+02
6.034784784784784639e-01 2.509748181068176507e+02
6.043543543543543617e-01 2.509641334369079004e+02
6.052302302302302595e-01 2.509534487669982070e+02
6.061061061061060462e-01 2.509427640970883999e+02
6.069819819819819440e-01 2.509320794271787065e+02
6.078578578578578417e-01 2.509213947572689563e+02
6.087337337337337395e-01 2.509107100873592060e+02
6.096096096096096373e-01 2.509000254174494557e+02
6.104854854854855351e-01 2.508894010560258891e+02
6.113613613613613218e-01 2.508788987703759972e+02
6.122372372372372196e-01 2.508683964847261336e+02
6.131131131131131173e-01 2.508578941990761848e+02
6.139889889889890151e-01 2.508473919134262360e+02
6.148648648648649129e-01 2.508368896277763724e+02
6.157407407407406996e-01 2.508263873421264805e+02
6.166166166166165974e-01 2.508158850564765316e+02
6.174924924924924952e-01 2.508053827708266397e+02
6.183683683683683929e-01 2.507946055791521758e+02
6.192442442442442907e-01 2.507833079223470918e+02
6.201201201201200774e-01 2.507720102655420078e+02
6.209959959959959752e-01 2.507606936081864148e+02
6.218718718718718730e-01 2.507492485107133007e+02
6.227477477477477708e-01 2.507378034132401581e+02
6.236236236236236685e-01 2.507263583157670439e+02
6.244994994994994553e-01 2.507149132182939297e+02
6.253753753753753530e-01 2.507034681208207871e+02
6.262512512512512508e-01 2.506907685796687133e+02
6.271271271271271486e-01 2.506783736262576383e+02
6.280030030030030463e-01 2.506660489974651682e+02
6.288788788788788331e-01 2.506533755960298890e+02
6.297547547547547309e-01 2.506407021945946099e+02
6.306306306306306286e-01 2.506280287931593591e+02
6.315065065065065264e-01 2.506153553917241084e+02
6.323823823823824242e-01 2.506026819902888576e+02
6.332582582582582109e-01 2.505900085888536069e+02
6.341341341341341087e-01 2.505770749753318967e+02
6.350100100100100065e-01 2.505639123658842209e+02
6.358858858858859042e-01 2.505507497564365451e+02
6.367617617617618020e-01 2.505375871469888693e+02
6.376376376376375887e-01 2.505244245375411367e+02
6.385135135135134865e-01 2.505112619280934894e+02
6.393893893893893843e-01 2.504980993186457852e+02
6.402652652652652820e-01 2.504849367091981378e+02
6.411411411411411798e-01 2.504717740997504336e+02
6.420170170170169666e-01 2.504586114903027294e+02
6.428928928928928643e-01 2.504456748270178537e+02
6.437687687687687621e-01 2.504327779323914172e+02
6.446446446446446599e-01 2.504202068651096056e+02
6.455205205205205576e-01 2.504088894208758518e+02
6.463963963963963444e-01 2.503975719766420980e+02
6.472722722722722422e-01 2.503862545324084010e+02
6.481481481481481399e-01 2.503749370881746472e+02
6.490240240240240377e-01 2.503636196439408934e+02
6.498998998998999355e-01 2.503523021997071965e+02
6.507757757757757222e-01 2.503409847554734426e+02
6.516516516516516200e-01 2.503296673112397173e+02
6.525275275275275177e-01 2.503183498670059919e+02
6.534034034034034155e-01 2.503068869956916274e+02
6.542792792792793133e-01 2.502944824789418590e+02
6.551551551551551000e-01 2.502814553700110878e+02
6.560310310310309978e-01 2.502684282610803166e+02
6.569069069069068956e-01 2.502554011521495738e+02
6.577827827827827933e-01 2.502423740432188026e+02
6.586586586586586911e-01 2.502293469342880599e+02
6.595345345345344779e-01 2.502163198253572887e+02
6.604104104104103756e-01 2.502032927164265459e+02
6.612862862862862734e-01 2.501902656074957463e+02
6.621621621621621712e-01 2.501772384985650319e+02
6.630380380380380689e-01 2.501642113896342607e+02
6.639139139139138557e-01 2.501511842807035464e+02
6.647897897897897534e-01 2.501370624996662855e+02
6.656656656656656512e-01 2.501229234196061668e+02
6.665415415415415490e-01 2.501087843395460482e+02
6.674174174174174468e-01 2.500946452594859579e+02
6.682932932932932335e-01 2.500805061794258393e+02
6.691691691691691313e-01 2.500663670993657206e+02
6.700450450450450290e-01 2.500522280193056304e+02
6.709209209209209268e-01 2.500380889392454833e+02
6.717967967967968246e-01 2.500239498591853931e+02
6.726726726726726113e-01 2.500098107791252460e+02
6.735485485485485091e-01 2.499956605378468737e+02
6.744244244244244069e-01 2.499814712328675341e+02
6.753003003003003046e-01 2.499672819278882514e+02
6.761761761761762024e-01 2.499530926229089403e+02
6.770520520520521002e-01 2.499389033179296291e+02
6.779279279279278869e-01 2.499247140129503748e+02
6.788038038038037847e-01 2.499105247079710352e+02
6.796796796796796825e-01 2.498963354029917809e+02
6.805555555555555802e-01 2.498820269928287132e+02
6.814314314314314780e-01 2.498674113006911455e+02
6.823073073073072647e-01 2.498527956085535777e+02
6.831831831831831625e-01 2.498381799164160668e+02
6.840590590590590603e-01 2.498235642242784991e+02
6.849349349349349581e-01 2.498089485321409597e+02
6.858108108108108558e-01 2.497943328400033920e+02
6.866866866866866426e-01 2.497797171478658242e+02
6.875625625625625403e-01 2.497651014557282849e+02
6.884384384384384381e-01 2.497504857635907456e+02
6.893143143143143359e-01 2.497358700714531778e+02
6.901901901901902336e-01 2.497210042508281447e+02
6.910660660660660204e-01 2.497057263615566569e+02
6.919419419419419182e-01 2.496904484722851691e+02
6.928178178178178159e-01 2.496751705830137382e+02
6.936936936936937137e-01 2.496598926937422505e+02
6.945695695695696115e-01 2.496446148044707627e+02
6.954454454454453982e-01 2.496293369151992465e+02
6.963213213213212960e-01 2.496140590259278156e+02
6.971971971971971938e-01 2.495987811366563278e+02
6.980730730730730915e-01 2.495838410858751786e+02
6.989489489489489893e-01 2.495694019661615357e+02
6.998248248248247760e-01 2.495546172406482412e+02
7.007007007007006738e-01 2.495398325151349184e+02
7.015765765765765716e-01 2.495250477896216239e+02
7.024524524524524693e-01 2.495102630641083010e+02
7.033283283283283671e-01 2.494954783385949497e+02
7.042042042042041539e-01 2.494806936130816837e+02
7.050800800800800516e-01 2.494659088875683324e+02
7.059559559559559494e-01 2.494513229676668118e+02
7.068318318318318472e-01 2.494369592766395272e+02
7.077077077077077449e-01 2.494225955856123278e+02
7.085835835835835317e-01 2.494082318945850147e+02
7.094594594594594295e-01 2.493938682035577585e+02
7.103353353353353272e-01 2.493795045125305023e+02
7.112112112112112250e-01 2.493651408215032461e+02
7.120870870870871228e-01 2.493507771304759899e+02
7.129629629629629095e-01 2.493364134394487053e+02
7.138388388388388073e-01 2.493220497484214491e+02
7.147147147147147050e-01 2.493078535379233927e+02
7.155905905905906028e-01 2.492937713859799658e+02
7.164664664664665006e-01 2.492796892340365389e+02
7.173423423423422873e-01 2.492656070820930836e+02
7.182182182182181851e-01 2.492515249301496567e+02
7.190940940940940829e-01 2.492374427782062298e+02
7.199699699699699806e-01 2.492233606262627745e+02
7.208458458458458784e-01 2.492092784743193477e+02
7.217217217217216652e-01 2.491951963223759208e+02
7.225975975975975629e-01 2.491810988728597636e+02
7.234734734734734607e-01 2.491669916338095732e+02
7.243493493493493585e-01 2.491528843947593828e+02
7.252252252252252562e-01 2.491388215587905677e+02
7.261011011011010430e-01 2.491249786950387488e+02
7.269769769769769407e-01 2.491111358312869299e+02
7.278528528528528385e-01 2.490972929675350542e+02
7.287287287287287363e-01 2.490834501037832069e+02
7.296046046046046341e-01 2.490696072400313597e+02
7.304804804804804208e-01 2.490557643762795408e+02
7.313563563563563186e-01 2.490419215125276935e+02
7.322322322322322163e-01 2.490280786487758746e+02
7.331081081081081141e-01 2.490142357850240273e+02
7.339839839839840119e-01 2.490003929212721800e+02
7.348598598598597986e-01 2.489865500575203328e+02
7.357357357357356964e-01 2.489727071937684855e+02
7.366116116116115942e-01 2.489588643300166382e+02
7.374874874874874919e-01 2.489450214662647909e+02
7.383633633633633897e-01 2.489311786025130004e+02
7.392392392392392875e-01 2.489173357387611532e+02
7.401151151151150742e-01 2.489034928750093059e+02
7.409909909909909720e-01 2.488896500112574870e+02
7.418668668668668698e-01 2.488756789258124229e+02
7.427427427427427675e-01 2.488615323421327048e+02
7.436186186186186653e-01 2.488473857584530151e+02
7.444944944944944520e-01 2.488331469129878144e+02
7.453703703703703498e-01 2.488186282666458453e+02
7.462462462462462476e-01 2.488041096203038478e+02
7.471221221221221453e-01 2.487895909739618787e+02
7.479979979979980431e-01 2.487750509563419996e+02
7.488738738738738299e-01 2.487602850430404260e+02
7.497497497497497276e-01 2.487455191297388524e+02
7.506256256256256254e-01 2.487306657633391751e+02
7.515015015015015232e-01 2.487156571989183362e+02
7.523773773773774209e-01 2.487006486344975258e+02
7.532532532532532077e-01 2.486856400700767153e+02
7.541291291291291055e-01 2.486706315056558481e+02
7.550050050050050032e-01 2.486556229412350660e+02
7.558808808808809010e-01 2.486406143768142556e+02
7.567567567567567988e-01 2.486256058123934167e+02
7.576326326326325855e-01 2.486105972479726063e+02
7.585085085085084833e-01 2.485955886835517958e+02
7.593843843843843811e-01 2.485805801191309854e+02
7.602602602602602788e-01 2.485655715547101181e+02
7.611361361361361766e-01 2.485505629902893361e+02
7.620120120120119633e-01 2.485355544258684972e+02
7.628878878878878611e-01 2.485205458614476868e+02
7.637637637637637589e-01 2.485052966184020136e+02
7.646396396396396566e-01 2.484899276363420029e+02
7.655155155155155544e-01 2.484745586542819638e+02
7.663913913913913412e-01 2.484591896722219815e+02
7.672672672672672389e-01 2.484438206901619708e+02
7.681431431431431367e-01 2.484295637010955318e+02
7.690190190190190345e-01 2.484160276370352847e+02
7.698948948948949322e-01 2.484024915729750376e+02
7.707707707707707190e-01 2.483889555089147905e+02
7.716466466466466168e-01 2.483754194448545718e+02
7.725225225225225145e-01 2.483618833807943247e+02
7.733983983983984123e-01 2.483483473167340776e+02
7.742742742742743101e-01 2.483348112526738305e+02
7.751501501501500968e-01 2.483212751886135834e+02
7.760260260260259946e-01 2.483077391245533647e+02
7.769019019019018923e-01 2.482942030604931460e+02
7.777777777777777901e-01 2.482806669964328705e+02
7.786536536536536879e-01 2.482671309323725950e+02
7.795295295295294746e-01 2.482535948683124047e+02
7.804054054054053724e-01 2.482400588042521861e+02
7.812812812812812702e-01 2.482265227401919105e+02
7.821571571571571679e-01 2.482129866761316919e+02
7.830330330330330657e-01 2.481994015809177370e+02
7.839089089089088525e-01 2.481850073143349675e+02
7.847847847847847502e-01 2.481706130477522265e+02
7.856606606606606480e-01 2.481563137955446905e+02
7.865365365365365458e-01 2.481424597110704156e+02
7.874124124124124435e-01 2.481286056265961406e+02
7.882882882882882303e-01 2.481147515421218941e+02
7.891641641641641280e-01 2.481008974576476476e+02
7.900400400400400258e-01 2.480867242728462543e+02
7.909159159159159236e-01 2.480727468038113841e+02
7.917917917917918214e-01 2.480585133315227324e+02
7.926676676676676081e-01 2.480442051083406056e+02
7.935435435435435059e-01 2.480298968851585073e+02
7.944194194194194036e-01 2.480155886619763521e+02
7.952952952952953014e-01 2.480012804387942538e+02
7.961711711711711992e-01 2.479869722156121270e+02
7.970470470470469859e-01 2.479726639924300002e+02
7.979229229229228837e-01 2.479583557692478735e+02
7.987987987987987815e-01 2.479440475460657183e+02
7.996746746746746792e-01 2.479297393228836199e+02
8.005505505505505770e-01 2.479154310997014932e+02
8.014264264264264748e-01 2.479011228765193664e+02
8.023023023023022615e-01 2.478868146533372112e+02
8.031781781781781593e-01 2.478725064301551129e+02
8.040540540540540571e-01 2.478581982069729861e+02
8.049299299299299548e-01 2.478438899837908309e+02
8.058058058058058526e-01 2.478295817606087326e+02
8.066816816816816393e-01 2.478152735374266058e+02
8.075575575575575371e-01 2.478009653142444790e+02
8.084334334334334349e-01 2.477866570910623238e+02
8.093093093093093326e-01 2.477723488678802255e+02
8.101851851851852304e-01 2.477580406446980703e+02
8.110610610610610172e-01 2.477437313223903175e+02
8.119369369369369149e-01 2.477293014034092380e+02
8.128128128128128127e-01 2.477143126689198311e+02
8.136886886886887105e-01 2.476993050272533310e+02
8.145645645645646082e-01 2.476842973855868024e+02
8.154404404404403950e-01 2.476692897439202738e+02
8.163163163163162928e-01 2.476542821022537453e+02
8.171921921921921905e-01 2.476392744605871883e+02
8.180680680680680883e-01 2.476242428275394616e+02
8.189439439439439861e-01 2.476088190430774603e+02
8.198198198198197728e-01 2.475933952586154589e+02
8.206956956956956706e-01 2.475779714741534576e+02
8.215715715715715683e-01 2.475626980504960670e+02
8.224474474474474661e-01 2.475474898507778221e+02
8.233233233233233639e-01 2.475322816510596340e+02
8.241991991991991506e-01 2.475170734513413890e+02
8.250750750750750484e-01 2.475018652516231441e+02
8.259509509509509462e-01 2.474866570519049560e+02
8.268268268268268439e-01 2.474714488521867111e+02
8.277027027027027417e-01 2.474562406524684661e+02
8.285785785785785285e-01 2.474410324527502780e+02
8.294544544544544262e-01 2.474258604977132450e+02
8.303303303303303240e-01 2.474107825300337709e+02
8.312062062062062218e-01 2.473957045623542399e+02
8.320820820820821195e-01 2.473806265946747374e+02
8.329579579579579063e-01 2.473655486269952348e+02
8.338338338338338041e-01 2.473506221920050621e+02
8.347097097097097018e-01 2.473360275220577762e+02
8.355855855855855996e-01 2.473214328521105472e+02
8.364614614614614974e-01 2.473068381821632897e+02
8.373373373373372841e-01 2.472922006276673415e+02
8.382132132132131819e-01 2.472773330570059613e+02
8.390890890890890796e-01 2.472624654863445812e+02
8.399649649649649774e-01 2.472475979156832011e+02
8.408408408408408752e-01 2.472327303450218210e+02
8.417167167167166619e-01 2.472178627743604693e+02
8.425925925925925597e-01 2.472029952036990892e+02
8.434684684684684575e-01 2.471881276330377091e+02
8.443443443443443552e-01 2.471732600623763858e+02
8.452202202202202530e-01 2.471583924917150057e+02
8.460960960960960398e-01 2.471435249210535972e+02
8.469719719719719375e-01 2.471286573503922455e+02
8.478478478478478353e-01 2.471136498060716065e+02
8.487237237237237331e-01 2.470986101408877289e+02
8.495995995995996308e-01 2.470835704757037945e+02
8.504754754754754176e-01 2.470685308105199454e+02
8.513513513513513153e-01 2.470534911453360110e+02
8.522272272272272131e-01 2.470384514801521334e+02
8.531031031031031109e-01 2.470234118149681990e+02
8.539789789789790087e-01 2.470083721497843214e+02
8.548548548548547954e-01 2.469933324846003870e+02
8.557307307307306932e-01 2.469782928194165379e+02
8.566066066066065909e-01 2.469632531542326035e+02
8.574824824824824887e-01 2.469482134890486975e+02
8.583583583583583865e-01 2.469331738238647915e+02
8.592342342342341732e-01 2.469181341586809140e+02
8.601101101101100710e-01 2.469030944934970080e+02
8.609859859859859688e-01 2.468880548283131020e+02
8.618618618618618665e-01 2.468730151631291960e+02
8.627377377377377643e-01 2.468579754979452900e+02
8.636136136136135510e-01 2.468429358327613841e+02
8.644894894894894488e-01 2.468278961675774781e+02
8.653653653653653466e-01 2.468130771242783226e+02
8.662412412412412444e-01 2.467982885357318708e+02
8.671171171171171421e-01 2.467834999471854758e+02
8.679929929929930399e-01 2.467687113586390524e+02
8.688688688688688266e-01 2.467539227700926290e+02
8.697447447447447244e-01 2.467391341815462056e+02
8.706206206206206222e-01 2.467243455929997822e+02
8.714964964964965199e-01 2.467095570044533588e+02
8.723723723723724177e-01 2.466947684159069354e+02
8.732482482482482045e-01 2.466799798273605120e+02
8.741241241241241022e-01 2.466650549696705639e+02
8.750000000000000000e-01 2.466500000000000341e+02
