LineProbe
number of points: 1000 (fixed)
point 0: [0. 0. 0.]
point 1: [0.875 0.    0.   ]
-----

# T 1000
0.000000000000000000e+00 2.637177198007207153e+02
8.758758758758758683e-04 2.637263170795579867e+02
1.751751751751751737e-03 2.637349143583952014e+02
2.627627627627627388e-03 2.637434937266890529e+02
3.503503503503503473e-03 2.637519909896211061e+02
4.379379379379379558e-03 2.637604882525531025e+02
5.255255255255254776e-03 2.637689855154850989e+02
6.131131131131130861e-03 2.637774827784171521e+02
7.007007007007006946e-03 2.637859800413492053e+02
7.882882882882882164e-03 2.637944773042812585e+02
8.758758758758759116e-03 2.638029745672133117e+02
9.634634634634634334e-03 2.638114718301453649e+02
1.051051051051050955e-02 2.638199690930773613e+02
1.138638638638638650e-02 2.638284663560093577e+02
1.226226226226226172e-02 2.638370663259711364e+02
1.313813813813813867e-02 2.638457196494088066e+02
1.401401401401401389e-02 2.638543729728464200e+02
1.488988988988988911e-02 2.638630262962840334e+02
1.576576576576576433e-02 2.638716796197216468e+02
1.664164164164164128e-02 2.638803329431592601e+02
1.751751751751751823e-02 2.638889862665969304e+02
1.839339339339339172e-02 2.638975942385371809e+02
1.926926926926926867e-02 2.639057267980452934e+02
2.014514514514514562e-02 2.639138593575534628e+02
2.102102102102101910e-02 2.639219919170616322e+02
2.189689689689689606e-02 2.639301491238553012e+02
2.277277277277277301e-02 2.639383454203521637e+02
2.364864864864864996e-02 2.639462752976146476e+02
2.452452452452452344e-02 2.639541112467423432e+02
2.540040040040040040e-02 2.639619471958700387e+02
2.627627627627627735e-02 2.639697831449976775e+02
2.715215215215215083e-02 2.639776190941253731e+02
2.802802802802802778e-02 2.639854550432530687e+02
2.890390390390390474e-02 2.639932909923807642e+02
2.977977977977977822e-02 2.640011269415084598e+02
3.065565565565565517e-02 2.640089628906360986e+02
3.153153153153152866e-02 2.640167988397637941e+02
3.240740740740740561e-02 2.640246347888914897e+02
3.328328328328328256e-02 2.640324707380191285e+02
3.415915915915915951e-02 2.640402643683124779e+02
3.503503503503503647e-02 2.640476922831588240e+02
3.591091091091091342e-02 2.640551201980051701e+02
3.678678678678678343e-02 2.640625481128515730e+02
3.766266266266266038e-02 2.640699760276979760e+02
3.853853853853853734e-02 2.640774039425443220e+02
3.941441441441441429e-02 2.640848318573906681e+02
4.029029029029029124e-02 2.640922597722370710e+02
4.116616616616616819e-02 2.641000925117532461e+02
4.204204204204203821e-02 2.641080935156837199e+02
4.291791791791791516e-02 2.641163142848408825e+02
4.379379379379379211e-02 2.641245350539981018e+02
4.466966966966966907e-02 2.641327558231552644e+02
4.554554554554554602e-02 2.641409765923124269e+02
4.642142142142142297e-02 2.641491973614695894e+02
4.729729729729729992e-02 2.641574181306267519e+02
4.817317317317316994e-02 2.641656388997839713e+02
4.904904904904904689e-02 2.641738596689411338e+02
4.992492492492492384e-02 2.641820804380982963e+02
5.080080080080080079e-02 2.641904164808788664e+02
5.167667667667667775e-02 2.641988279819414061e+02
5.255255255255255470e-02 2.642072394830038888e+02
5.342842842842842471e-02 2.642156509840663716e+02
5.430430430430430166e-02 2.642240624851288544e+02
5.518018018018017862e-02 2.642324739861913940e+02
5.605605605605605557e-02 2.642404646187503658e+02
5.693193193193193252e-02 2.642482407572798593e+02
5.780780780780780947e-02 2.642560168958095232e+02
5.868368368368368643e-02 2.642637930343390735e+02
5.955955955955955644e-02 2.642715691728686238e+02
6.043543543543543339e-02 2.642793453113982309e+02
6.131131131131131035e-02 2.642871214499278381e+02
6.218718718718718730e-02 2.642948975884573883e+02
6.306306306306305731e-02 2.643026737269869955e+02
6.393893893893894120e-02 2.643104498655165457e+02
6.481481481481481122e-02 2.643181182344698641e+02
6.569069069069069511e-02 2.643251882075504682e+02
6.656656656656656512e-02 2.643322581806311291e+02
6.744244244244243514e-02 2.643393281537117332e+02
6.831831831831831903e-02 2.643463981267923941e+02
6.919419419419418904e-02 2.643534680998729982e+02
7.007007007007007293e-02 2.643606012184018823e+02
7.094594594594594295e-02 2.643679098126145277e+02
7.182182182182182684e-02 2.643752184068271163e+02
7.269769769769769685e-02 2.643825270010397617e+02
7.357357357357356686e-02 2.643898355952524071e+02
7.444944944944945076e-02 2.643969839613394015e+02
7.532532532532532077e-02 2.644039059063797481e+02
7.620120120120120466e-02 2.644108278514200379e+02
7.707707707707707467e-02 2.644177128625143496e+02
7.795295295295295857e-02 2.644242907582925568e+02
7.882882882882882858e-02 2.644308686540707640e+02
7.970470470470469859e-02 2.644374465498489144e+02
8.058058058058058248e-02 2.644440244456271216e+02
8.145645645645645250e-02 2.644506023414053288e+02
8.233233233233233639e-02 2.644571802371835361e+02
8.320820820820820640e-02 2.644637581329616864e+02
8.408408408408407642e-02 2.644703360287398937e+02
8.495995995995996031e-02 2.644769139245180440e+02
8.583583583583583032e-02 2.644835434669089409e+02
8.671171171171171421e-02 2.644903432719846137e+02
8.758758758758758423e-02 2.644971430770602865e+02
8.846346346346346812e-02 2.645039428821359593e+02
8.933933933933933813e-02 2.645107426872116321e+02
9.021521521521520814e-02 2.645175424922873049e+02
9.109109109109109204e-02 2.645243825743566504e+02
9.196696696696696205e-02 2.645316103669313179e+02
9.284284284284284594e-02 2.645388381595059286e+02
9.371871871871871595e-02 2.645460659520805962e+02
9.459459459459459985e-02 2.645532937446552069e+02
9.547047047047046986e-02 2.645605215372298744e+02
9.634634634634633987e-02 2.645677493298045420e+02
9.722222222222222376e-02 2.645749771223792095e+02
9.809809809809809378e-02 2.645822049149538202e+02
9.897397397397397767e-02 2.645894327075284878e+02
9.984984984984984768e-02 2.645966605001031553e+02
1.007257257257257316e-01 2.646038882926777660e+02
1.016016016016016016e-01 2.646111160852524335e+02
1.024774774774774716e-01 2.646183438778271011e+02
1.033533533533533555e-01 2.646255716704017686e+02
1.042292292292292255e-01 2.646328233851115215e+02
1.051051051051051094e-01 2.646400671667056486e+02
1.059809809809809794e-01 2.646472184005027657e+02
1.068568568568568494e-01 2.646543696342998260e+02
1.077327327327327333e-01 2.646615208680968863e+02
1.086086086086086033e-01 2.646686721018938897e+02
1.094844844844844872e-01 2.646758233356910068e+02
1.103603603603603572e-01 2.646829745694880103e+02
1.112362362362362411e-01 2.646901258032850706e+02
1.121121121121121111e-01 2.646972770370821308e+02
1.129879879879879812e-01 2.647044282708791911e+02
1.138638638638638650e-01 2.647117328087185797e+02
1.147397397397397351e-01 2.647192297357862003e+02
1.156156156156156189e-01 2.647267266628538778e+02
1.164914914914914890e-01 2.647342235899215552e+02
1.173673673673673729e-01 2.647417205169891758e+02
1.182432432432432429e-01 2.647492174440569102e+02
1.191191191191191129e-01 2.647567143711245876e+02
1.199949949949949968e-01 2.647642112981922651e+02
1.208708708708708668e-01 2.647717082252598857e+02
1.217467467467467507e-01 2.647792051523275632e+02
1.226226226226226207e-01 2.647867020793952406e+02
1.234984984984984907e-01 2.647933035643640665e+02
1.243743743743743746e-01 2.647996223046864088e+02
1.252502502502502446e-01 2.648059410450086943e+02
1.261261261261261146e-01 2.648122597853309799e+02
1.270020020020020124e-01 2.648185785256532654e+02
1.278778778778778824e-01 2.648248972659755509e+02
1.287537537537537524e-01 2.648312160062978933e+02
1.296296296296296224e-01 2.648375347466201220e+02
1.305055055055054924e-01 2.648438534869424075e+02
1.313813813813813902e-01 2.648501722272646930e+02
1.322572572572572602e-01 2.648564088895309396e+02
1.331331331331331302e-01 2.648626147499479657e+02
1.340090090090090003e-01 2.648688206103649350e+02
1.348848848848848703e-01 2.648750264707819042e+02
1.357607607607607680e-01 2.648812323311988735e+02
1.366366366366366381e-01 2.648874381916158427e+02
1.375125125125125081e-01 2.648936440520328119e+02
1.383883883883883781e-01 2.648998499124498380e+02
1.392642642642642758e-01 2.649057611793555793e+02
1.401401401401401459e-01 2.649115940054402358e+02
1.410160160160160159e-01 2.649174268315248923e+02
1.418918918918918859e-01 2.649232596576094920e+02
1.427677677677677559e-01 2.649290924836942054e+02
1.436436436436436537e-01 2.649349253097788619e+02
1.445195195195195237e-01 2.649407581358635753e+02
1.453953953953953937e-01 2.649465909619482318e+02
1.462712712712712637e-01 2.649524237880328883e+02
1.471471471471471337e-01 2.649582566141175448e+02
1.480230230230230315e-01 2.649640894402022013e+02
1.488988988988989015e-01 2.649699222662868578e+02
1.497747747747747715e-01 2.649757550923715144e+02
1.506506506506506415e-01 2.649815879184562277e+02
1.515265265265265116e-01 2.649874207445408842e+02
1.524024024024024093e-01 2.649932535706255408e+02
1.532782782782782793e-01 2.649990863967102541e+02
1.541541541541541493e-01 2.650049192227949106e+02
1.550300300300300194e-01 2.650102055976196880e+02
1.559059059059059171e-01 2.650147271895087897e+02
1.567817817817817871e-01 2.650194642131157252e+02
1.576576576576576572e-01 2.650244941800169158e+02
1.585335335335335272e-01 2.650296206477231635e+02
1.594094094094093972e-01 2.650347471154293544e+02
1.602852852852852950e-01 2.650398735831355452e+02
1.611611611611611650e-01 2.650450000508417361e+02
1.620370370370370350e-01 2.650501265185479269e+02
1.629129129129129050e-01 2.650552529862541178e+02
1.637887887887887750e-01 2.650603794539603086e+02
1.646646646646646728e-01 2.650655059216665563e+02
1.655405405405405428e-01 2.650706323893728040e+02
1.664164164164164128e-01 2.650757588570789949e+02
1.672922922922922828e-01 2.650808853247851857e+02
1.681681681681681528e-01 2.650860117924913766e+02
1.690440440440440506e-01 2.650911382601975674e+02
1.699199199199199206e-01 2.650962647279037583e+02
1.707957957957957906e-01 2.651011812736616093e+02
1.716716716716716606e-01 2.651060910414115597e+02
1.725475475475475584e-01 2.651110008091615100e+02
1.734234234234234284e-01 2.651159105769115172e+02
1.742992992992992984e-01 2.651208203446614107e+02
1.751751751751751685e-01 2.651257301124114747e+02
1.760510510510510385e-01 2.651306398801614250e+02
1.769269269269269362e-01 2.651355448081964710e+02
1.778028028028028062e-01 2.651403606662514676e+02
1.786786786786786763e-01 2.651451765243065211e+02
1.795545545545545463e-01 2.651499923823615745e+02
1.804304304304304163e-01 2.651548082404165712e+02
1.813063063063063141e-01 2.651596240984716246e+02
1.821821821821821841e-01 2.651644399565266781e+02
1.830580580580580541e-01 2.651692558145816747e+02
1.839339339339339241e-01 2.651740042249297176e+02
1.848098098098098219e-01 2.651781531183056018e+02
1.856856856856856919e-01 2.651814339119312649e+02
1.865615615615615619e-01 2.651840274516275713e+02
1.874374374374374319e-01 2.651866177318840982e+02
1.883133133133133019e-01 2.651892074474347964e+02
1.891891891891891997e-01 2.651917971629855515e+02
1.900650650650650697e-01 2.651943868785361929e+02
1.909409409409409397e-01 2.651969765940869479e+02
1.918168168168168097e-01 2.651995663096376461e+02
1.926926926926926797e-01 2.652021560251883443e+02
1.935685685685685775e-01 2.652047457407390993e+02
1.944444444444444475e-01 2.652073354562897975e+02
1.953203203203203175e-01 2.652099251718404958e+02
1.961961961961961876e-01 2.652125148873911940e+02
1.970720720720720576e-01 2.652151046029418922e+02
1.979479479479479553e-01 2.652176943184925904e+02
1.988238238238238254e-01 2.652202840340433454e+02
1.996996996996996954e-01 2.652228737495941004e+02
2.005755755755755654e-01 2.652254634651447418e+02
2.014514514514514631e-01 2.652280531806954968e+02
2.023273273273273332e-01 2.652306428962461951e+02
2.032032032032032032e-01 2.652332326117968933e+02
2.040790790790790732e-01 2.652358223273475915e+02
2.049549549549549432e-01 2.652385199866548646e+02
2.058308308308308410e-01 2.652415525293397423e+02
2.067067067067067110e-01 2.652445850720246767e+02
2.075825825825825810e-01 2.652476176147096112e+02
2.084584584584584510e-01 2.652506501573944888e+02
2.093343343343343210e-01 2.652536022175384005e+02
2.102102102102102188e-01 2.652561413184137109e+02
2.110860860860860888e-01 2.652586804192890781e+02
2.119619619619619588e-01 2.652612195201644454e+02
2.128378378378378288e-01 2.652637586210397558e+02
2.137137137137136988e-01 2.652662977219151799e+02
2.145895895895895966e-01 2.652688368227904903e+02
2.154654654654654666e-01 2.652713759236659143e+02
2.163413413413413366e-01 2.652739150245412247e+02
2.172172172172172067e-01 2.652766402238113983e+02
2.180930930930931044e-01 2.652796765561615757e+02
2.189689689689689744e-01 2.652827128885116963e+02
2.198448448448448445e-01 2.652857492208618737e+02
2.207207207207207145e-01 2.652887855532120511e+02
2.215965965965965845e-01 2.652918218855621717e+02
2.224724724724724823e-01 2.652948582179123491e+02
2.233483483483483523e-01 2.652978945502625265e+02
2.242242242242242223e-01 2.653009308826126471e+02
2.251001001001000923e-01 2.653039672149628245e+02
2.259759759759759623e-01 2.653070035473129451e+02
2.268518518518518601e-01 2.653100398796631225e+02
2.277277277277277301e-01 2.653130762120132999e+02
2.286036036036036001e-01 2.653161125443634205e+02
2.294794794794794701e-01 2.653191488767135979e+02
2.303553553553553401e-01 2.653221852090637753e+02
2.312312312312312379e-01 2.653251387854680843e+02
2.321071071071071079e-01 2.653275083480078251e+02
2.329829829829829779e-01 2.653288496130090834e+02
2.338588588588588479e-01 2.653303159560200584e+02
2.347347347347347457e-01 2.653318703194196928e+02
2.356106106106106157e-01 2.653325886983961936e+02
2.364864864864864857e-01 2.653333036440017736e+02
2.373623623623623557e-01 2.653340185896074104e+02
2.382382382382382258e-01 2.653347335352129903e+02
2.391141141141141235e-01 2.653354484808185703e+02
2.399899899899899935e-01 2.653361634264242070e+02
2.408658658658658636e-01 2.653368783720297870e+02
2.417417417417417336e-01 2.653375933176353669e+02
2.426176176176176036e-01 2.653383082632410037e+02
2.434934934934935014e-01 2.653390232088466405e+02
2.443693693693693714e-01 2.653397381544522204e+02
2.452452452452452414e-01 2.653404531000577435e+02
2.461211211211211114e-01 2.653411680456633803e+02
2.469969969969969814e-01 2.653418829912690171e+02
2.478728728728728792e-01 2.653425979368745971e+02
2.487487487487487492e-01 2.653433128824802338e+02
2.496246246246246192e-01 2.653440278280858138e+02
2.505005005005004892e-01 2.653447427736913937e+02
2.513763763763763870e-01 2.653451877384654267e+02
2.522522522522522292e-01 2.653455919120073645e+02
2.531281281281281270e-01 2.653459960855493591e+02
2.540040040040040248e-01 2.653464002590912969e+02
2.548798798798798670e-01 2.653468044326331778e+02
2.557557557557557648e-01 2.653472086061751725e+02
2.566316316316316071e-01 2.653466561177379504e+02
2.575075075075075048e-01 2.653458354264820400e+02
2.583833833833834026e-01 2.653450147352260160e+02
2.592592592592592449e-01 2.653441940439701057e+02
2.601351351351351426e-01 2.653433733527141385e+02
2.610110110110109849e-01 2.653425526614581713e+02
2.618868868868868827e-01 2.653417319702022041e+02
2.627627627627627804e-01 2.653409112789462938e+02
2.636386386386386227e-01 2.653400905876903266e+02
2.645145145145145205e-01 2.653391643137420601e+02
2.653903903903903627e-01 2.653372158319859295e+02
2.662662662662662605e-01 2.653352673502296852e+02
2.671421421421421583e-01 2.653333188684734978e+02
2.680180180180180005e-01 2.653313703867173672e+02
2.688938938938938983e-01 2.653294219049611229e+02
2.697697697697697405e-01 2.653274734232049923e+02
2.706456456456456383e-01 2.653255249414488048e+02
2.715215215215215361e-01 2.653235764596925605e+02
2.723973973973973783e-01 2.653216279779364299e+02
2.732732732732732761e-01 2.653190728526120665e+02
2.741491491491491739e-01 2.653163232142634342e+02
2.750250250250250161e-01 2.653135735759147451e+02
2.759009009009009139e-01 2.653108239375661128e+02
2.767767767767767562e-01 2.653080742992174805e+02
2.776526526526526539e-01 2.653053246608688482e+02
2.785285285285285517e-01 2.653025750225201591e+02
2.794044044044043940e-01 2.652998253841715268e+02
2.802802802802802917e-01 2.652970757458228945e+02
2.811561561561561340e-01 2.652943261074742622e+02
2.820320320320320318e-01 2.652915764691256300e+02
2.829079079079079295e-01 2.652888268307769977e+02
2.837837837837837718e-01 2.652860771924283085e+02
2.846596596596596696e-01 2.652833760493037971e+02
2.855355355355355118e-01 2.652804794965878159e+02
2.864114114114114096e-01 2.652772838922221581e+02
2.872872872872873073e-01 2.652730480765974335e+02
2.881631631631631496e-01 2.652687954872304772e+02
2.890390390390390474e-01 2.652645428978634641e+02
2.899149149149148896e-01 2.652602903084965078e+02
2.907907907907907874e-01 2.652560377191294947e+02
2.916666666666666852e-01 2.652516385912581427e+02
2.925425425425425274e-01 2.652471050715537331e+02
2.934184184184184252e-01 2.652425715518494371e+02
2.942942942942942675e-01 2.652380380321450275e+02
2.951701701701701652e-01 2.652335045124407316e+02
2.960460460460460630e-01 2.652289709927363788e+02
2.969219219219219053e-01 2.652244374730320260e+02
2.977977977977978030e-01 2.652199039533276732e+02
2.986736736736736453e-01 2.652153704336233204e+02
2.995495495495495430e-01 2.652107006308514201e+02
3.004254254254254408e-01 2.652060159354772395e+02
3.013013013013012831e-01 2.652013312401030589e+02
3.021771771771771808e-01 2.651966465447288783e+02
3.030530530530530231e-01 2.651919618493546977e+02
3.039289289289289209e-01 2.651872771539805740e+02
3.048048048048048186e-01 2.651825924586063934e+02
3.056806806806806609e-01 2.651779077632322128e+02
3.065565565565565587e-01 2.651732230678580322e+02
3.074324324324324564e-01 2.651685383724838516e+02
3.083083083083082987e-01 2.651638536771097279e+02
3.091841841841841965e-01 2.651591689817354904e+02
3.100600600600600387e-01 2.651543111183279962e+02
3.109359359359359365e-01 2.651492823788119040e+02
3.118118118118118343e-01 2.651443665756804648e+02
3.126876876876876765e-01 2.651397613815605609e+02
3.135635635635635743e-01 2.651346796763979796e+02
3.144394394394394165e-01 2.651290683450826009e+02
3.153153153153153143e-01 2.651234570137672790e+02
3.161911911911912121e-01 2.651178456824519003e+02
3.170670670670670543e-01 2.651122343511365784e+02
3.179429429429429521e-01 2.651066230198211997e+02
3.188188188188187944e-01 2.651010116885058778e+02
3.196946946946946921e-01 2.650954003571905560e+02
3.205705705705705899e-01 2.650897890258751772e+02
3.214464464464464322e-01 2.650841776945598554e+02
3.223223223223223299e-01 2.650785663632444766e+02
3.231981981981981722e-01 2.650729550319290979e+02
3.240740740740740700e-01 2.650673437006137760e+02
3.249499499499499677e-01 2.650617323692983973e+02
3.258258258258258100e-01 2.650561210379830186e+02
3.267017017017017078e-01 2.650505097066676967e+02
3.275775775775775500e-01 2.650448983753523180e+02
3.284534534534534478e-01 2.650392870440370530e+02
3.293293293293293456e-01 2.650336757127216742e+02
3.302052052052051878e-01 2.650280643814062955e+02
3.310810810810810856e-01 2.650224530500909736e+02
3.319569569569569278e-01 2.650168417187755949e+02
3.328328328328328256e-01 2.650112303874602731e+02
3.337087087087087234e-01 2.650056190561448943e+02
3.345845845845845656e-01 2.650000077248295725e+02
3.354604604604604634e-01 2.649943963935141937e+02
3.363363363363363057e-01 2.649887850621988150e+02
3.372122122122122034e-01 2.649831737308834931e+02
3.380880880880881012e-01 2.649775592583055754e+02
3.389639639639639435e-01 2.649719440748870056e+02
3.398398398398398412e-01 2.649663288914684927e+02
3.407157157157157390e-01 2.649607137080499228e+02
3.415915915915915813e-01 2.649550985246313530e+02
3.424674674674674790e-01 2.649494833412128401e+02
3.433433433433433213e-01 2.649427989829204648e+02
3.442192192192192191e-01 2.649351012808851351e+02
3.450950950950951168e-01 2.649272269589196753e+02
3.459709709709709591e-01 2.649193526369542155e+02
3.468468468468468568e-01 2.649114783149887558e+02
3.477227227227226991e-01 2.649036039930232960e+02
3.485985985985985969e-01 2.648957296710578362e+02
3.494744744744744946e-01 2.648878553490923196e+02
3.503503503503503369e-01 2.648799810271268598e+02
3.512262262262262347e-01 2.648721067051614000e+02
3.521021021021020769e-01 2.648642323831959402e+02
3.529779779779779747e-01 2.648563580612304804e+02
3.538538538538538725e-01 2.648484837392650206e+02
3.547297297297297147e-01 2.648406094172995040e+02
3.556056056056056125e-01 2.648327350953340442e+02
3.564814814814814548e-01 2.648248607733685844e+02
3.573573573573573525e-01 2.648169864514031246e+02
3.582332332332332503e-01 2.648091121294376649e+02
3.591091091091090926e-01 2.648012378074722051e+02
3.599849849849849903e-01 2.647933634855066884e+02
3.608608608608608326e-01 2.647854891635412287e+02
3.617367367367367303e-01 2.647776148415757689e+02
3.626126126126126281e-01 2.647704290071409901e+02
3.634884884884884704e-01 2.647633193627661399e+02
3.643643643643643681e-01 2.647562097183913465e+02
3.652402402402402104e-01 2.647491000740165532e+02
3.661161161161161082e-01 2.647419904296417599e+02
3.669919919919920059e-01 2.647335680987648061e+02
3.678678678678678482e-01 2.647250991193437812e+02
3.687437437437437460e-01 2.647166301399228701e+02
3.696196196196196437e-01 2.647081611605018452e+02
3.704954954954954860e-01 2.646996921810808772e+02
3.713713713713713838e-01 2.646912232016599091e+02
3.722472472472472260e-01 2.646827542222389411e+02
3.731231231231231238e-01 2.646742852428179731e+02
3.739989989989990216e-01 2.646658162633970051e+02
3.748748748748748638e-01 2.646573472839760370e+02
3.757507507507507616e-01 2.646488783045550690e+02
3.766266266266266038e-01 2.646404093251341010e+02
3.775025025025025016e-01 2.646319403457131330e+02
3.783783783783783994e-01 2.646234713662921649e+02
3.792542542542542416e-01 2.646150023868711969e+02
3.801301301301301394e-01 2.646064438144607038e+02
3.810060060060059817e-01 2.645970731506753850e+02
3.818818818818818794e-01 2.645877024868901231e+02
3.827577577577577772e-01 2.645784045099546233e+02
3.836336336336336195e-01 2.645694812515839658e+02
3.845095095095095172e-01 2.645603835201884522e+02
3.853853853853853595e-01 2.645512149541643794e+02
3.862612612612612573e-01 2.645420463881403634e+02
3.871371371371371550e-01 2.645328778221164043e+02
3.880130130130129973e-01 2.645237092560923884e+02
3.888888888888888951e-01 2.645145406900684293e+02
3.897647647647647373e-01 2.645045414246018822e+02
3.906406406406406351e-01 2.644942282509343841e+02
3.915165165165165329e-01 2.644839150772669427e+02
3.923923923923923751e-01 2.644736019035994445e+02
3.932682682682682729e-01 2.644632887299320032e+02
3.941441441441441151e-01 2.644529755562645050e+02
3.950200200200200129e-01 2.644426623825970637e+02
3.958958958958959107e-01 2.644323492089295655e+02
3.967717717717717529e-01 2.644215779434307478e+02
3.976476476476476507e-01 2.644079545270833478e+02
3.985235235235234930e-01 2.643943311107358909e+02
3.993993993993993907e-01 2.643807076943884908e+02
4.002752752752752885e-01 2.643670842780410339e+02
4.011511511511511308e-01 2.643534608616936339e+02
4.020270270270270285e-01 2.643398374453461770e+02
4.029029029029029263e-01 2.643262140289987201e+02
4.037787787787787686e-01 2.643125906126513200e+02
4.046546546546546663e-01 2.642989671963038631e+02
4.055305305305305086e-01 2.642853437799564063e+02
4.064064064064064064e-01 2.642717203636089494e+02
4.072822822822823041e-01 2.642580969472615493e+02
4.081581581581581464e-01 2.642444735309141493e+02
4.090340340340340441e-01 2.642308501145666355e+02
4.099099099099098864e-01 2.642172266982192355e+02
4.107857857857857842e-01 2.642036032818717786e+02
4.116616616616616819e-01 2.641899798655243217e+02
4.125375375375375242e-01 2.641763564491769216e+02
4.134134134134134220e-01 2.641627330328294647e+02
4.142892892892892642e-01 2.641491096164820078e+02
4.151651651651651620e-01 2.641354862001345509e+02
4.160410410410410598e-01 2.641218627837871509e+02
4.169169169169169020e-01 2.641082393674397508e+02
4.177927927927927998e-01 2.640952881339553073e+02
4.186686686686686421e-01 2.640825391614992554e+02
4.195445445445445398e-01 2.640697901890430899e+02
4.204204204204204376e-01 2.640570412165870380e+02
4.212962962962962798e-01 2.640442922441309861e+02
4.221721721721721776e-01 2.640315432716749342e+02
4.230480480480480199e-01 2.640183575745308531e+02
4.239239239239239176e-01 2.640039880880818828e+02
4.247997997997998154e-01 2.639896186016328556e+02
4.256756756756756577e-01 2.639753737326549299e+02
4.265515515515515554e-01 2.639614506689750897e+02
4.274274274274273977e-01 2.639472302162073447e+02
4.283033033033032955e-01 2.639322510707418132e+02
4.291791791791791932e-01 2.639172719252763386e+02
4.300550550550550355e-01 2.639022927798108071e+02
4.309309309309309333e-01 2.638873136343453325e+02
4.318068068068067755e-01 2.638723344888798010e+02
4.326826826826826733e-01 2.638573553434143264e+02
4.335585585585585711e-01 2.638423761979487949e+02
4.344344344344344133e-01 2.638273970524833203e+02
4.353103103103103111e-01 2.638124179070177888e+02
4.361861861861862089e-01 2.637974387615523142e+02
4.370620620620620511e-01 2.637824596160868396e+02
4.379379379379379489e-01 2.637674804706213081e+02
4.388138138138137911e-01 2.637525013251558335e+02
4.396896896896896889e-01 2.637375221796903020e+02
4.405655655655655867e-01 2.637225430342247705e+02
4.414414414414414289e-01 2.637075638887592959e+02
4.423173173173173267e-01 2.636925847432938212e+02
4.431931931931931690e-01 2.636775061953179602e+02
4.440690690690690667e-01 2.636622654013236797e+02
4.449449449449449645e-01 2.636470246073293993e+02
4.458208208208208068e-01 2.636317838133351188e+02
4.466966966966967045e-01 2.636157975617343254e+02
4.475725725725725468e-01 2.636003432052218614e+02
4.484484484484484446e-01 2.635849550842567623e+02
4.493243243243243423e-01 2.635695669632916065e+02
4.502002002002001846e-01 2.635541788423265643e+02
4.510760760760760824e-01 2.635387907213614653e+02
4.519519519519519246e-01 2.635234026003963663e+02
4.528278278278278224e-01 2.635080144794312673e+02
4.537037037037037202e-01 2.634926263584661683e+02
4.545795795795795624e-01 2.634768115668140922e+02
4.554554554554554602e-01 2.634609926743816004e+02
4.563313313313313024e-01 2.634451529567776902e+02
4.572072072072072002e-01 2.634281899745777196e+02
4.580830830830830980e-01 2.634112269923778626e+02
4.589589589589589402e-01 2.633942640101779489e+02
4.598348348348348380e-01 2.633773010279780351e+02
4.607107107107106803e-01 2.633603380457780645e+02
4.615865865865865780e-01 2.633433750635781507e+02
4.624624624624624758e-01 2.633264120813782370e+02
4.633383383383383181e-01 2.633094490991783232e+02
4.642142142142142158e-01 2.632924861169784094e+02
4.650900900900901136e-01 2.632755231347784957e+02
4.659659659659659559e-01 2.632585601525785819e+02
4.668418418418418536e-01 2.632415971703786681e+02
4.677177177177176959e-01 2.632246341881786975e+02
4.685935935935935936e-01 2.632076712059788406e+02
4.694694694694694914e-01 2.631907082237788700e+02
4.703453453453453337e-01 2.631737452415789562e+02
4.712212212212212314e-01 2.631568903149615721e+02
4.720970970970970737e-01 2.631403828830042926e+02
4.729729729729729715e-01 2.631238754510470130e+02
4.738488488488488692e-01 2.631073527340062697e+02
4.747247247247247115e-01 2.630892220437399374e+02
4.756006006006006093e-01 2.630710913534736051e+02
4.764764764764764515e-01 2.630529606632073296e+02
4.773523523523523493e-01 2.630348299729409973e+02
4.782282282282282471e-01 2.630166992826746650e+02
4.791041041041040893e-01 2.629985685924083896e+02
4.799799799799799871e-01 2.629804379021420573e+02
4.808558558558558294e-01 2.629623072118757818e+02
4.817317317317317271e-01 2.629441765216093927e+02
4.826076076076076249e-01 2.629260458313431172e+02
4.834834834834834671e-01 2.629079151410767849e+02
4.843593593593593649e-01 2.628897844508104527e+02
4.852352352352352072e-01 2.628716537605441772e+02
4.861111111111111049e-01 2.628535004542902698e+02
4.869869869869870027e-01 2.628350592168916364e+02
4.878628628628628450e-01 2.628166179794930599e+02
4.887387387387387427e-01 2.627981767420945403e+02
4.896146146146145850e-01 2.627788865069234703e+02
4.904904904904904828e-01 2.627578858640785597e+02
4.913663663663663805e-01 2.627368852212335923e+02
4.922422422422422228e-01 2.627158845783887386e+02
4.931181181181181206e-01 2.626948839355438281e+02
4.939939939939939628e-01 2.626738832926989176e+02
4.948698698698698606e-01 2.626528826498540070e+02
4.957457457457457584e-01 2.626318820070091533e+02
4.966216216216216006e-01 2.626108813641642428e+02
4.974974974974974984e-01 2.625900653658042074e+02
4.983733733733733962e-01 2.625674485478671727e+02
4.992492492492492384e-01 2.625428328152426616e+02
5.001251251251250807e-01 2.625179906659917606e+02
5.010010010010009784e-01 2.624931485167408596e+02
5.018768768768768762e-01 2.624683063674899586e+02
5.027527527527527740e-01 2.624434642182391144e+02
5.036286286286286717e-01 2.624186220689882134e+02
5.045045045045044585e-01 2.623937799197373124e+02
5.053803803803803563e-01 2.623689377704864114e+02
5.062562562562562540e-01 2.623440956212355104e+02
5.071321321321321518e-01 2.623192534719846662e+02
5.080080080080080496e-01 2.622944113227337652e+02
5.088838838838838363e-01 2.622695691734828642e+02
5.097597597597597341e-01 2.622447270242319632e+02
5.106356356356356319e-01 2.622198848749811191e+02
5.115115115115115296e-01 2.621950427257302181e+02
5.123873873873874274e-01 2.621702005764793171e+02
5.132632632632632141e-01 2.621453584272284161e+02
5.141391391391391119e-01 2.621205162779775719e+02
5.150150150150150097e-01 2.620956741287266709e+02
5.158908908908909074e-01 2.620708319794757699e+02
5.167667667667668052e-01 2.620459898302248689e+02
5.176426426426425920e-01 2.620211476809739679e+02
5.185185185185184897e-01 2.619963055317230669e+02
5.193943943943943875e-01 2.619714633824721659e+02
5.202702702702702853e-01 2.619474730463752508e+02
5.211461461461461830e-01 2.619239706631713602e+02
5.220220220220219698e-01 2.619004682799673560e+02
5.228978978978978676e-01 2.618764952242083837e+02
5.237737737737737653e-01 2.618508766794327585e+02
5.246496496496496631e-01 2.618252581346571333e+02
5.255255255255255609e-01 2.617996395898815081e+02
5.264014014014013476e-01 2.617739934961413155e+02
5.272772772772772454e-01 2.617478071282987457e+02
5.281531531531531432e-01 2.617213920948117334e+02
5.290290290290290409e-01 2.616942117299843744e+02
5.299049049049049387e-01 2.616669110436095025e+02
5.307807807807807254e-01 2.616388533996284309e+02
5.316566566566566232e-01 2.616107957556472456e+02
5.325325325325325210e-01 2.615827381116661741e+02
5.334084084084084187e-01 2.615546804676850456e+02
5.342842842842843165e-01 2.615266228237039172e+02
5.351601601601601033e-01 2.614985651797227888e+02
5.360360360360360010e-01 2.614705075357416604e+02
5.369119119119118988e-01 2.614424498917605320e+02
5.377877877877877966e-01 2.614143922477794035e+02
5.386636636636636943e-01 2.613863346037982751e+02
5.395395395395394811e-01 2.613582769598170898e+02
5.404154154154153789e-01 2.613302193158360183e+02
5.412912912912912766e-01 2.613021616718548898e+02
5.421671671671671744e-01 2.612741040278737614e+02
5.430430430430430722e-01 2.612460463838926330e+02
5.439189189189188589e-01 2.612179887399115614e+02
5.447947947947947567e-01 2.611899310959303762e+02
5.456706706706706544e-01 2.611618734519492477e+02
5.465465465465465522e-01 2.611338158079681762e+02
5.474224224224224500e-01 2.611057581639870477e+02
5.482982982982983478e-01 2.610777005200059193e+02
5.491741741741741345e-01 2.610496428760247909e+02
5.500500500500500323e-01 2.610215339401755728e+02
5.509259259259259300e-01 2.609931376885053851e+02
5.518018018018018278e-01 2.609647414368351406e+02
5.526776776776777256e-01 2.609363451851649529e+02
5.535535535535535123e-01 2.609079489334947084e+02
5.544294294294294101e-01 2.608796967418196573e+02
5.553053053053053079e-01 2.608512940438565124e+02
5.561811811811812056e-01 2.608224919098109922e+02
5.570570570570571034e-01 2.607936897757654719e+02
5.579329329329328901e-01 2.607646279592315182e+02
5.588088088088087879e-01 2.607354510803471044e+02
5.596846846846846857e-01 2.607062742014626338e+02
5.605605605605605835e-01 2.606770973225782200e+02
5.614364364364364812e-01 2.606479204436938062e+02
5.623123123123122680e-01 2.606187435648093356e+02
5.631881881881881657e-01 2.605895666859248649e+02
5.640640640640640635e-01 2.605603898070404512e+02
5.649399399399399613e-01 2.605312129281560374e+02
5.658158158158158590e-01 2.605021041812391331e+02
5.666916916916916458e-01 2.604731512515199370e+02
5.675675675675675436e-01 2.604441983218007408e+02
5.684434434434434413e-01 2.604152453920815447e+02
5.693193193193193391e-01 2.603862924623623485e+02
5.701951951951952369e-01 2.603573395326431523e+02
5.710710710710710236e-01 2.603283866029240130e+02
5.719469469469469214e-01 2.602994336732048168e+02
5.728228228228228192e-01 2.602704807434855638e+02
5.736986986986987169e-01 2.602415278137664245e+02
5.745745745745746147e-01 2.602125748840472284e+02
5.754504504504504014e-01 2.601836219543280322e+02
5.763263263263262992e-01 2.601546690246088360e+02
5.772022022022021970e-01 2.601257160948896399e+02
5.780780780780780947e-01 2.600967631651704437e+02
5.789539539539539925e-01 2.600678102354512475e+02
5.798298298298297793e-01 2.600388573057320514e+02
5.807057057057056770e-01 2.600094384049486393e+02
5.815815815815815748e-01 2.599799362129247129e+02
5.824574574574574726e-01 2.599504340209007296e+02
5.833333333333333703e-01 2.599209318288766895e+02
5.842092092092091571e-01 2.598914652709878510e+02
5.850850850850850549e-01 2.598622101717774626e+02
5.859609609609609526e-01 2.598329550725670174e+02
5.868368368368368504e-01 2.598036999733566290e+02
5.877127127127127482e-01 2.597744448741462406e+02
5.885885885885885349e-01 2.597451897749358523e+02
5.894644644644644327e-01 2.597163494728605428e+02
5.903403403403403304e-01 2.596875645407373554e+02
5.912162162162162282e-01 2.596587796086141111e+02
5.920920920920921260e-01 2.596299946764909237e+02
5.929679679679679127e-01 2.596009014271506317e+02
5.938438438438438105e-01 2.595700412827061427e+02
5.947197197197197083e-01 2.595391811382616538e+02
5.955955955955956060e-01 2.595083209938171649e+02
5.964714714714715038e-01 2.594774608493726760e+02
5.973473473473472906e-01 2.594466007049281870e+02
5.982232232232231883e-01 2.594157405604836413e+02
5.990990990990990861e-01 2.593848804160392092e+02
5.999749749749749839e-01 2.593540202715946634e+02
6.008508508508508816e-01 2.593231601271501745e+02
6.017267267267266684e-01 2.592922999827057424e+02
6.026026026026025662e-01 2.592614398382611967e+02
6.034784784784784639e-01 2.592295044122001855e+02
6.043543543543543617e-01 2.591974532761399814e+02
6.052302302302302595e-01 2.591654021400797774e+02
6.061061061061060462e-01 2.591333510040195733e+02
6.069819819819819440e-01 2.591012998679593693e+02
6.078578578578578417e-01 2.590692487318991653e+02
6.087337337337337395e-01 2.590371975958389612e+02
6.096096096096096373e-01 2.590051464597787572e+02
6.104854854854855351e-01 2.589723117733779532e+02
6.113613613613613218e-01 2.589378910330050303e+02
6.122372372372372196e-01 2.589034702926322211e+02
6.131131131131131173e-01 2.588690495522593551e+02
6.139889889889890151e-01 2.588346288118865459e+02
6.148648648648649129e-01 2.588002080715136799e+02
6.157407407407406996e-01 2.587657873311408139e+02
6.166166166166165974e-01 2.587313665907679479e+02
6.174924924924924952e-01 2.586969458503951387e+02
6.183683683683683929e-01 2.586630079347621063e+02
6.192442442442442907e-01 2.586299841258373817e+02
6.201201201201200774e-01 2.585969603169127140e+02
6.209959959959959752e-01 2.585637354533623693e+02
6.218718718718718730e-01 2.585291514986824382e+02
6.227477477477477708e-01 2.584945675440025070e+02
6.236236236236236685e-01 2.584599835893226327e+02
6.244994994994994553e-01 2.584253996346427584e+02
6.253753753753753530e-01 2.583908156799628273e+02
6.262512512512512508e-01 2.583552759436392421e+02
6.271271271271271486e-01 2.583197541139793998e+02
6.280030030030030463e-01 2.582829365495297793e+02
6.288788788788788331e-01 2.582459412295607990e+02
6.297547547547547309e-01 2.582089459095918755e+02
6.306306306306306286e-01 2.581719505896230089e+02
6.315065065065065264e-01 2.581349552696540286e+02
6.323823823823824242e-01 2.580979599496851051e+02
6.332582582582582109e-01 2.580609646297162385e+02
6.341341341341341087e-01 2.580238366900149458e+02
6.350100100100100065e-01 2.579865920402143615e+02
6.358858858858859042e-01 2.579493473904138909e+02
6.367617617617618020e-01 2.579121027406133635e+02
6.376376376376375887e-01 2.578748580908128361e+02
6.385135135135134865e-01 2.578376134410123086e+02
6.393893893893893843e-01 2.578003687912117812e+02
6.402652652652652820e-01 2.577631241414112537e+02
6.411411411411411798e-01 2.577258794916107831e+02
6.420170170170169666e-01 2.576886348418102557e+02
6.428928928928928643e-01 2.576518858367680878e+02
6.437687687687687621e-01 2.576152240698840501e+02
6.446446446446446599e-01 2.575788268702888786e+02
6.455205205205205576e-01 2.575434475952372395e+02
6.463963963963963444e-01 2.575080683201856573e+02
6.472722722722722422e-01 2.574726890451340182e+02
6.481481481481481399e-01 2.574373097700823791e+02
6.490240240240240377e-01 2.574019304950307401e+02
6.498998998998999355e-01 2.573665512199791010e+02
6.507757757757757222e-01 2.573311719449275188e+02
6.516516516516516200e-01 2.572957926698758797e+02
6.525275275275275177e-01 2.572604133948242406e+02
6.534034034034034155e-01 2.572246821439345013e+02
6.542792792792793133e-01 2.571884261942271337e+02
6.551551551551551000e-01 2.571511288857029740e+02
6.560310310310309978e-01 2.571138315771788143e+02
6.569069069069068956e-01 2.570765342686546546e+02
6.577827827827827933e-01 2.570392369601304949e+02
6.586586586586586911e-01 2.570019396516063352e+02
6.595345345345344779e-01 2.569646423430822324e+02
6.604104104104103756e-01 2.569273450345580727e+02
6.612862862862862734e-01 2.568900477260339130e+02
6.621621621621621712e-01 2.568527504175097533e+02
6.630380380380380689e-01 2.568154531089855936e+02
6.639139139139138557e-01 2.567781558004614340e+02
6.647897897897897534e-01 2.567363866327672781e+02
6.656656656656656512e-01 2.566945467966111778e+02
6.665415415415415490e-01 2.566527069604550206e+02
6.674174174174174468e-01 2.566108671242989203e+02
6.682932932932932335e-01 2.565690272881428200e+02
6.691691691691691313e-01 2.565271874519867197e+02
6.700450450450450290e-01 2.564853476158306194e+02
6.709209209209209268e-01 2.564435077796744622e+02
6.717967967967968246e-01 2.564016679435184187e+02
6.726726726726726113e-01 2.563598281073622616e+02
6.735485485485485091e-01 2.563179767816034200e+02
6.744244244244244069e-01 2.562760852428147018e+02
6.753003003003003046e-01 2.562341937040259836e+02
6.761761761761762024e-01 2.561923021652372086e+02
6.770520520520521002e-01 2.561504106264484903e+02
6.779279279279278869e-01 2.561085190876597153e+02
6.788038038038037847e-01 2.560666275488709971e+02
6.796796796796796825e-01 2.560247360100822789e+02
6.805555555555555802e-01 2.559829476711247196e+02
6.814314314314314780e-01 2.559414255795874453e+02
6.823073073073072647e-01 2.558999034880501142e+02
6.831831831831831625e-01 2.558583813965128400e+02
6.840590590590590603e-01 2.558168593049755373e+02
6.849349349349349581e-01 2.557753372134382346e+02
6.858108108108108558e-01 2.557338151219009319e+02
6.866866866866866426e-01 2.556922930303636576e+02
6.875625625625625403e-01 2.556507709388263265e+02
6.884384384384384381e-01 2.556092488472890238e+02
6.893143143143143359e-01 2.555677267557517496e+02
6.901901901901902336e-01 2.555265746712798034e+02
6.910660660660660204e-01 2.554860321467667745e+02
6.919419419419419182e-01 2.554454896222537741e+02
6.928178178178178159e-01 2.554049470977407168e+02
6.936936936936937137e-01 2.553644045732277164e+02
6.945695695695696115e-01 2.553238620487147443e+02
6.954454454454453982e-01 2.552833195242017155e+02
6.963213213213212960e-01 2.552427769996887150e+02
6.971971971971971938e-01 2.552022344751757146e+02
6.980730730730730915e-01 2.551619536205129180e+02
6.989489489489489893e-01 2.551219962393046217e+02
6.998248248248247760e-01 2.550815084098509260e+02
7.007007007007006738e-01 2.550410205803972588e+02
7.015765765765765716e-01 2.550005327509435915e+02
7.024524524524524693e-01 2.549600449214898958e+02
7.033283283283283671e-01 2.549195570920362286e+02
7.042042042042041539e-01 2.548790692625825045e+02
7.050800800800800516e-01 2.548385814331288657e+02
7.059559559559559494e-01 2.547977577290841396e+02
7.068318318318318472e-01 2.547565585777289243e+02
7.077077077077077449e-01 2.547153594263736522e+02
7.085835835835835317e-01 2.546741602750184086e+02
7.094594594594594295e-01 2.546329611236631649e+02
7.103353353353353272e-01 2.545917619723078928e+02
7.112112112112112250e-01 2.545505628209526492e+02
7.120870870870871228e-01 2.545093636695973487e+02
7.129629629629629095e-01 2.544681645182421335e+02
7.138388388388388073e-01 2.544269653668868898e+02
7.147147147147147050e-01 2.543857646548553362e+02
7.155905905905906028e-01 2.543445628799630356e+02
7.164664664664665006e-01 2.543033611050707350e+02
7.173423423423422873e-01 2.542621593301784628e+02
7.182182182182181851e-01 2.542209575552861907e+02
7.190940940940940829e-01 2.541797557803938616e+02
7.199699699699699806e-01 2.541385540055015611e+02
7.208458458458458784e-01 2.540973522306092889e+02
7.217217217217216652e-01 2.540561504557170167e+02
7.225975975975975629e-01 2.540140754708125428e+02
7.234734734734734607e-01 2.539714416835880115e+02
7.243493493493493585e-01 2.539288078963634234e+02
7.252252252252252562e-01 2.538860510148556955e+02
7.261011011011010430e-01 2.538426843260661769e+02
7.269769769769769407e-01 2.537993176372766584e+02
7.278528528528528385e-01 2.537559509484871114e+02
7.287287287287287363e-01 2.537125842596975644e+02
7.296046046046046341e-01 2.536692175709080459e+02
7.304804804804804208e-01 2.536258508821185274e+02
7.313563563563563186e-01 2.535824841933290372e+02
7.322322322322322163e-01 2.535391175045394903e+02
7.331081081081081141e-01 2.534957508157499433e+02
7.339839839839840119e-01 2.534523841269604247e+02
7.348598598598597986e-01 2.534090174381709062e+02
7.357357357357356964e-01 2.533656507493813592e+02
7.366116116116115942e-01 2.533222840605918407e+02
7.374874874874874919e-01 2.532789173718023221e+02
7.383633633633633897e-01 2.532355506830128036e+02
7.392392392392392875e-01 2.531921839942231998e+02
7.401151151151150742e-01 2.531488173054337381e+02
7.409909909909909720e-01 2.531054506166441911e+02
7.418668668668668698e-01 2.530621601557433564e+02
7.427427427427427675e-01 2.530189740286690494e+02
7.436186186186186653e-01 2.529757879015947708e+02
7.444944944944944520e-01 2.529320757751309259e+02
7.453703703703703498e-01 2.528867684585286497e+02
7.462462462462462476e-01 2.528414611419264304e+02
7.471221221221221453e-01 2.527961538253241542e+02
7.479979979979980431e-01 2.527509913779166766e+02
7.488738738738738299e-01 2.527073602065370324e+02
7.497497497497497276e-01 2.526637290351573881e+02
7.506256256256256254e-01 2.526204492783637363e+02
7.515015015015015232e-01 2.525777931569755310e+02
7.523773773773774209e-01 2.525351370355873826e+02
7.532532532532532077e-01 2.524924809141992057e+02
7.541291291291291055e-01 2.524498247928110004e+02
7.550050050050050032e-01 2.524071686714228520e+02
7.558808808808809010e-01 2.523645125500346467e+02
7.567567567567567988e-01 2.523218564286464698e+02
7.576326326326325855e-01 2.522792003072582929e+02
7.585085085085084833e-01 2.522365441858701161e+02
7.593843843843843811e-01 2.521938880644819392e+02
7.602602602602602788e-01 2.521512319430937623e+02
7.611361361361361766e-01 2.521085758217056139e+02
7.620120120120119633e-01 2.520659197003174086e+02
7.628878878878878611e-01 2.520232635789292317e+02
7.637637637637637589e-01 2.519815503135966708e+02
7.646396396396396566e-01 2.519403061246302116e+02
7.655155155155155544e-01 2.518990619356637239e+02
7.663913913913913412e-01 2.518578177466972647e+02
7.672672672672672389e-01 2.518165735577308055e+02
7.681431431431431367e-01 2.517736512098057915e+02
7.690190190190190345e-01 2.517296408813228652e+02
7.698948948948949322e-01 2.516856305528398821e+02
7.707707707707707190e-01 2.516416202243569558e+02
7.716466466466466168e-01 2.515976098958739726e+02
7.725225225225225145e-01 2.515535995673910747e+02
7.733983983983984123e-01 2.515095892389080916e+02
7.742742742742743101e-01 2.514655789104251653e+02
7.751501501501500968e-01 2.514215685819421822e+02
7.760260260260259946e-01 2.513775582534592559e+02
7.769019019019018923e-01 2.513335479249763296e+02
7.777777777777777901e-01 2.512895375964933748e+02
7.786536536536536879e-01 2.512455272680103917e+02
7.795295295295294746e-01 2.512015169395274654e+02
7.804054054054053724e-01 2.511575066110444823e+02
7.812812812812812702e-01 2.511134962825615560e+02
7.821571571571571679e-01 2.510694859540786013e+02
7.830330330330330657e-01 2.510255077790955909e+02
7.839089089089088525e-01 2.509820602400362475e+02
7.847847847847847502e-01 2.509386127009769041e+02
7.856606606606606480e-01 2.508951216623172797e+02
7.865365365365365458e-01 2.508514268164080647e+02
7.874124124124124435e-01 2.508077319704989065e+02
7.882882882882882303e-01 2.507640371245896915e+02
7.891641641641641280e-01 2.507203422786805334e+02
7.900400400400400258e-01 2.506757606163805860e+02
7.909159159159159236e-01 2.506309828622693487e+02
7.917917917917918214e-01 2.505843551382991450e+02
7.926676676676676081e-01 2.505373192155943514e+02
7.935435435435435059e-01 2.504902832928895577e+02
7.944194194194194036e-01 2.504432473701847357e+02
7.952952952952953014e-01 2.503962114474799705e+02
7.961711711711711992e-01 2.503491755247751485e+02
7.970470470470469859e-01 2.503021396020703548e+02
7.979229229229228837e-01 2.502551036793655612e+02
7.987987987987987815e-01 2.502080677566607676e+02
7.996746746746746792e-01 2.501610318339559456e+02
8.005505505505505770e-01 2.501139959112511804e+02
8.014264264264264748e-01 2.500669599885463299e+02
8.023023023023022615e-01 2.500199240658416215e+02
8.031781781781781593e-01 2.499728881431367711e+02
8.040540540540540571e-01 2.499258522204319775e+02
8.049299299299299548e-01 2.498788162977272123e+02
8.058058058058058526e-01 2.498317803750223902e+02
8.066816816816816393e-01 2.497847444523175966e+02
8.075575575575575371e-01 2.497377085296128030e+02
8.084334334334334349e-01 2.496906726069079525e+02
8.093093093093093326e-01 2.496436366842032157e+02
8.101851851851852304e-01 2.495966007614983937e+02
8.110610610610610172e-01 2.495495590104175676e+02
8.119369369369369149e-01 2.495018777667114307e+02
8.128128128128128127e-01 2.494555574768531301e+02
8.136886886886887105e-01 2.494092832340264749e+02
8.145645645645646082e-01 2.493630089911998198e+02
8.154404404404403950e-01 2.493167347483732215e+02
8.163163163163162928e-01 2.492704605055465663e+02
8.171921921921921905e-01 2.492241862627199396e+02
8.180680680680680883e-01 2.491779886988000783e+02
8.189439439439439861e-01 2.491330444908842026e+02
8.198198198198197728e-01 2.490881002829683268e+02
8.206956956956956706e-01 2.490431560750524227e+02
8.215715715715715683e-01 2.489976731673347103e+02
8.224474474474474661e-01 2.489519565808784591e+02
8.233233233233233639e-01 2.489062399944222079e+02
8.241991991991991506e-01 2.488605234079659851e+02
8.250750750750750484e-01 2.488148068215097624e+02
8.259509509509509462e-01 2.487690902350535112e+02
8.268268268268268439e-01 2.487233736485972884e+02
8.277027027027027417e-01 2.486776570621410087e+02
8.285785785785785285e-01 2.486319404756848144e+02
8.294544544544544262e-01 2.485860940348914596e+02
8.303303303303303240e-01 2.485399108642502028e+02
8.312062062062062218e-01 2.484937276936089461e+02
8.320820820820821195e-01 2.484475445229676893e+02
8.329579579579579063e-01 2.484013613523264326e+02
8.338338338338338041e-01 2.483549884799560061e+02
8.347097097097097018e-01 2.483082002754046869e+02
8.355855855855855996e-01 2.482614120708533960e+02
8.364614614614614974e-01 2.482146238663020767e+02
8.373373373373372841e-01 2.481674651179156399e+02
8.382132132132131819e-01 2.481183189154302227e+02
8.390890890890890796e-01 2.480691727129448054e+02
8.399649649649649774e-01 2.480200265104593882e+02
8.408408408408408752e-01 2.479708803079739710e+02
8.417167167167166619e-01 2.479217341054885821e+02
8.425925925925925597e-01 2.478725879030031933e+02
8.434684684684684575e-01 2.478234417005177193e+02
8.443443443443443552e-01 2.477742954980323304e+02
8.452202202202202530e-01 2.477251492955469132e+02
8.460960960960960398e-01 2.476760030930614960e+02
8.469719719719719375e-01 2.476268568905761072e+02
8.478478478478478353e-01 2.475801798950539592e+02
8.487237237237237331e-01 2.475340695279937790e+02
8.495995995995996308e-01 2.474879591609335705e+02
8.504754754754754176e-01 2.474418487938734188e+02
8.513513513513513153e-01 2.473957384268132103e+02
8.522272272272272131e-01 2.473496280597530017e+02
8.531031031031031109e-01 2.473035176926927932e+02
8.539789789789790087e-01 2.472574073256325846e+02
8.548548548548547954e-01 2.472112969585724329e+02
8.557307307307306932e-01 2.471651865915122244e+02
8.566066066066065909e-01 2.471190762244519874e+02
8.574824824824824887e-01 2.470729658573918073e+02
8.583583583583583865e-01 2.470268554903316556e+02
8.592342342342341732e-01 2.469807451232714470e+02
8.601101101101100710e-01 2.469346347562112669e+02
8.609859859859859688e-01 2.468885243891510584e+02
8.618618618618618665e-01 2.468424140220908498e+02
8.627377377377377643e-01 2.467963036550306697e+02
8.636136136136135510e-01 2.467501932879704896e+02
8.644894894894894488e-01 2.467040829209102810e+02
8.653653653653653466e-01 2.466578563926000243e+02
8.662412412412412444e-01 2.466116138293340612e+02
8.671171171171171421e-01 2.465653712660681265e+02
8.679929929929930399e-01 2.465191287028022202e+02
8.688688688688688266e-01 2.464728861395362571e+02
8.697447447447447244e-01 2.464266435762703225e+02
8.706206206206206222e-01 2.463804010130043594e+02
8.714964964964965199e-01 2.463341584497383963e+02
8.723723723723724177e-01 2.462879158864724616e+02
8.732482482482482045e-01 2.462416733232065269e+02
8.741241241241241022e-01 2.461957054989702556e+02
8.750000000000000000e-01 2.461500000000000057e+02
