LineProbe
number of points: 1000 (fixed)
point 0: [0. 0. 0.]
point 1: [0.875 0.    0.   ]
-----

# T 1000
0.000000000000000000e+00 2.685099997997413652e+02
8.758758758758758683e-04 2.685202089065892892e+02
1.751751751751751737e-03 2.685304180134372700e+02
2.627627627627627388e-03 2.685406271202851940e+02
3.503503503503503473e-03 2.685508362271331748e+02
4.379379379379379558e-03 2.685616873061451884e+02
5.255255255255254776e-03 2.685726859539770999e+02
6.131131131131130861e-03 2.685837624507979058e+02
7.007007007007006946e-03 2.685960058424586236e+02
7.882882882882882164e-03 2.686082492341193984e+02
8.758758758758759116e-03 2.686204926257801162e+02
9.634634634634634334e-03 2.686327360174408341e+02
1.051051051051050955e-02 2.686449794091015519e+02
1.138638638638638650e-02 2.686572228007623266e+02
1.226226226226226172e-02 2.686694661924230445e+02
1.313813813813813867e-02 2.686817095840838192e+02
1.401401401401401389e-02 2.686939529757445371e+02
1.488988988988988911e-02 2.687058695741055772e+02
1.576576576576576433e-02 2.687173827603863856e+02
1.664164164164164128e-02 2.687288959466671940e+02
1.751751751751751823e-02 2.687404091329480593e+02
1.839339339339339172e-02 2.687519223192289246e+02
1.926926926926926867e-02 2.687634355055097330e+02
2.014514514514514562e-02 2.687749486917905415e+02
2.102102102102101910e-02 2.687864618780713499e+02
2.189689689689689606e-02 2.687985901434051925e+02
2.277277277277277301e-02 2.688111719755735862e+02
2.364864864864864996e-02 2.688237538077420368e+02
2.452452452452452344e-02 2.688363356399104305e+02
2.540040040040040040e-02 2.688489174720788810e+02
2.627627627627627735e-02 2.688614993042472747e+02
2.715215215215215083e-02 2.688740811364157253e+02
2.802802802802802778e-02 2.688866629685841190e+02
2.890390390390390474e-02 2.688992448007525127e+02
2.977977977977977822e-02 2.689118266329209064e+02
3.065565565565565517e-02 2.689244084650893569e+02
3.153153153153152866e-02 2.689369902972578075e+02
3.240740740740740561e-02 2.689495721294262012e+02
3.328328328328328256e-02 2.689621539615945949e+02
3.415915915915915951e-02 2.689747357937629886e+02
3.503503503503503647e-02 2.689873176259313823e+02
3.591091091091091342e-02 2.689998994580998328e+02
3.678678678678678343e-02 2.690124812902682265e+02
3.766266266266266038e-02 2.690250631224366771e+02
3.853853853853853734e-02 2.690376449546050708e+02
3.941441441441441429e-02 2.690502267867734645e+02
4.029029029029029124e-02 2.690628086189418582e+02
4.116616616616616819e-02 2.690744331155957525e+02
4.204204204204203821e-02 2.690850998954335296e+02
4.291791791791791516e-02 2.690957666752713635e+02
4.379379379379379211e-02 2.691067963901249982e+02
4.466966966966966907e-02 2.691183700761233695e+02
4.554554554554554602e-02 2.691299437621217407e+02
4.642142142142142297e-02 2.691415428725543393e+02
4.729729729729729992e-02 2.691528075470793056e+02
4.817317317317316994e-02 2.691640545513432130e+02
4.904904904904904689e-02 2.691753015556070636e+02
4.992492492492492384e-02 2.691865485598709711e+02
5.080080080080080079e-02 2.691977955641348785e+02
5.167667667667667775e-02 2.692090425683987860e+02
5.255255255255255470e-02 2.692202895726626934e+02
5.342842842842842471e-02 2.692314465497789797e+02
5.430430430430430166e-02 2.692424771852379877e+02
5.518018018018017862e-02 2.692535078206969956e+02
5.605605605605605557e-02 2.692645384561560036e+02
5.693193193193193252e-02 2.692755690916150115e+02
5.780780780780780947e-02 2.692865997270740763e+02
5.868368368368368643e-02 2.692976303625330274e+02
5.955955955955955644e-02 2.693086609979920922e+02
6.043543543543543339e-02 2.693196916334511002e+02
6.131131131131131035e-02 2.693307222689101081e+02
6.218718718718718730e-02 2.693417529043691161e+02
6.306306306306305731e-02 2.693527835398281240e+02
6.393893893893894120e-02 2.693638141752871320e+02
6.481481481481481122e-02 2.693744583762503453e+02
6.569069069069069511e-02 2.693850621275410617e+02
6.656656656656656512e-02 2.693956658788317213e+02
6.744244244244243514e-02 2.694062696301224946e+02
6.831831831831831903e-02 2.694164965798392473e+02
6.919419419419418904e-02 2.694266221806516910e+02
7.007007007007007293e-02 2.694367477814641347e+02
7.094594594594594295e-02 2.694468733822765216e+02
7.182182182182182684e-02 2.694569989830889654e+02
7.269769769769769685e-02 2.694671245839013523e+02
7.357357357357356686e-02 2.694772501847137960e+02
7.444944944944945076e-02 2.694882621490443171e+02
7.532532532532532077e-02 2.694999655888801726e+02
7.620120120120120466e-02 2.695116690287160282e+02
7.707707707707707467e-02 2.695233724685518837e+02
7.795295295295295857e-02 2.695350759083876824e+02
7.882882882882882858e-02 2.695461402250780338e+02
7.970470470470469859e-02 2.695571040937588805e+02
8.058058058058058248e-02 2.695680679624397840e+02
8.145645645645645250e-02 2.695790318311206875e+02
8.233233233233233639e-02 2.695899956998015341e+02
8.320820820820820640e-02 2.696009595684824376e+02
8.408408408408407642e-02 2.696119234371633411e+02
8.495995995995996031e-02 2.696228873058442446e+02
8.583583583583583032e-02 2.696338511745250912e+02
8.671171171171171421e-02 2.696448150432059947e+02
8.758758758758758423e-02 2.696557789118868982e+02
8.846346346346346812e-02 2.696667427805677448e+02
8.933933933933933813e-02 2.696777066492486483e+02
9.021521521521520814e-02 2.696886705179294950e+02
9.109109109109109204e-02 2.696996343866104553e+02
9.196696696696696205e-02 2.697115154461563407e+02
9.284284284284284594e-02 2.697234735652681934e+02
9.371871871871871595e-02 2.697354316843799893e+02
9.459459459459459985e-02 2.697473898034918420e+02
9.547047047047046986e-02 2.697593479226036379e+02
9.634634634634633987e-02 2.697713060417155475e+02
9.722222222222222376e-02 2.697832641608273434e+02
9.809809809809809378e-02 2.697952222799391961e+02
9.897397397397397767e-02 2.698071803990510489e+02
9.984984984984984768e-02 2.698191385181628448e+02
1.007257257257257316e-01 2.698310966372746975e+02
1.016016016016016016e-01 2.698430547563865503e+02
1.024774774774774716e-01 2.698547329420730421e+02
1.033533533533533555e-01 2.698658386680473313e+02
1.042292292292292255e-01 2.698769443940216206e+02
1.051051051051051094e-01 2.698880501199958530e+02
1.059809809809809794e-01 2.698991558459701423e+02
1.068568568568568494e-01 2.699102615719443747e+02
1.077327327327327333e-01 2.699213672979186640e+02
1.086086086086086033e-01 2.699324730238929533e+02
1.094844844844844872e-01 2.699435787498672425e+02
1.103603603603603572e-01 2.699546844758414750e+02
1.112362362362362411e-01 2.699657902018157074e+02
1.121121121121121111e-01 2.699768959277899967e+02
1.129879879879879812e-01 2.699880016537642859e+02
1.138638638638638650e-01 2.699991073797385752e+02
1.147397397397397351e-01 2.700102131057128076e+02
1.156156156156156189e-01 2.700213188316870401e+02
1.164914914914914890e-01 2.700321699330183947e+02
1.173673673673673729e-01 2.700428558800825840e+02
1.182432432432432429e-01 2.700534940059051223e+02
1.191191191191191129e-01 2.700641321317275469e+02
1.199949949949949968e-01 2.700747702575500284e+02
1.208708708708708668e-01 2.700854083833725667e+02
1.217467467467467507e-01 2.700959590405265089e+02
1.226226226226226207e-01 2.701055564185391518e+02
1.234984984984984907e-01 2.701151537965517377e+02
1.243743743743743746e-01 2.701247511745643237e+02
1.252502502502502446e-01 2.701343485525769097e+02
1.261261261261261146e-01 2.701438191706761245e+02
1.270020020020020124e-01 2.701532178007328184e+02
1.278778778778778824e-01 2.701626164307895124e+02
1.287537537537537524e-01 2.701716423468097901e+02
1.296296296296296224e-01 2.701805486029504095e+02
1.305055055055054924e-01 2.701894548590910858e+02
1.313813813813813902e-01 2.701983611152317053e+02
1.322572572572572602e-01 2.702072673713723248e+02
1.331331331331331302e-01 2.702161736275130011e+02
1.340090090090090003e-01 2.702250798836536205e+02
1.348848848848848703e-01 2.702339861397942400e+02
1.357607607607607680e-01 2.702428923959348595e+02
1.366366366366366381e-01 2.702517986520755358e+02
1.375125125125125081e-01 2.702607049082161552e+02
1.383883883883883781e-01 2.702696111643568315e+02
1.392642642642642758e-01 2.702785174204974510e+02
1.401401401401401459e-01 2.702874236766380704e+02
1.410160160160160159e-01 2.702963299327786899e+02
1.418918918918918859e-01 2.703052361889193662e+02
1.427677677677677559e-01 2.703141424450599857e+02
1.436436436436436537e-01 2.703230487012006051e+02
1.445195195195195237e-01 2.703321115454225492e+02
1.453953953953953937e-01 2.703418825385130617e+02
1.462712712712712637e-01 2.703519426949386002e+02
1.471471471471471337e-01 2.703620971572076996e+02
1.480230230230230315e-01 2.703722516194768559e+02
1.488988988988989015e-01 2.703824060817458985e+02
1.497747747747747715e-01 2.703925605440150548e+02
1.506506506506506415e-01 2.704027150062842111e+02
1.515265265265265116e-01 2.704128694685533105e+02
1.524024024024024093e-01 2.704230239308224100e+02
1.532782782782782793e-01 2.704331783930915662e+02
1.541541541541541493e-01 2.704433328553606657e+02
1.550300300300300194e-01 2.704534873176297651e+02
1.559059059059059171e-01 2.704636417798989214e+02
1.567817817817817871e-01 2.704737962421680209e+02
1.576576576576576572e-01 2.704839507044371771e+02
1.585335335335335272e-01 2.704939656418960112e+02
1.594094094094093972e-01 2.705032933881955159e+02
1.602852852852852950e-01 2.705126211344950207e+02
1.611611611611611650e-01 2.705219488807945254e+02
1.620370370370370350e-01 2.705312766270940870e+02
1.629129129129129050e-01 2.705406043733935917e+02
1.637887887887887750e-01 2.705499321196930964e+02
1.646646646646646728e-01 2.705592598659926580e+02
1.655405405405405428e-01 2.705677940936588470e+02
1.664164164164164128e-01 2.705761328322709005e+02
1.672922922922922828e-01 2.705844715708829540e+02
1.681681681681681528e-01 2.705928103094950643e+02
1.690440440440440506e-01 2.706011490481071178e+02
1.699199199199199206e-01 2.706094877867191713e+02
1.707957957957957906e-01 2.706172507621870977e+02
1.716716716716716606e-01 2.706240769818641070e+02
1.725475475475475584e-01 2.706309032015411162e+02
1.734234234234234284e-01 2.706377294212181823e+02
1.742992992992992984e-01 2.706445556408951916e+02
1.751751751751751685e-01 2.706513818605722008e+02
1.760510510510510385e-01 2.706582080802492101e+02
1.769269269269269362e-01 2.706650342999262762e+02
1.778028028028028062e-01 2.706721331965970876e+02
1.786786786786786763e-01 2.706793933031020174e+02
1.795545545545545463e-01 2.706866534096069472e+02
1.804304304304304163e-01 2.706939135161118770e+02
1.813063063063063141e-01 2.707011736226168068e+02
1.821821821821821841e-01 2.707084337291217366e+02
1.830580580580580541e-01 2.707156938356266664e+02
1.839339339339339241e-01 2.707229539421315394e+02
1.848098098098098219e-01 2.707302140486365261e+02
1.856856856856856919e-01 2.707374741551414559e+02
1.865615615615615619e-01 2.707447342616463857e+02
1.874374374374374319e-01 2.707519943681512586e+02
1.883133133133133019e-01 2.707589681462846443e+02
1.891891891891891997e-01 2.707657549948318660e+02
1.900650650650650697e-01 2.707725418433791447e+02
1.909409409409409397e-01 2.707793286919263664e+02
1.918168168168168097e-01 2.707861155404735314e+02
1.926926926926926797e-01 2.707929023890208100e+02
1.935685685685685775e-01 2.707996892375679749e+02
1.944444444444444475e-01 2.708064760861152536e+02
1.953203203203203175e-01 2.708132629346624753e+02
1.961961961961961876e-01 2.708200497832096971e+02
1.970720720720720576e-01 2.708268366317569189e+02
1.979479479479479553e-01 2.708325516262883639e+02
1.988238238238238254e-01 2.708377040249421270e+02
1.996996996996996954e-01 2.708428564235959470e+02
2.005755755755755654e-01 2.708480088222497102e+02
2.014514514514514631e-01 2.708530480954054838e+02
2.023273273273273332e-01 2.708576142108710201e+02
2.032032032032032032e-01 2.708621803263365564e+02
2.040790790790790732e-01 2.708667464418020927e+02
2.049549549549549432e-01 2.708713125572676290e+02
2.058308308308308410e-01 2.708758786727332222e+02
2.067067067067067110e-01 2.708804447881987016e+02
2.075825825825825810e-01 2.708850109036642380e+02
2.084584584584584510e-01 2.708895770191297743e+02
2.093343343343343210e-01 2.708941431345953106e+02
2.102102102102102188e-01 2.708987092500608469e+02
2.110860860860860888e-01 2.709032753655264969e+02
2.119619619619619588e-01 2.709078414809919764e+02
2.128378378378378288e-01 2.709124075964575127e+02
2.137137137137136988e-01 2.709169737119230490e+02
2.145895895895895966e-01 2.709215398273885853e+02
2.154654654654654666e-01 2.709261059428541785e+02
2.163413413413413366e-01 2.709306720583197148e+02
2.172172172172172067e-01 2.709350711279993220e+02
2.180930930930931044e-01 2.709394495114993902e+02
2.189689689689689744e-01 2.709438278949994015e+02
2.198448448448448445e-01 2.709467636442847720e+02
2.207207207207207145e-01 2.709496235758065268e+02
2.215965965965965845e-01 2.709524835073282247e+02
2.224724724724724823e-01 2.709553434388499795e+02
2.233483483483483523e-01 2.709582033703717343e+02
2.242242242242242223e-01 2.709610633018934323e+02
2.251001001001000923e-01 2.709639232334151302e+02
2.259759759759759623e-01 2.709667831649369418e+02
2.268518518518518601e-01 2.709696430964586398e+02
2.277277277277277301e-01 2.709725030279804514e+02
2.286036036036036001e-01 2.709753629595021494e+02
2.294794794794794701e-01 2.709782228910238473e+02
2.303553553553553401e-01 2.709810828225456021e+02
2.312312312312312379e-01 2.709837755624716351e+02
2.321071071071071079e-01 2.709859055531659351e+02
2.329829829829829779e-01 2.709880355438601782e+02
2.338588588588588479e-01 2.709901655345544782e+02
2.347347347347347457e-01 2.709922955252487782e+02
2.356106106106106157e-01 2.709944255159430213e+02
2.364864864864864857e-01 2.709965555066372644e+02
2.373623623623623557e-01 2.709986854973316213e+02
2.382382382382382258e-01 2.710008154880258644e+02
2.391141141141141235e-01 2.710029144026553354e+02
2.399899899899899935e-01 2.710038051575446048e+02
2.408658658658658636e-01 2.710046959124338173e+02
2.417417417417417336e-01 2.710055866673230298e+02
2.426176176176176036e-01 2.710061018264086670e+02
2.434934934934935014e-01 2.710064918959749889e+02
2.443693693693693714e-01 2.710068819655413677e+02
2.452452452452452414e-01 2.710072720351077464e+02
2.461211211211211114e-01 2.710076621046740684e+02
2.469969969969969814e-01 2.710080521742404471e+02
2.478728728728728792e-01 2.710084422438067691e+02
2.487487487487487492e-01 2.710088323133731478e+02
2.496246246246246192e-01 2.710093388790833728e+02
2.505005005005004892e-01 2.710099524593063052e+02
2.513763763763763870e-01 2.710105660395292375e+02
2.522522522522522292e-01 2.710111796197521699e+02
2.531281281281281270e-01 2.710117931999751022e+02
2.540040040040040248e-01 2.710123282916516700e+02
2.548798798798798670e-01 2.710128203284074857e+02
2.557557557557557648e-01 2.710133123651633582e+02
2.566316316316316071e-01 2.710138044019192307e+02
2.575075075075075048e-01 2.710142964386750464e+02
2.583833833833834026e-01 2.710147884754309189e+02
2.592592592592592449e-01 2.710152805121867345e+02
2.601351351351351426e-01 2.710157725489426070e+02
2.610110110110109849e-01 2.710162645856984796e+02
2.618868868868868827e-01 2.710167566224543521e+02
2.627627627627627804e-01 2.710171664957150028e+02
2.636386386386386227e-01 2.710174322010055334e+02
2.645145145145145205e-01 2.710176979062961209e+02
2.653903903903903627e-01 2.710179636115867083e+02
2.662662662662662605e-01 2.710182293168772958e+02
2.671421421421421583e-01 2.710184950221678832e+02
2.680180180180180005e-01 2.710168102006488766e+02
2.688938938938938983e-01 2.710145300017874206e+02
2.697697697697697405e-01 2.710122498029259646e+02
2.706456456456456383e-01 2.710099696040645085e+02
2.715215215215215361e-01 2.710076894052029957e+02
2.723973973973973783e-01 2.710054092063415965e+02
2.732732732732732761e-01 2.710031290074800836e+02
2.741491491491491739e-01 2.710006586899941681e+02
2.750250250250250161e-01 2.709981026968710012e+02
2.759009009009009139e-01 2.709955467037477774e+02
2.767767767767767562e-01 2.709929907106246105e+02
2.776526526526526539e-01 2.709904347175014436e+02
2.785285285285285517e-01 2.709878787243782767e+02
2.794044044044043940e-01 2.709853227312551098e+02
2.802802802802802917e-01 2.709827667381319429e+02
2.811561561561561340e-01 2.709802107450087760e+02
2.820320320320320318e-01 2.709776547518855523e+02
2.829079079079079295e-01 2.709752247925397342e+02
2.837837837837837718e-01 2.709729570889365959e+02
2.846596596596596696e-01 2.709706893853335714e+02
2.855355355355355118e-01 2.709684216817304332e+02
2.864114114114114096e-01 2.709661539781272950e+02
2.872872872872873073e-01 2.709637263045706845e+02
2.881631631631631496e-01 2.709594627750792597e+02
2.890390390390390474e-01 2.709551992455877780e+02
2.899149149149148896e-01 2.709509357160962963e+02
2.907907907907907874e-01 2.709466721866049284e+02
2.916666666666666852e-01 2.709424086571134467e+02
2.925425425425425274e-01 2.709381451276219650e+02
2.934184184184184252e-01 2.709338815981304833e+02
2.942942942942942675e-01 2.709296180686390585e+02
2.951701701701701652e-01 2.709253167917975134e+02
2.960460460460460630e-01 2.709207891135567934e+02
2.969219219219219053e-01 2.709162614353160734e+02
2.977977977977978030e-01 2.709117337570753534e+02
2.986736736736736453e-01 2.709072060788346334e+02
2.995495495495495430e-01 2.709026002267223703e+02
3.004254254254254408e-01 2.708979360612892151e+02
3.013013013013012831e-01 2.708932718958560031e+02
3.021771771771771808e-01 2.708886077304227911e+02
3.030530530530530231e-01 2.708839435649895790e+02
3.039289289289289209e-01 2.708792793995564239e+02
3.048048048048048186e-01 2.708746152341232118e+02
3.056806806806806609e-01 2.708699510686899430e+02
3.065565565565565587e-01 2.708652869032567310e+02
3.074324324324324564e-01 2.708596404143319205e+02
3.083083083083082987e-01 2.708529588986173167e+02
3.091841841841841965e-01 2.708462773829025991e+02
3.100600600600600387e-01 2.708395958671879953e+02
3.109359359359359365e-01 2.708329143514733914e+02
3.118118118118118343e-01 2.708263297112421242e+02
3.126876876876876765e-01 2.708200007756774426e+02
3.135635635635635743e-01 2.708136718401127609e+02
3.144394394394394165e-01 2.708073429045480793e+02
3.153153153153153143e-01 2.708010139689833977e+02
3.161911911911912121e-01 2.707946850334187161e+02
3.170670670670670543e-01 2.707883560978540345e+02
3.179429429429429521e-01 2.707820271622892960e+02
3.188188188188187944e-01 2.707756982267246713e+02
3.196946946946946921e-01 2.707687322216584107e+02
3.205705705705705899e-01 2.707617349255552881e+02
3.214464464464464322e-01 2.707547376294521086e+02
3.223223223223223299e-01 2.707477403333489292e+02
3.231981981981981722e-01 2.707407430372457497e+02
3.240740740740740700e-01 2.707337457411425703e+02
3.249499499499499677e-01 2.707267484450393908e+02
3.258258258258258100e-01 2.707197511489362114e+02
3.267017017017017078e-01 2.707130343195470914e+02
3.275775775775775500e-01 2.707066392597265008e+02
3.284534534534534478e-01 2.707002441999059101e+02
3.293293293293293456e-01 2.706938491400853195e+02
3.302052052052051878e-01 2.706874540802647289e+02
3.310810810810810856e-01 2.706810590204441382e+02
3.319569569569569278e-01 2.706746639606235476e+02
3.328328328328328256e-01 2.706669114421702034e+02
3.337087087087087234e-01 2.706582348862688150e+02
3.345845845845845656e-01 2.706495583303673129e+02
3.354604604604604634e-01 2.706408817744658677e+02
3.363363363363363057e-01 2.706322052185643656e+02
3.372122122122122034e-01 2.706235828318398831e+02
3.380880880880881012e-01 2.706150115948956341e+02
3.389639639639639435e-01 2.706064403579514988e+02
3.398398398398398412e-01 2.705978691210073066e+02
3.407157157157157390e-01 2.705892978840631145e+02
3.415915915915915813e-01 2.705807266471189791e+02
3.424674674674674790e-01 2.705721554101747302e+02
3.433433433433433213e-01 2.705635841732305948e+02
3.442192192192192191e-01 2.705546504818908033e+02
3.450950950950951168e-01 2.705437217824080562e+02
3.459709709709709591e-01 2.705327930829253091e+02
3.468468468468468568e-01 2.705218643834425620e+02
3.477227227227226991e-01 2.705109356839598149e+02
3.485985985985985969e-01 2.705000069844770678e+02
3.494744744744744946e-01 2.704890782849942639e+02
3.503503503503503369e-01 2.704781495855115736e+02
3.512262262262262347e-01 2.704672208860287697e+02
3.521021021021020769e-01 2.704562921865460225e+02
3.529779779779779747e-01 2.704453634870632754e+02
3.538538538538538725e-01 2.704344347875805283e+02
3.547297297297297147e-01 2.704235060880978381e+02
3.556056056056056125e-01 2.704125773886150341e+02
3.564814814814814548e-01 2.704014859097750900e+02
3.573573573573573525e-01 2.703886306191395192e+02
3.582332332332332503e-01 2.703754719103338289e+02
3.591091091091090926e-01 2.703623132015282522e+02
3.599849849849849903e-01 2.703491544927226187e+02
3.608608608608608326e-01 2.703359957839169851e+02
3.617367367367367303e-01 2.703228370751114085e+02
3.626126126126126281e-01 2.703096783663057749e+02
3.634884884884884704e-01 2.702965196575001983e+02
3.643643643643643681e-01 2.702833609486945647e+02
3.652402402402402104e-01 2.702702022398889881e+02
3.661161161161161082e-01 2.702570435310833545e+02
3.669919919919920059e-01 2.702438848222777210e+02
3.678678678678678482e-01 2.702307261134721443e+02
3.687437437437437460e-01 2.702175674046665108e+02
3.696196196196196437e-01 2.702044086958608773e+02
3.704954954954954860e-01 2.701888364653385679e+02
3.713713713713713838e-01 2.701725985293729764e+02
3.722472472472472260e-01 2.701563605934073848e+02
3.731231231231231238e-01 2.701401226574418502e+02
3.739989989989990216e-01 2.701238847214763155e+02
3.748748748748748638e-01 2.701076467855107239e+02
3.757507507507507616e-01 2.700914088495451324e+02
3.766266266266266038e-01 2.700751709135795409e+02
3.775025025025025016e-01 2.700589329776140062e+02
3.783783783783783994e-01 2.700426950416484146e+02
3.792542542542542416e-01 2.700264571056828800e+02
3.801301301301301394e-01 2.700102191697172884e+02
3.810060060060059817e-01 2.699938763253430238e+02
3.818818818818818794e-01 2.699772281571789563e+02
3.827577577577577772e-01 2.699605799890148887e+02
3.836336336336336195e-01 2.699439318208508212e+02
3.845095095095095172e-01 2.699272836526868105e+02
3.853853853853853595e-01 2.699106354845227429e+02
3.862612612612612573e-01 2.698939873163586753e+02
3.871371371371371550e-01 2.698768199727044248e+02
3.880130130130129973e-01 2.698593279007886281e+02
3.888888888888888951e-01 2.698418358288728314e+02
3.897647647647647373e-01 2.698243437569570347e+02
3.906406406406406351e-01 2.698068516850412379e+02
3.915165165165165329e-01 2.697893596131253844e+02
3.923923923923923751e-01 2.697718675412095877e+02
3.932682682682682729e-01 2.697543754692938478e+02
3.941441441441441151e-01 2.697355765678890975e+02
3.950200200200200129e-01 2.697164861383518542e+02
3.958958958958959107e-01 2.696973957088146108e+02
3.967717717717717529e-01 2.696783052792774242e+02
3.976476476476476507e-01 2.696592148497401809e+02
3.985235235235234930e-01 2.696401244202029375e+02
3.993993993993993907e-01 2.696210339906656941e+02
4.002752752752752885e-01 2.696019435611284507e+02
4.011511511511511308e-01 2.695828531315912642e+02
4.020270270270270285e-01 2.695637627020539639e+02
4.029029029029029263e-01 2.695446722725167774e+02
4.037787787787787686e-01 2.695255818429795340e+02
4.046546546546546663e-01 2.695064914134422906e+02
4.055305305305305086e-01 2.694874009839051041e+02
4.064064064064064064e-01 2.694683105543678607e+02
4.072822822822823041e-01 2.694492349731740433e+02
4.081581581581581464e-01 2.694311939800189748e+02
4.090340340340340441e-01 2.694131529868639632e+02
4.099099099099098864e-01 2.693951119937088947e+02
4.107857857857857842e-01 2.693770710005538831e+02
4.116616616616616819e-01 2.693590300073988715e+02
4.125375375375375242e-01 2.693409890142438599e+02
4.134134134134134220e-01 2.693229480210887914e+02
4.142892892892892642e-01 2.692998333990618676e+02
4.151651651651651620e-01 2.692761627916797806e+02
4.160410410410410598e-01 2.692570515320617233e+02
4.169169169169169020e-01 2.692383567340767740e+02
4.177927927927927998e-01 2.692187968018084234e+02
4.186686686686686421e-01 2.691989275285469603e+02
4.195445445445445398e-01 2.691790582552854971e+02
4.204204204204204376e-01 2.691591889820240340e+02
4.212962962962962798e-01 2.691393197087626277e+02
4.221721721721721776e-01 2.691194174002088744e+02
4.230480480480480199e-01 2.690991132372597576e+02
4.239239239239239176e-01 2.690788090743106977e+02
4.247997997997998154e-01 2.690585049113615810e+02
4.256756756756756577e-01 2.690382007484124642e+02
4.265515515515515554e-01 2.690178965854634043e+02
4.274274274274273977e-01 2.689975924225142876e+02
4.283033033033032955e-01 2.689772882595651708e+02
4.291791791791791932e-01 2.689563793781957202e+02
4.300550550550550355e-01 2.689352761381848040e+02
4.309309309309309333e-01 2.689141728981738879e+02
4.318068068068067755e-01 2.688930696581629718e+02
4.326826826826826733e-01 2.688719664181520557e+02
4.335585585585585711e-01 2.688508631781411395e+02
4.344344344344344133e-01 2.688283612769846513e+02
4.353103103103103111e-01 2.688051493979003226e+02
4.361861861861862089e-01 2.687819375188159370e+02
4.370620620620620511e-01 2.687587256397316651e+02
4.379379379379379489e-01 2.687355137606473363e+02
4.388138138138137911e-01 2.687123018815629507e+02
4.396896896896896889e-01 2.686890900024786788e+02
4.405655655655655867e-01 2.686658781233942932e+02
4.414414414414414289e-01 2.686426662443099076e+02
4.423173173173173267e-01 2.686194543652256357e+02
4.431931931931931690e-01 2.685962424861413069e+02
4.440690690690690667e-01 2.685730306070569213e+02
4.449449449449449645e-01 2.685498187279725926e+02
4.458208208208208068e-01 2.685266068488882638e+02
4.466966966966967045e-01 2.685033949698039351e+02
4.475725725725725468e-01 2.684801830907196063e+02
4.484484484484484446e-01 2.684569712116352775e+02
4.493243243243243423e-01 2.684337593325508919e+02
4.502002002002001846e-01 2.684105474534666200e+02
4.510760760760760824e-01 2.683873355743822344e+02
4.519519519519519246e-01 2.683634253327197712e+02
4.528278278278278224e-01 2.683391446552103048e+02
4.537037037037037202e-01 2.683148639777007816e+02
4.545795795795795624e-01 2.682905833001913152e+02
4.554554554554554602e-01 2.682663026226818488e+02
4.563313313313313024e-01 2.682420219451723824e+02
4.572072072072072002e-01 2.682177412676629160e+02
4.580830830830830980e-01 2.681934605901533928e+02
4.589589589589589402e-01 2.681691799126439264e+02
4.598348348348348380e-01 2.681448992351344600e+02
4.607107107107106803e-01 2.681206185576249368e+02
4.615865865865865780e-01 2.680963378801154704e+02
4.624624624624624758e-01 2.680720572026059472e+02
4.633383383383383181e-01 2.680477765250965376e+02
4.642142142142142158e-01 2.680234958475870144e+02
4.650900900900901136e-01 2.679992151700774912e+02
4.659659659659659559e-01 2.679749344925680816e+02
4.668418418418418536e-01 2.679506538150585584e+02
4.677177177177176959e-01 2.679263731375490920e+02
4.685935935935935936e-01 2.679013034677026326e+02
4.694694694694694914e-01 2.678757735208870372e+02
4.703453453453453337e-01 2.678502435740714986e+02
4.712212212212212314e-01 2.678247136272559601e+02
4.720970970970970737e-01 2.677991836804403647e+02
4.729729729729729715e-01 2.677737211077359234e+02
4.738488488488488692e-01 2.677482908185443762e+02
4.747247247247247115e-01 2.677228605293528290e+02
4.756006006006006093e-01 2.676974302401613386e+02
4.764764764764764515e-01 2.676719999509697345e+02
4.773523523523523493e-01 2.676465696617782442e+02
4.782282282282282471e-01 2.676211393725866969e+02
4.791041041041040893e-01 2.675957090833951497e+02
4.799799799799799871e-01 2.675701766112186988e+02
4.808558558558558294e-01 2.675445848093143013e+02
4.817317317317317271e-01 2.675189930074099038e+02
4.826076076076076249e-01 2.674934012055055064e+02
4.834834834834834671e-01 2.674678094036011089e+02
4.843593593593593649e-01 2.674422176016967114e+02
4.852352352352352072e-01 2.674166257997923140e+02
4.861111111111111049e-01 2.673910339978879165e+02
4.869869869869870027e-01 2.673624678755204513e+02
4.878628628628628450e-01 2.673333641965070910e+02
4.887387387387387427e-01 2.673042605174937307e+02
4.896146146146145850e-01 2.672751568384803704e+02
4.904904904904904828e-01 2.672460531594670670e+02
4.913663663663663805e-01 2.672169494804537635e+02
4.922422422422422228e-01 2.671878458014404032e+02
4.931181181181181206e-01 2.671587421224270997e+02
4.939939939939939628e-01 2.671296384434137394e+02
4.948698698698698606e-01 2.671005347644004360e+02
4.957457457457457584e-01 2.670714310853870757e+02
4.966216216216216006e-01 2.670423274063737153e+02
4.974974974974974984e-01 2.670132237273604119e+02
4.983733733733733962e-01 2.669843648324212495e+02
4.992492492492492384e-01 2.669555534221046855e+02
5.001251251251250807e-01 2.669267420117881784e+02
5.010010010010009784e-01 2.668979306014716144e+02
5.018768768768768762e-01 2.668691191911550504e+02
5.027527527527527740e-01 2.668403077808385433e+02
5.036286286286286717e-01 2.668114963705220362e+02
5.045045045045044585e-01 2.667826849602055290e+02
5.053803803803803563e-01 2.667538735498889650e+02
5.062562562562562540e-01 2.667250421660735924e+02
5.071321321321321518e-01 2.666938179072520825e+02
5.080080080080080496e-01 2.666603925937761232e+02
5.088838838838838363e-01 2.666254456564738007e+02
5.097597597597597341e-01 2.665904987191714213e+02
5.106356356356356319e-01 2.665555517818690419e+02
5.115115115115115296e-01 2.665206048445667193e+02
5.123873873873874274e-01 2.664856579072643399e+02
5.132632632632632141e-01 2.664507109699619605e+02
5.141391391391391119e-01 2.664157640326596379e+02
5.150150150150150097e-01 2.663816432460478723e+02
5.158908908908909074e-01 2.663475517264772066e+02
5.167667667667668052e-01 2.663134602069065409e+02
5.176426426426425920e-01 2.662793686873359320e+02
5.185185185185184897e-01 2.662452771677652663e+02
5.193943943943943875e-01 2.662111856481946006e+02
5.202702702702702853e-01 2.661770941286239349e+02
5.211461461461461830e-01 2.661430026090533261e+02
5.220220220220219698e-01 2.661089110894827172e+02
5.228978978978978676e-01 2.660748195699120515e+02
5.237737737737737653e-01 2.660407280503414427e+02
5.246496496496496631e-01 2.660066365307707201e+02
5.255255255255255609e-01 2.659725450112001113e+02
5.264014014014013476e-01 2.659384534916295024e+02
5.272772772772772454e-01 2.659043619720587799e+02
5.281531531531531432e-01 2.658702806361579860e+02
5.290290290290290409e-01 2.658362004475803815e+02
5.299049049049049387e-01 2.658021202590028906e+02
5.307807807807807254e-01 2.657680400704253998e+02
5.316566566566566232e-01 2.657339598818477953e+02
5.325325325325325210e-01 2.656998796932703044e+02
5.334084084084084187e-01 2.656657995046927567e+02
5.342842842842843165e-01 2.656317193161152659e+02
5.351601601601601033e-01 2.655968678485830310e+02
5.360360360360360010e-01 2.655615640580973036e+02
5.369119119119118988e-01 2.655257073390365576e+02
5.377877877877877966e-01 2.654891914216456712e+02
5.386636636636636943e-01 2.654526755042547848e+02
5.395395395395394811e-01 2.654161595868638983e+02
5.404154154154153789e-01 2.653796436694730119e+02
5.412912912912912766e-01 2.653431277520821254e+02
5.421671671671671744e-01 2.653066118346912390e+02
5.430430430430430722e-01 2.652700959173004094e+02
5.439189189189188589e-01 2.652335799999095229e+02
5.447947947947947567e-01 2.651970640825186365e+02
5.456706706706706544e-01 2.651605481651277501e+02
5.465465465465465522e-01 2.651240322477368636e+02
5.474224224224224500e-01 2.650868018764431326e+02
5.482982982982983478e-01 2.650491192533858111e+02
5.491741741741741345e-01 2.650114366303284896e+02
5.500500500500500323e-01 2.649737540072711681e+02
5.509259259259259300e-01 2.649360713842139035e+02
5.518018018018018278e-01 2.648983887611565819e+02
5.526776776776777256e-01 2.648607061380992604e+02
5.535535535535535123e-01 2.648230235150419389e+02
5.544294294294294101e-01 2.647853408919846174e+02
5.553053053053053079e-01 2.647476582689273528e+02
5.561811811811812056e-01 2.647093345827882445e+02
5.570570570570571034e-01 2.646708854273089173e+02
5.579329329329328901e-01 2.646324362718295902e+02
5.588088088088087879e-01 2.645939871163503199e+02
5.596846846846846857e-01 2.645555379608709927e+02
5.605605605605605835e-01 2.645170888053916656e+02
5.614364364364364812e-01 2.644786396499123384e+02
5.623123123123122680e-01 2.644401904944330681e+02
5.631881881881881657e-01 2.644017413389537410e+02
5.640640640640640635e-01 2.643632921834744138e+02
5.649399399399399613e-01 2.643248430279951435e+02
5.658158158158158590e-01 2.642860627676633953e+02
5.666916916916916458e-01 2.642459357375815898e+02
5.675675675675675436e-01 2.642058087074997275e+02
5.684434434434434413e-01 2.641664773069398962e+02
5.693193193193193391e-01 2.641272060298386464e+02
5.701951951951952369e-01 2.640875764434101143e+02
5.710710710710710236e-01 2.640475258430897156e+02
5.719469469469469214e-01 2.640074752427693170e+02
5.728228228228228192e-01 2.639674246424488615e+02
5.736986986986987169e-01 2.639273740421284629e+02
5.745745745745746147e-01 2.638873234418080642e+02
5.754504504504504014e-01 2.638472728414876656e+02
5.763263263263262992e-01 2.638072222411672669e+02
5.772022022022021970e-01 2.637671716408468114e+02
5.780780780780780947e-01 2.637271210405264128e+02
5.789539539539539925e-01 2.636870704402060142e+02
5.798298298298297793e-01 2.636470198398855587e+02
5.807057057057056770e-01 2.636069692395651600e+02
5.815815815815815748e-01 2.635669186392447614e+02
5.824574574574574726e-01 2.635268680389243627e+02
5.833333333333333703e-01 2.634868174386039072e+02
5.842092092092091571e-01 2.634467668382835086e+02
5.850850850850850549e-01 2.634058357487112971e+02
5.859609609609609526e-01 2.633644108945359221e+02
5.868368368368368504e-01 2.633229860403605471e+02
5.877127127127127482e-01 2.632815611861851153e+02
5.885885885885885349e-01 2.632401363320097403e+02
5.894644644644644327e-01 2.631987114778343084e+02
5.903403403403403304e-01 2.631572866236589334e+02
5.912162162162162282e-01 2.631158617694835584e+02
5.920920920920921260e-01 2.630744369153081834e+02
5.929679679679679127e-01 2.630330120611327516e+02
5.938438438438438105e-01 2.629915872069573766e+02
5.947197197197197083e-01 2.629501623527820016e+02
5.955955955955956060e-01 2.629087374986066266e+02
5.964714714714715038e-01 2.628673126444311947e+02
5.973473473473472906e-01 2.628258877902558197e+02
5.982232232232231883e-01 2.627843546027407911e+02
5.990990990990990861e-01 2.627409399854679464e+02
5.999749749749749839e-01 2.626975253681951017e+02
6.008508508508508816e-01 2.626541107509223139e+02
6.017267267267266684e-01 2.626106961336495260e+02
6.026026026026025662e-01 2.625672815163766813e+02
6.034784784784784639e-01 2.625238668991038367e+02
6.043543543543543617e-01 2.624804522818310488e+02
6.052302302302302595e-01 2.624370376645581473e+02
6.061061061061060462e-01 2.623961054184260888e+02
6.069819819819819440e-01 2.623562213356199209e+02
6.078578578578578417e-01 2.623163372528137529e+02
6.087337337337337395e-01 2.622764531700076418e+02
6.096096096096096373e-01 2.622365690872014738e+02
6.104854854854855351e-01 2.621966850043953059e+02
6.113613613613613218e-01 2.621541147590107812e+02
6.122372372372372196e-01 2.621108388885025988e+02
6.131131131131131173e-01 2.620675630179944164e+02
6.139889889889890151e-01 2.620242871474862341e+02
6.148648648648649129e-01 2.619789845095642136e+02
6.157407407407406996e-01 2.619332559592911593e+02
6.166166166166165974e-01 2.618875274090181051e+02
6.174924924924924952e-01 2.618417988587450509e+02
6.183683683683683929e-01 2.617960703084719967e+02
6.192442442442442907e-01 2.617507252357383436e+02
6.201201201201200774e-01 2.617059722187163970e+02
6.209959959959959752e-01 2.616612192016945073e+02
6.218718718718718730e-01 2.616164661846725608e+02
6.227477477477477708e-01 2.615717131676506142e+02
6.236236236236236685e-01 2.615269601506286676e+02
6.244994994994994553e-01 2.614822071336067211e+02
6.253753753753753530e-01 2.614374541165847745e+02
6.262512512512512508e-01 2.613927010995628279e+02
6.271271271271271486e-01 2.613479480825408814e+02
6.280030030030030463e-01 2.613031950655189348e+02
6.288788788788788331e-01 2.612584420484969883e+02
6.297547547547547309e-01 2.612136890314750417e+02
6.306306306306306286e-01 2.611689360144530951e+02
6.315065065065065264e-01 2.611241829974311486e+02
6.323823823823824242e-01 2.610794299804092020e+02
6.332582582582582109e-01 2.610337111531039795e+02
6.341341341341341087e-01 2.609874786949456507e+02
6.350100100100100065e-01 2.609412462367873786e+02
6.358858858858859042e-01 2.608950137786290497e+02
6.367617617617618020e-01 2.608487813204707777e+02
6.376376376376375887e-01 2.608025488623124488e+02
6.385135135135134865e-01 2.607563164041541768e+02
6.393893893893893843e-01 2.607100839459959047e+02
6.402652652652652820e-01 2.606638514878375759e+02
6.411411411411411798e-01 2.606175819519235688e+02
6.420170170170169666e-01 2.605724982539470602e+02
6.428928928928928643e-01 2.605278932418021896e+02
6.437687687687687621e-01 2.604830731995714359e+02
6.446446446446446599e-01 2.604381897143223910e+02
6.455205205205205576e-01 2.603933062290734597e+02
6.463963963963963444e-01 2.603484227438244147e+02
6.472722722722722422e-01 2.603035392585754835e+02
6.481481481481481399e-01 2.602586557733264954e+02
6.490240240240240377e-01 2.602137722880774504e+02
6.498998998998999355e-01 2.601688888028284623e+02
6.507757757757757222e-01 2.601240053175794742e+02
6.516516516516516200e-01 2.600791218323304861e+02
6.525275275275275177e-01 2.600342383470814980e+02
6.534034034034034155e-01 2.599893548618325099e+02
6.542792792792793133e-01 2.599444713765834649e+02
6.551551551551551000e-01 2.598992293099839799e+02
6.560310310310309978e-01 2.598529502811401812e+02
6.569069069069068956e-01 2.598066712522964394e+02
6.577827827827827933e-01 2.597603922234526408e+02
6.586586586586586911e-01 2.597141131946088990e+02
6.595345345345344779e-01 2.596677217067631886e+02
6.604104104104103756e-01 2.596204945149552259e+02
6.612862862862862734e-01 2.595732673231472063e+02
6.621621621621621712e-01 2.595268486977873295e+02
6.630380380380380689e-01 2.594823656203904534e+02
6.639139139139138557e-01 2.594373182336351533e+02
6.647897897897897534e-01 2.593916790215910169e+02
6.656656656656656512e-01 2.593460398095469941e+02
6.665415415415415490e-01 2.592948871969056199e+02
6.674174174174174468e-01 2.592428129001701791e+02
6.682932932932932335e-01 2.591907386034347383e+02
6.691691691691691313e-01 2.591386643066992974e+02
6.700450450450450290e-01 2.590865900099638566e+02
6.709209209209209268e-01 2.590349990594037308e+02
6.717967967967968246e-01 2.589835870548837988e+02
6.726726726726726113e-01 2.589321750503638668e+02
6.735485485485485091e-01 2.588807630458438780e+02
6.744244244244244069e-01 2.588293510413238891e+02
6.753003003003003046e-01 2.587780835429479680e+02
6.761761761761762024e-01 2.587269128315152784e+02
6.770520520520521002e-01 2.586757421200825320e+02
6.779279279279278869e-01 2.586245714086498424e+02
6.788038038038037847e-01 2.585734006972171528e+02
6.796796796796796825e-01 2.585222299857844064e+02
6.805555555555555802e-01 2.584710592743517168e+02
6.814314314314314780e-01 2.584198885629190272e+02
6.823073073073072647e-01 2.583687178514862808e+02
6.831831831831831625e-01 2.583175471400535912e+02
6.840590590590590603e-01 2.582663764286209016e+02
6.849349349349349581e-01 2.582152057171882120e+02
6.858108108108108558e-01 2.581640350057555224e+02
6.866866866866866426e-01 2.581128642943227760e+02
6.875625625625625403e-01 2.580616935828900864e+02
6.884384384384384381e-01 2.580105228714573968e+02
6.893143143143143359e-01 2.579593521600246504e+02
6.901901901901902336e-01 2.579081814485920177e+02
6.910660660660660204e-01 2.578585686787329223e+02
6.919419419419419182e-01 2.578089794432602275e+02
6.928178178178178159e-01 2.577593902077874759e+02
6.936936936936937137e-01 2.577098009723147811e+02
6.945695695695696115e-01 2.576602117368420295e+02
6.954454454454453982e-01 2.576102623186570781e+02
6.963213213213212960e-01 2.575586268894282966e+02
6.971971971971971938e-01 2.575069914601994583e+02
6.980730730730730915e-01 2.574553560309706199e+02
6.989489489489489893e-01 2.574037206017418384e+02
6.998248248248247760e-01 2.573520851725130569e+02
7.007007007007006738e-01 2.573004497432842754e+02
7.015765765765765716e-01 2.572488143140554371e+02
7.024524524524524693e-01 2.571971788848265987e+02
7.033283283283283671e-01 2.571455434555978172e+02
7.042042042042041539e-01 2.570939080263690357e+02
7.050800800800800516e-01 2.570422133289386579e+02
7.059559559559559494e-01 2.569905017177517834e+02
7.068318318318318472e-01 2.569387901065648521e+02
7.077077077077077449e-01 2.568870784953779776e+02
7.085835835835835317e-01 2.568353668841911031e+02
7.094594594594594295e-01 2.567836552730042285e+02
7.103353353353353272e-01 2.567319436618172972e+02
7.112112112112112250e-01 2.566802320506303658e+02
7.120870870870871228e-01 2.566274316898109191e+02
7.129629629629629095e-01 2.565742888867339389e+02
7.138388388388388073e-01 2.565211460836570154e+02
7.147147147147147050e-01 2.564680032805800352e+02
7.155905905905906028e-01 2.564148604775030549e+02
7.164664664664665006e-01 2.563617176744260746e+02
7.173423423423422873e-01 2.563085748713491512e+02
7.182182182182181851e-01 2.562554320682721709e+02
7.190940940940940829e-01 2.562022892651951906e+02
7.199699699699699806e-01 2.561491464621182104e+02
7.208458458458458784e-01 2.560960036590412301e+02
7.217217217217216652e-01 2.560428608559642498e+02
7.225975975975975629e-01 2.559897180528873264e+02
7.234734734734734607e-01 2.559365752498103461e+02
7.243493493493493585e-01 2.558834324467333659e+02
7.252252252252252562e-01 2.558302896436563856e+02
7.261011011011010430e-01 2.557771468405794622e+02
7.269769769769769407e-01 2.557240040375024819e+02
7.278528528528528385e-01 2.556708612344255016e+02
7.287287287287287363e-01 2.556177184313485213e+02
7.296046046046046341e-01 2.555644419567643979e+02
7.304804804804804208e-01 2.555104149101014457e+02
7.313563563563563186e-01 2.554560661421562315e+02
7.322322322322322163e-01 2.553994443559606395e+02
7.331081081081081141e-01 2.553424048755606464e+02
7.339839839839840119e-01 2.552800600762477075e+02
7.348598598598597986e-01 2.552214707058111856e+02
7.357357357357356964e-01 2.551628813353746352e+02
7.366116116116115942e-01 2.551044015562086997e+02
7.374874874874874919e-01 2.550475953906216091e+02
7.383633633633633897e-01 2.549907892250346038e+02
7.392392392392392875e-01 2.549339830594474847e+02
7.401151151151150742e-01 2.548771768938604509e+02
7.409909909909909720e-01 2.548203707282734172e+02
7.418668668668668698e-01 2.547635645626863550e+02
7.427427427427427675e-01 2.547067583970992928e+02
7.436186186186186653e-01 2.546499522315122306e+02
7.444944944944944520e-01 2.545931460659251968e+02
7.453703703703703498e-01 2.545363399003381346e+02
7.462462462462462476e-01 2.544795337347510724e+02
7.471221221221221453e-01 2.544227275691640102e+02
7.479979979979980431e-01 2.543659214035769196e+02
7.488738738738738299e-01 2.543091152379898858e+02
7.497497497497497276e-01 2.542523090724028236e+02
7.506256256256256254e-01 2.541955029068157614e+02
7.515015015015015232e-01 2.541398597600095854e+02
7.523773773773774209e-01 2.540905319794416641e+02
7.532532532532532077e-01 2.540395107416326255e+02
7.541291291291291055e-01 2.539864555122123022e+02
7.550050050050050032e-01 2.539334002827919790e+02
7.558808808808809010e-01 2.538803450533716557e+02
7.567567567567567988e-01 2.538272898239513040e+02
7.576326326326325855e-01 2.537742345945309808e+02
7.585085085085084833e-01 2.537211793651107143e+02
7.593843843843843811e-01 2.536661617634323420e+02
7.602602602602602788e-01 2.536110042104776312e+02
7.611361361361361766e-01 2.535565622049234662e+02
7.620120120120119633e-01 2.535033388248022561e+02
7.628878878878878611e-01 2.534501154446810176e+02
7.637637637637637589e-01 2.533968920645598359e+02
7.646396396396396566e-01 2.533436686844386259e+02
7.655155155155155544e-01 2.532904453043174158e+02
7.663913913913913412e-01 2.532372219241962057e+02
7.672672672672672389e-01 2.531839985440749956e+02
7.681431431431431367e-01 2.531307751639537855e+02
7.690190190190190345e-01 2.530775517838326323e+02
7.698948948948949322e-01 2.530243284037113938e+02
7.707707707707707190e-01 2.529711050235901837e+02
7.716466466466466168e-01 2.529178816434690020e+02
7.725225225225225145e-01 2.528646582633477919e+02
7.733983983983984123e-01 2.528114348832265250e+02
7.742742742742743101e-01 2.527582115031053718e+02
7.751501501501500968e-01 2.527043641086593766e+02
7.760260260260259946e-01 2.526490863650223275e+02
7.769019019019018923e-01 2.525938086213852216e+02
7.777777777777777901e-01 2.525385308777481725e+02
7.786536536536536879e-01 2.524832531341110666e+02
7.795295295295294746e-01 2.524279753904739891e+02
7.804054054054053724e-01 2.523726976468369116e+02
7.812812812812812702e-01 2.523174199031998342e+02
7.821571571571571679e-01 2.522619975140639781e+02
7.830330330330330657e-01 2.522063341128653917e+02
7.839089089089088525e-01 2.521506707116668338e+02
7.847847847847847502e-01 2.520950073104682190e+02
7.856606606606606480e-01 2.520391073105737121e+02
7.865365365365365458e-01 2.519828608787795474e+02
7.874124124124124435e-01 2.519266144469853543e+02
7.882882882882882303e-01 2.518703680151911328e+02
7.891641641641641280e-01 2.518141215833969682e+02
7.900400400400400258e-01 2.517578751516028035e+02
7.909159159159159236e-01 2.517016287198086388e+02
7.917917917917918214e-01 2.516445211418057113e+02
7.926676676676676081e-01 2.515868358977283776e+02
7.935435435435435059e-01 2.515291506536510155e+02
7.944194194194194036e-01 2.514714654095736535e+02
7.952952952952953014e-01 2.514137801654962914e+02
7.961711711711711992e-01 2.513560949214189577e+02
7.970470470470469859e-01 2.512984096773415956e+02
7.979229229229228837e-01 2.512407244332642335e+02
7.987987987987987815e-01 2.511830391891868430e+02
7.996746746746746792e-01 2.511253539451095094e+02
8.005505505505505770e-01 2.510676687010321757e+02
8.014264264264264748e-01 2.510099196144392408e+02
8.023023023023022615e-01 2.509520993383813448e+02
8.031781781781781593e-01 2.508942790623233918e+02
8.040540540540540571e-01 2.508377397401525286e+02
8.049299299299299548e-01 2.507812398045041391e+02
8.058058058058058526e-01 2.507247398688556643e+02
8.066816816816816393e-01 2.506682399332073032e+02
8.075575575575575371e-01 2.506117399975588853e+02
8.084334334334334349e-01 2.505552400619104958e+02
8.093093093093093326e-01 2.504982130086688699e+02
8.101851851851852304e-01 2.504404855526346410e+02
8.110610610610610172e-01 2.503827580966004689e+02
8.119369369369369149e-01 2.503250306405662116e+02
8.128128128128128127e-01 2.502673031845320111e+02
8.136886886886887105e-01 2.502095757284977822e+02
8.145645645645646082e-01 2.501518482724635817e+02
8.154404404404403950e-01 2.500941208164293528e+02
8.163163163163162928e-01 2.500363933603951807e+02
8.171921921921921905e-01 2.499786659043609234e+02
8.180680680680680883e-01 2.499209384483266945e+02
8.189439439439439861e-01 2.498632109922925224e+02
8.198198198198197728e-01 2.498054835362582935e+02
8.206956956956956706e-01 2.497477560802240646e+02
8.215715715715715683e-01 2.496900286241898641e+02
8.224474474474474661e-01 2.496323011681556352e+02
8.233233233233233639e-01 2.495745737121214347e+02
8.241991991991991506e-01 2.495168462560872342e+02
8.250750750750750484e-01 2.494595735913949284e+02
8.259509509509509462e-01 2.494056488636203142e+02
8.268268268268268439e-01 2.493517241358456715e+02
8.277027027027027417e-01 2.492977994080710289e+02
8.285785785785785285e-01 2.492438746802963863e+02
8.294544544544544262e-01 2.491827345187252831e+02
8.303303303303303240e-01 2.491214488284900881e+02
8.312062062062062218e-01 2.490601631382548646e+02
8.320820820820821195e-01 2.490005825776752602e+02
8.329579579579579063e-01 2.489412973082669396e+02
8.338338338338338041e-01 2.488821871157676355e+02
8.347097097097097018e-01 2.488231137578785592e+02
8.355855855855855996e-01 2.487640403999895398e+02
8.364614614614614974e-01 2.487049670421004635e+02
8.373373373373372841e-01 2.486458936842114156e+02
8.382132132132131819e-01 2.485868203263223108e+02
8.390890890890890796e-01 2.485277469684332914e+02
8.399649649649649774e-01 2.484686736105442435e+02
8.408408408408408752e-01 2.484090797508302160e+02
8.417167167167166619e-01 2.483490872510991210e+02
8.425925925925925597e-01 2.482890947513679976e+02
8.434684684684684575e-01 2.482289046169969424e+02
8.443443443443443552e-01 2.481683285146563662e+02
8.452202202202202530e-01 2.481077524123156763e+02
8.460960960960960398e-01 2.480471763099751001e+02
8.469719719719719375e-01 2.479866002076344955e+02
8.478478478478478353e-01 2.479260241052938909e+02
8.487237237237237331e-01 2.478654480029532863e+02
8.495995995995996308e-01 2.478048719006126817e+02
8.504754754754754176e-01 2.477442957982720770e+02
8.513513513513513153e-01 2.476837196959314440e+02
8.522272272272272131e-01 2.476231435935908394e+02
8.531031031031031109e-01 2.475655674024377788e+02
8.539789789789790087e-01 2.475086450821904691e+02
8.548548548548547954e-01 2.474517227619431878e+02
8.557307307307306932e-01 2.473948004416958497e+02
8.566066066066065909e-01 2.473378781214485400e+02
8.574824824824824887e-01 2.472809563592357733e+02
8.583583583583583865e-01 2.472240358139231944e+02
8.592342342342341732e-01 2.471671152686107007e+02
8.601101101101100710e-01 2.471101947232981502e+02
8.609859859859859688e-01 2.470536828829306160e+02
8.618618618618618665e-01 2.469972027027474155e+02
8.627377377377377643e-01 2.469407225225642719e+02
8.636136136136135510e-01 2.468842423423811283e+02
8.644894894894894488e-01 2.468277621621979563e+02
8.653653653653653466e-01 2.467712819820147843e+02
8.662412412412412444e-01 2.467148018018316407e+02
8.671171171171171421e-01 2.466583216216484402e+02
8.679929929929930399e-01 2.466018414414652966e+02
8.688688688688688266e-01 2.465453612612821246e+02
8.697447447447447244e-01 2.464888810810989526e+02
8.706206206206206222e-01 2.464324009009158090e+02
8.714964964964965199e-01 2.463759207207326369e+02
8.723723723723724177e-01 2.463194405405495218e+02
8.732482482482482045e-01 2.462629603603663213e+02
8.741241241241241022e-01 2.462064801801831777e+02
8.750000000000000000e-01 2.461499999999999773e+02
