LineProbe
number of points: 1000 (fixed)
point 0: [0. 0. 0.]
point 1: [0.1023 0.     0.    ]
-----

# T 1000
0.000000000000000000e+00 2.650154303026611160e+02
1.024024024024024014e-04 2.650167013639947413e+02
2.048048048048048029e-04 2.650179724253282529e+02
3.072072072072072179e-04 2.650192434866618783e+02
4.096096096096096058e-04 2.650205145479954467e+02
5.120120120120119937e-04 2.650217856093290720e+02
6.144144144144144358e-04 2.650230566706626405e+02
7.168168168168167695e-04 2.650243277319962658e+02
8.192192192192192116e-04 2.650255987933298911e+02
9.216216216216216537e-04 2.650268698546634596e+02
1.024024024024023987e-03 2.650281409159970849e+02
1.126426426426426321e-03 2.650294119773306534e+02
1.228828828828828872e-03 2.650306830386642787e+02
1.331231231231231205e-03 2.650319540999978472e+02
1.433633633633633539e-03 2.650332251613314725e+02
1.536036036036036089e-03 2.650344962226650409e+02
1.638438438438438423e-03 2.650357672839986662e+02
1.740840840840840757e-03 2.650370383453322347e+02
1.843243243243243307e-03 2.650383094066658032e+02
1.945645645645645641e-03 2.650395804679994285e+02
2.048048048048047975e-03 2.650408515293330538e+02
2.150450450450450308e-03 2.650421225906666223e+02
2.252852852852852642e-03 2.650433936520002476e+02
2.355255255255255410e-03 2.650446767905131651e+02
2.457657657657657743e-03 2.650459761593887151e+02
2.560060060060060077e-03 2.650472755282642652e+02
2.662462462462462411e-03 2.650485748971397584e+02
2.764864864864864744e-03 2.650498742660153084e+02
2.867267267267267078e-03 2.650511736348908016e+02
2.969669669669669845e-03 2.650524730037663517e+02
3.072072072072072179e-03 2.650537723726419017e+02
3.174474474474474513e-03 2.650550717415173949e+02
3.276876876876876846e-03 2.650563711103929450e+02
3.379279279279279180e-03 2.650576704792684950e+02
3.481681681681681514e-03 2.650589698481439882e+02
3.584084084084083847e-03 2.650602692170195382e+02
3.686486486486486615e-03 2.650615685858950314e+02
3.788888888888888948e-03 2.650628679547705815e+02
3.891291291291291282e-03 2.650641673236461315e+02
3.993693693693694050e-03 2.650654666925216816e+02
4.096096096096095950e-03 2.650667702552913170e+02
4.198498498498498717e-03 2.650680763708667200e+02
4.300900900900900617e-03 2.650693824864421231e+02
4.403303303303303384e-03 2.650706886020175261e+02
4.505705705705705284e-03 2.650719947175929292e+02
4.608108108108108052e-03 2.650733008331683322e+02
4.710510510510510819e-03 2.650745440667515140e+02
4.812912912912912719e-03 2.650757777324825497e+02
4.915315315315315486e-03 2.650766042311564661e+02
5.017717717717717386e-03 2.650767044717758267e+02
5.120120120120120154e-03 2.650768047123951874e+02
5.222522522522522054e-03 2.650769049530144912e+02
5.324924924924924821e-03 2.650770051936339087e+02
5.427327327327327589e-03 2.650771054342532125e+02
5.529729729729729489e-03 2.650772056748725731e+02
5.632132132132132256e-03 2.650773059154919338e+02
5.734534534534534156e-03 2.650776015486998745e+02
5.836936936936936923e-03 2.650779509998318417e+02
5.939339339339339691e-03 2.650783004509637522e+02
6.041741741741741591e-03 2.650786499020957763e+02
6.144144144144144358e-03 2.650789993532276867e+02
6.246546546546546258e-03 2.650793488043596540e+02
6.348948948948949025e-03 2.650796982554916212e+02
6.451351351351350925e-03 2.650800477066235317e+02
6.553753753753753693e-03 2.650803971577554989e+02
6.656156156156156460e-03 2.650807466088874662e+02
6.758558558558558360e-03 2.650810960600193766e+02
6.860960960960961127e-03 2.650814455111513439e+02
6.963363363363363027e-03 2.650817949622833112e+02
7.065765765765765795e-03 2.650821444134152784e+02
7.168168168168167695e-03 2.650824938645472457e+02
7.270570570570570462e-03 2.650828433156792130e+02
7.372972972972973230e-03 2.650831927668111234e+02
7.475375375375375130e-03 2.650835422179430907e+02
7.577777777777777897e-03 2.650838916690750011e+02
7.680180180180179797e-03 2.650842411202069684e+02
7.782582582582582564e-03 2.650845905713389357e+02
7.884984984984985332e-03 2.650849400224708461e+02
7.987387387387388099e-03 2.650852894736028702e+02
8.089789789789789132e-03 2.650856389247347806e+02
8.192192192192191899e-03 2.650859883758668047e+02
8.294594594594594666e-03 2.650863378269987152e+02
8.396996996996997434e-03 2.650866872781306256e+02
8.499399399399398466e-03 2.650870367292625929e+02
8.601801801801801234e-03 2.650873861803945601e+02
8.704204204204204001e-03 2.650877356315265274e+02
8.806606606606606769e-03 2.650880850826584378e+02
8.909009009009009536e-03 2.650884345337904051e+02
9.011411411411410569e-03 2.650886644419245499e+02
9.113813813813813336e-03 2.650877569491200916e+02
9.216216216216216103e-03 2.650868494563156901e+02
9.318618618618618871e-03 2.650859419635112317e+02
9.421021021021021638e-03 2.650850344707067734e+02
9.523423423423422671e-03 2.650841269779023719e+02
9.625825825825825438e-03 2.650832194850979135e+02
9.728228228228228205e-03 2.650823119922935120e+02
9.830630630630630973e-03 2.650814044994890537e+02
9.933033033033033740e-03 2.650804970066845954e+02
1.003543543543543477e-02 2.650795895138801939e+02
1.013783783783783754e-02 2.650786820210757924e+02
1.024024024024024031e-02 2.650777745282713340e+02
1.034264264264264307e-02 2.650768670354668757e+02
1.044504504504504411e-02 2.650759595426624742e+02
1.054744744744744687e-02 2.650750520498580158e+02
1.064984984984984964e-02 2.650741445570535575e+02
1.075225225225225241e-02 2.650732370642491560e+02
1.085465465465465518e-02 2.650723295714446976e+02
1.095705705705705621e-02 2.650714220786402961e+02
1.105945945945945898e-02 2.650705145858358378e+02
1.116186186186186174e-02 2.650696070930313795e+02
1.126426426426426451e-02 2.650686996002269780e+02
1.136666666666666728e-02 2.650677921074225196e+02
1.146906906906906831e-02 2.650668846146180613e+02
1.157147147147147108e-02 2.650659771218137166e+02
1.167387387387387385e-02 2.650650696290092583e+02
1.177627627627627661e-02 2.650641621362047999e+02
1.187867867867867938e-02 2.650632546434003416e+02
1.198108108108108041e-02 2.650623471505959401e+02
1.208348348348348318e-02 2.650614396577914817e+02
1.218588588588588595e-02 2.650605321649870803e+02
1.228828828828828872e-02 2.650596246721826219e+02
1.239069069069068975e-02 2.650587171793781636e+02
1.249309309309309252e-02 2.650576838129928205e+02
1.259549549549549528e-02 2.650565563302768624e+02
1.269789789789789805e-02 2.650548495746642175e+02
1.280030030030030082e-02 2.650530294220801579e+02
1.290270270270270185e-02 2.650512269368607576e+02
1.300510510510510462e-02 2.650495221649487121e+02
1.310750750750750739e-02 2.650478173930367234e+02
1.320990990990991015e-02 2.650461126211247915e+02
1.331231231231231292e-02 2.650444078492127460e+02
1.341471471471471395e-02 2.650427030773007573e+02
1.351711711711711672e-02 2.650409983053887686e+02
1.361951951951951949e-02 2.650392935334767799e+02
1.372192192192192225e-02 2.650375887615647912e+02
1.382432432432432502e-02 2.650358839896527456e+02
1.392672672672672605e-02 2.650341792177407569e+02
1.402912912912912882e-02 2.650324744458287682e+02
1.413153153153153159e-02 2.650307696739167227e+02
1.423393393393393436e-02 2.650290649020047908e+02
1.433633633633633539e-02 2.650273601300928021e+02
1.443873873873873816e-02 2.650256553581807566e+02
1.454114114114114092e-02 2.650239505862688247e+02
1.464354354354354369e-02 2.650222458143567792e+02
1.474594594594594646e-02 2.650205410424447905e+02
1.484834834834834749e-02 2.650188362705328018e+02
1.495075075075075026e-02 2.650171314986208131e+02
1.505315315315315303e-02 2.650154267267088244e+02
1.515555555555555579e-02 2.650137219547968357e+02
1.525795795795795856e-02 2.650120171828848470e+02
1.536036036036035959e-02 2.650103124109728014e+02
1.546276276276276236e-02 2.650086076390608127e+02
1.556516516516516513e-02 2.650069028671488240e+02
1.566756756756756616e-02 2.650051980952368353e+02
1.576996996996997066e-02 2.650027758673130620e+02
1.587237237237237170e-02 2.650002784051176832e+02
1.597477477477477620e-02 2.649977809429223043e+02
1.607717717717717723e-02 2.649952834807268687e+02
1.617957957957957826e-02 2.649927860185314898e+02
1.628198198198198277e-02 2.649902885563361110e+02
1.638438438438438380e-02 2.649877910941406753e+02
1.648678678678678830e-02 2.649852936319452965e+02
1.658918918918918933e-02 2.649827961697499177e+02
1.669159159159159037e-02 2.649802987075545389e+02
1.679399399399399487e-02 2.649778012453591032e+02
1.689639639639639590e-02 2.649751875354018011e+02
1.699879879879879693e-02 2.649724641764600506e+02
1.710120120120120144e-02 2.649697408175183000e+02
1.720360360360360247e-02 2.649670174585764926e+02
1.730600600600600697e-02 2.649642475569760336e+02
1.740840840840840800e-02 2.649612448035586567e+02
1.751081081081080904e-02 2.649582420501412230e+02
1.761321321321321354e-02 2.649552392967238461e+02
1.771561561561561457e-02 2.649522365433064124e+02
1.781801801801801907e-02 2.649492337898890355e+02
1.792042042042042010e-02 2.649462310364716018e+02
1.802282282282282114e-02 2.649432282830541681e+02
1.812522522522522564e-02 2.649402255296367912e+02
1.822762762762762667e-02 2.649372227762193575e+02
1.833003003003003117e-02 2.649342200228019237e+02
1.843243243243243221e-02 2.649312172693845469e+02
1.853483483483483324e-02 2.649282145159671700e+02
1.863723723723723774e-02 2.649252117625497362e+02
1.873963963963963877e-02 2.649220183078767832e+02
1.884204204204204328e-02 2.649183080588434223e+02
1.894444444444444431e-02 2.649145978098101182e+02
1.904684684684684534e-02 2.649108875607768141e+02
1.914924924924924984e-02 2.649071773117435100e+02
1.925165165165165088e-02 2.649034670627101491e+02
1.935405405405405538e-02 2.648997568136768450e+02
1.945645645645645641e-02 2.648960465646434841e+02
1.955885885885885744e-02 2.648923363156101800e+02
1.966126126126126195e-02 2.648886260665768191e+02
1.976366366366366298e-02 2.648849158175434582e+02
1.986606606606606748e-02 2.648812055685101541e+02
1.996846846846846851e-02 2.648770736980971492e+02
2.007087087087086955e-02 2.648729296893794185e+02
2.017327327327327405e-02 2.648687856806617447e+02
2.027567567567567508e-02 2.648646416719440140e+02
2.037807807807807958e-02 2.648604976632262833e+02
2.048048048048048062e-02 2.648563536545086095e+02
2.058288288288288165e-02 2.648522096457908788e+02
2.068528528528528615e-02 2.648480656370731481e+02
2.078768768768768718e-02 2.648439216283554742e+02
2.089009009009008822e-02 2.648397776196377436e+02
2.099249249249249272e-02 2.648356336109200129e+02
2.109489489489489375e-02 2.648314896022023390e+02
2.119729729729729825e-02 2.648273455934846652e+02
2.129969969969969928e-02 2.648232015847669345e+02
2.140210210210210032e-02 2.648190575760492038e+02
2.150450450450450482e-02 2.648149135673314731e+02
2.160690690690690585e-02 2.648107695586137424e+02
2.170930930930931035e-02 2.648066255498960686e+02
2.181171171171171139e-02 2.648024815411783379e+02
2.191411411411411242e-02 2.647983375324606641e+02
2.201651651651651692e-02 2.647941935237429334e+02
2.211891891891891795e-02 2.647900495150252027e+02
2.222132132132132246e-02 2.647859055063074720e+02
2.232372372372372349e-02 2.647817614975897982e+02
2.242612612612612452e-02 2.647776174888720675e+02
2.252852852852852902e-02 2.647734734801543368e+02
2.263093093093093006e-02 2.647693294714366630e+02
2.273333333333333456e-02 2.647651854627189323e+02
2.283573573573573559e-02 2.647610414540012016e+02
2.293813813813813662e-02 2.647568974452834709e+02
2.304054054054054113e-02 2.647527534365658539e+02
2.314294294294294216e-02 2.647486094278480664e+02
2.324534534534534666e-02 2.647445435505274531e+02
2.334774774774774769e-02 2.647405844168536646e+02
2.345015015015014873e-02 2.647366252831798761e+02
2.355255255255255323e-02 2.647326661495060875e+02
2.365495495495495426e-02 2.647287070158322422e+02
2.375735735735735876e-02 2.647247478821584536e+02
2.385975975975975980e-02 2.647207887484846651e+02
2.396216216216216083e-02 2.647166378890759120e+02
2.406456456456456533e-02 2.647115354350376606e+02
2.416696696696696636e-02 2.647064329809994092e+02
2.426936936936937086e-02 2.647013305269612147e+02
2.437177177177177190e-02 2.646962280729229633e+02
2.447417417417417293e-02 2.646911256188847119e+02
2.457657657657657743e-02 2.646860231648464605e+02
2.467897897897897846e-02 2.646809207108082660e+02
2.478138138138137950e-02 2.646757668909982044e+02
2.488378378378378400e-02 2.646705480069065857e+02
2.498618618618618503e-02 2.646653291228149669e+02
2.508858858858858953e-02 2.646601102387234050e+02
2.519099099099099057e-02 2.646548913546317863e+02
2.529339339339339160e-02 2.646496724705402244e+02
2.539579579579579610e-02 2.646443920463513564e+02
2.549819819819819713e-02 2.646387588460214033e+02
2.560060060060060164e-02 2.646331256456914502e+02
2.570300300300300267e-02 2.646274924453615540e+02
2.580540540540540370e-02 2.646218592450316009e+02
2.590780780780780820e-02 2.646162260447017047e+02
2.601021021021020924e-02 2.646105928443717517e+02
2.611261261261261374e-02 2.646049596440417986e+02
2.621501501501501477e-02 2.645993264437119024e+02
2.631741741741741580e-02 2.645936932433819493e+02
2.641981981981982031e-02 2.645880600430519962e+02
2.652222222222222134e-02 2.645824268427220431e+02
2.662462462462462584e-02 2.645767936423921469e+02
2.672702702702702687e-02 2.645711604420621939e+02
2.682942942942942791e-02 2.645655272417322976e+02
2.693183183183183241e-02 2.645598940414023446e+02
2.703423423423423344e-02 2.645542608410723915e+02
2.713663663663663794e-02 2.645486276407424384e+02
2.723903903903903898e-02 2.645429944404125422e+02
2.734144144144144001e-02 2.645373612400825891e+02
2.744384384384384451e-02 2.645317280397526361e+02
2.754624624624624554e-02 2.645260948394227398e+02
2.764864864864865004e-02 2.645204616390927868e+02
2.775105105105105108e-02 2.645148284387628337e+02
2.785345345345345211e-02 2.645091952384328806e+02
2.795585585585585661e-02 2.645035620381029275e+02
2.805825825825825764e-02 2.644979288377730313e+02
2.816066066066065868e-02 2.644922956374431351e+02
2.826306306306306318e-02 2.644866624371131820e+02
2.836546546546546421e-02 2.644810292367832290e+02
2.846786786786786871e-02 2.644753960364532759e+02
2.857027027027026975e-02 2.644697628361233797e+02
2.867267267267267078e-02 2.644641296357934266e+02
2.877507507507507528e-02 2.644584964354634735e+02
2.887747747747747631e-02 2.644528632351335773e+02
2.897987987987988082e-02 2.644472300348036242e+02
2.908228228228228185e-02 2.644415968344736712e+02
2.918468468468468288e-02 2.644359636341437749e+02
2.928708708708708738e-02 2.644303304338138219e+02
2.938948948948948842e-02 2.644245626472806521e+02
2.949189189189189292e-02 2.644176877081841894e+02
2.959429429429429395e-02 2.644108127690876699e+02
2.969669669669669498e-02 2.644039378299912073e+02
2.979909909909909949e-02 2.643970628908947447e+02
2.990150150150150052e-02 2.643901879517982252e+02
3.000390390390390502e-02 2.643833130127017625e+02
3.010630630630630605e-02 2.643764380736052999e+02
3.020870870870870709e-02 2.643695631345087804e+02
3.031111111111111159e-02 2.643626881954123178e+02
3.041351351351351262e-02 2.643558132563158551e+02
3.051591591591591712e-02 2.643489383172193925e+02
3.061831831831831816e-02 2.643420633781229299e+02
3.072072072072071919e-02 2.643351884390264104e+02
3.082312312312312369e-02 2.643283134999299477e+02
3.092552552552552472e-02 2.643214385608334851e+02
3.102792792792792922e-02 2.643145636217370225e+02
3.113033033033033026e-02 2.643076886826405598e+02
3.123273273273273129e-02 2.643004445269102689e+02
3.133513513513513232e-02 2.642929391446247678e+02
3.143753753753753682e-02 2.642854337623392667e+02
3.153993993993994133e-02 2.642779283800537655e+02
3.164234234234233889e-02 2.642704229977682644e+02
3.174474474474474339e-02 2.642629176154827633e+02
3.184714714714714789e-02 2.642554122331972053e+02
3.194954954954955240e-02 2.642479068509117042e+02
3.205195195195194996e-02 2.642404014686262599e+02
3.215435435435435446e-02 2.642328960863407019e+02
3.225675675675675896e-02 2.642253907040552008e+02
3.235915915915915653e-02 2.642178853217696997e+02
3.246156156156156103e-02 2.642103799394841985e+02
3.256396396396396553e-02 2.642027196389284995e+02
3.266636636636636309e-02 2.641946514512625299e+02
3.276876876876876760e-02 2.641865832635965035e+02
3.287117117117117210e-02 2.641785150759304770e+02
3.297357357357357660e-02 2.641704468882644505e+02
3.307597597597597416e-02 2.641623787005984241e+02
3.317837837837837867e-02 2.641543105129323976e+02
3.328078078078078317e-02 2.641462423252664280e+02
3.338318318318318073e-02 2.641381741376004015e+02
3.348558558558558523e-02 2.641301059499343751e+02
3.358798798798798974e-02 2.641220377622683486e+02
3.369039039039038730e-02 2.641139695746023790e+02
3.379279279279279180e-02 2.641059013869363525e+02
3.389519519519519630e-02 2.640978331992703261e+02
3.399759759759759387e-02 2.640897650116042996e+02
3.409999999999999837e-02 2.640816968239382732e+02
3.420240240240240287e-02 2.640736286362722467e+02
3.430480480480480737e-02 2.640655604486062202e+02
3.440720720720720494e-02 2.640574922609402506e+02
3.450960960960960944e-02 2.640494240732742242e+02
3.461201201201201394e-02 2.640413558856081977e+02
3.471441441441441150e-02 2.640332876979421712e+02
3.481681681681681600e-02 2.640252195102762016e+02
3.491921921921922051e-02 2.640171513226101752e+02
3.502162162162161807e-02 2.640091309136014388e+02
3.512402402402402257e-02 2.640011860352169606e+02
3.522642642642642707e-02 2.639932411568325392e+02
3.532882882882883158e-02 2.639852962784481178e+02
3.543123123123122914e-02 2.639773514000636396e+02
3.553363363363363364e-02 2.639694065216792183e+02
3.563603603603603814e-02 2.639614616432947400e+02
3.573843843843843571e-02 2.639535167649102618e+02
3.584084084084084021e-02 2.639455718865257836e+02
3.594324324324324471e-02 2.639376270081413622e+02
3.604564564564564227e-02 2.639296821297568840e+02
3.614804804804804678e-02 2.639217372513724627e+02
3.625045045045045128e-02 2.639137923729880413e+02
3.635285285285285578e-02 2.639058474946035062e+02
3.645525525525525334e-02 2.638978844643046386e+02
3.655765765765765785e-02 2.638896956542075714e+02
3.666006006006006235e-02 2.638815068441104472e+02
3.676246246246245991e-02 2.638733180340133231e+02
3.686486486486486441e-02 2.638651292239161990e+02
3.696726726726726892e-02 2.638569404138191317e+02
3.706966966966966648e-02 2.638487516037220075e+02
3.717207207207207098e-02 2.638405627936249402e+02
3.727447447447447548e-02 2.638323739835277593e+02
3.737687687687687998e-02 2.638241851734306920e+02
3.747927927927927755e-02 2.638159963633335678e+02
3.758168168168168205e-02 2.638078075532365006e+02
3.768408408408408655e-02 2.637987736410524349e+02
3.778648648648648412e-02 2.637888183364515839e+02
3.788888888888888862e-02 2.637788630318506762e+02
3.799129129129129312e-02 2.637689077272498253e+02
3.809369369369369068e-02 2.637589524226489743e+02
3.819609609609609518e-02 2.637490147682004249e+02
3.829849849849849969e-02 2.637391407566246926e+02
3.840090090090089725e-02 2.637292667450488466e+02
3.850330330330330175e-02 2.637193927334731143e+02
3.860570570570570625e-02 2.637095187218973251e+02
3.870810810810811076e-02 2.636996447103215360e+02
3.881051051051050832e-02 2.636897706987458037e+02
3.891291291291291282e-02 2.636798966871700145e+02
3.901531531531531732e-02 2.636700226755941685e+02
3.911771771771771489e-02 2.636601486640184362e+02
3.922012012012011939e-02 2.636502746524426470e+02
3.932252252252252389e-02 2.636404006408668579e+02
3.942492492492492145e-02 2.636305266292910687e+02
3.952732732732732596e-02 2.636206526177153364e+02
3.962972972972973046e-02 2.636107786061395473e+02
3.973213213213213496e-02 2.636009045945637581e+02
3.983453453453453252e-02 2.635910305829880258e+02
3.993693693693693703e-02 2.635811565714121798e+02
4.003933933933934153e-02 2.635712825598364475e+02
4.014174174174173909e-02 2.635614085482606583e+02
4.024414414414414359e-02 2.635515345366848692e+02
4.034654654654654810e-02 2.635416605251090800e+02
4.044894894894894566e-02 2.635317865135333477e+02
4.055135135135135016e-02 2.635219125019575586e+02
4.065375375375375466e-02 2.635120384903817694e+02
4.075615615615615916e-02 2.635021644788059803e+02
4.085855855855855673e-02 2.634922904672301911e+02
4.096096096096096123e-02 2.634824203345094702e+02
4.106336336336336573e-02 2.634726189372190674e+02
4.116576576576576330e-02 2.634628175399287215e+02
4.126816816816816780e-02 2.634530161426383188e+02
4.137057057057057230e-02 2.634432147453479729e+02
4.147297297297296986e-02 2.634334133480576270e+02
4.157537537537537436e-02 2.634236119507672811e+02
4.167777777777777887e-02 2.634138105534768783e+02
4.178018018018017643e-02 2.634040091561864756e+02
4.188258258258258093e-02 2.633942077588961297e+02
4.198498498498498543e-02 2.633844063616057838e+02
4.208738738738738994e-02 2.633746049643153810e+02
4.218978978978978750e-02 2.633648035670249783e+02
4.229219219219219200e-02 2.633550021697346892e+02
4.239459459459459650e-02 2.633452007724442865e+02
4.249699699699699407e-02 2.633353993751538837e+02
4.259939939939939857e-02 2.633255979778635947e+02
4.270180180180180307e-02 2.633157965805731919e+02
4.280420420420420063e-02 2.633059951832827892e+02
4.290660660660660514e-02 2.632961937859925001e+02
4.300900900900900964e-02 2.632853361726045023e+02
4.311141141141141414e-02 2.632742113334536498e+02
4.321381381381381170e-02 2.632630864943027973e+02
4.331621621621621621e-02 2.632519560812530699e+02
4.341861861861862071e-02 2.632407895735690317e+02
4.352102102102101827e-02 2.632296230658850504e+02
4.362342342342342277e-02 2.632184565582010691e+02
4.372582582582582728e-02 2.632072900505170310e+02
4.382822822822822484e-02 2.631961235428329928e+02
4.393063063063062934e-02 2.631849570351490115e+02
4.403303303303303384e-02 2.631737905274650302e+02
4.413543543543543834e-02 2.631626240197810489e+02
4.423783783783783591e-02 2.631514575120970107e+02
4.434024024024024041e-02 2.631402910044129726e+02
4.444264264264264491e-02 2.631291244967289913e+02
4.454504504504504248e-02 2.631179579890450100e+02
4.464744744744744698e-02 2.631067914813609718e+02
4.474984984984985148e-02 2.630956249736769905e+02
4.485225225225224904e-02 2.630844584659929524e+02
4.495465465465465354e-02 2.630732919583089142e+02
4.505705705705705805e-02 2.630621254506249329e+02
4.515945945945945561e-02 2.630509589429408948e+02
4.526186186186186011e-02 2.630393077169175058e+02
4.536426426426426461e-02 2.630275308811377499e+02
4.546666666666666912e-02 2.630157540453580509e+02
4.556906906906906668e-02 2.630039772095783519e+02
4.567147147147147118e-02 2.629922003737985960e+02
4.577387387387387568e-02 2.629804235380189539e+02
4.587627627627627325e-02 2.629686467022391980e+02
4.597867867867867775e-02 2.629568698664594422e+02
4.608108108108108225e-02 2.629450930306798000e+02
4.618348348348347981e-02 2.629333161949000441e+02
4.628588588588588432e-02 2.629215393591203451e+02
4.638828828828828882e-02 2.629097625233406461e+02
4.649069069069069332e-02 2.628979856875608903e+02
4.659309309309309088e-02 2.628862088517811912e+02
4.669549549549549539e-02 2.628744320160014922e+02
4.679789789789789989e-02 2.628626551802217364e+02
4.690030030030029745e-02 2.628508783444420374e+02
4.700270270270270195e-02 2.628391015086623383e+02
4.710510510510510646e-02 2.628273246728825825e+02
4.720750750750750402e-02 2.628155478371028835e+02
4.730990990990990852e-02 2.628037710013231845e+02
4.741231231231231302e-02 2.627919941655434286e+02
4.751471471471471753e-02 2.627802173297637296e+02
4.761711711711711509e-02 2.627684404939840306e+02
4.771951951951951959e-02 2.627566636582042747e+02
4.782192192192192409e-02 2.627448868224245757e+02
4.792432432432432166e-02 2.627331099866448767e+02
4.802672672672672616e-02 2.627213331508651208e+02
4.812912912912913066e-02 2.627095563150854218e+02
4.823153153153152822e-02 2.626975474254748519e+02
4.833393393393393273e-02 2.626855313779378207e+02
4.843633633633633723e-02 2.626735153304009032e+02
4.853873873873874173e-02 2.626614992828639288e+02
4.864114114114113929e-02 2.626494832353269544e+02
4.874354354354354379e-02 2.626371259425257563e+02
4.884594594594594830e-02 2.626247646808037075e+02
4.894834834834834586e-02 2.626124034190817156e+02
4.905075075075075036e-02 2.626000421573597237e+02
4.915315315315315486e-02 2.625876808956376749e+02
4.925555555555555243e-02 2.625753196339156830e+02
4.935795795795795693e-02 2.625629583721936910e+02
4.946036036036036143e-02 2.625505971104716423e+02
4.956276276276275899e-02 2.625382358487496504e+02
4.966516516516516350e-02 2.625258745870276584e+02
4.976756756756756800e-02 2.625135429182652729e+02
4.986996996996997250e-02 2.625012478847285706e+02
4.997237237237237006e-02 2.624888508065790234e+02
5.007477477477477457e-02 2.624757159561868320e+02
5.017717717717717907e-02 2.624625811057945270e+02
5.027957957957957663e-02 2.624494462554022789e+02
5.038198198198198113e-02 2.624363114050100307e+02
5.048438438438438564e-02 2.624231765546177257e+02
5.058678678678678320e-02 2.624100417042255344e+02
5.068918918918918770e-02 2.623969068538332294e+02
5.079159159159159220e-02 2.623837720034409813e+02
5.089399399399399671e-02 2.623706371530486763e+02
5.099639639639639427e-02 2.623575023026564281e+02
5.109879879879879877e-02 2.623443674522641800e+02
5.120120120120120327e-02 2.623312326018718750e+02
5.130360360360360084e-02 2.623180977514796837e+02
5.140600600600600534e-02 2.623049629010873787e+02
5.150840840840840984e-02 2.622918280506951305e+02
5.161081081081080740e-02 2.622786932003028824e+02
5.171321321321321191e-02 2.622655583499105774e+02
5.181561561561561641e-02 2.622524234995183861e+02
5.191801801801802091e-02 2.622392886491260811e+02
5.202042042042041847e-02 2.622261537987338897e+02
5.212282282282282297e-02 2.622130189483415847e+02
5.222522522522522748e-02 2.621998840979493366e+02
5.232762762762762504e-02 2.621867492475570884e+02
5.243003003003002954e-02 2.621736143971647834e+02
5.253243243243243404e-02 2.621604795467725353e+02
5.263483483483483161e-02 2.621473446963803440e+02
5.273723723723723611e-02 2.621342098459880958e+02
5.283963963963964061e-02 2.621210749955957340e+02
5.294204204204203817e-02 2.621079401452035427e+02
5.304444444444444268e-02 2.620948052948112945e+02
5.314684684684684718e-02 2.620816704444189895e+02
5.324924924924925168e-02 2.620685355940267414e+02
5.335165165165164924e-02 2.620554007436344932e+02
5.345405405405405375e-02 2.620422658932423019e+02
5.355645645645645825e-02 2.620291310428499969e+02
5.365885885885885581e-02 2.620159961924576919e+02
5.376126126126126031e-02 2.620028613420655006e+02
5.386366366366366482e-02 2.619897264916731956e+02
5.396606606606606238e-02 2.619765916412810043e+02
5.406846846846846688e-02 2.619634567908886993e+02
5.417087087087087138e-02 2.619503219404963943e+02
5.427327327327327589e-02 2.619371870901042030e+02
5.437567567567567345e-02 2.619240522397118980e+02
5.447807807807807795e-02 2.619109173893196498e+02
5.458048048048048245e-02 2.618977825389274017e+02
5.468288288288288002e-02 2.618846476885351535e+02
5.478528528528528452e-02 2.618715128381429054e+02
5.488768768768768902e-02 2.618583779877506572e+02
5.499009009009008658e-02 2.618444436264139199e+02
5.509249249249249109e-02 2.618298215019734698e+02
5.519489489489489559e-02 2.618151993775331334e+02
5.529729729729730009e-02 2.618005772530927402e+02
5.539969969969969765e-02 2.617859551286524038e+02
5.550210210210210215e-02 2.617713330042120106e+02
5.560450450450450666e-02 2.617567108797716173e+02
5.570690690690690422e-02 2.617420887553312241e+02
5.580930930930930872e-02 2.617274666308908877e+02
5.591171171171171322e-02 2.617128445064504376e+02
5.601411411411411079e-02 2.616982223820100444e+02
5.611651651651651529e-02 2.616836002575696511e+02
5.621891891891891979e-02 2.616689781331293148e+02
5.632132132132131735e-02 2.616543560086889784e+02
5.642372372372372186e-02 2.616397338842485283e+02
5.652612612612612636e-02 2.616251117598081919e+02
5.662852852852853086e-02 2.616104896353677418e+02
5.673093093093092842e-02 2.615958675109274054e+02
5.683333333333333293e-02 2.615812453864870122e+02
5.693573573573573743e-02 2.615666232620466189e+02
5.703813813813813499e-02 2.615520011376062257e+02
5.714054054054053949e-02 2.615373790131658893e+02
5.724294294294294400e-02 2.615227568887254961e+02
5.734534534534534156e-02 2.615081347642851028e+02
5.744774774774774606e-02 2.614935126398446528e+02
5.755015015015015056e-02 2.614788905154043164e+02
5.765255255255255507e-02 2.614642683909639231e+02
5.775495495495495263e-02 2.614496462665235867e+02
5.785735735735735713e-02 2.614350241420831935e+02
5.795975975975976163e-02 2.614204020176427434e+02
5.806216216216215920e-02 2.614057798932024070e+02
5.816456456456456370e-02 2.613911577687620138e+02
5.826696696696696820e-02 2.613765356443216206e+02
5.836936936936936576e-02 2.613619135198812273e+02
5.847177177177177027e-02 2.613472913954408341e+02
5.857417417417417477e-02 2.613326692710004409e+02
5.867657657657657927e-02 2.613180471465601045e+02
5.877897897897897683e-02 2.613034250221197112e+02
5.888138138138138133e-02 2.612888028976793180e+02
5.898378378378378584e-02 2.612741807732389248e+02
5.908618618618618340e-02 2.612595586487985884e+02
5.918858858858858790e-02 2.612449365243581951e+02
5.929099099099099240e-02 2.612303143999178019e+02
5.939339339339338997e-02 2.612156922754774087e+02
5.949579579579579447e-02 2.612010701510370154e+02
5.959819819819819897e-02 2.611864480265966222e+02
5.970060060060060347e-02 2.611718259021562289e+02
5.980300300300300104e-02 2.611572037777158357e+02
5.990540540540540554e-02 2.611425816532754425e+02
6.000780780780781004e-02 2.611279595288351629e+02
6.011021021021020760e-02 2.611133374043947128e+02
6.021261261261261211e-02 2.610987152799543196e+02
6.031501501501501661e-02 2.610840931555139264e+02
6.041741741741741417e-02 2.610694710310735900e+02
6.051981981981981867e-02 2.610548489066331967e+02
6.062222222222222318e-02 2.610402267821928035e+02
6.072462462462462074e-02 2.610256046577524103e+02
6.082702702702702524e-02 2.610109825333120170e+02
6.092942942942942974e-02 2.609963604088716806e+02
6.103183183183183425e-02 2.609817382844312874e+02
6.113423423423423181e-02 2.609671161599908373e+02
6.123663663663663631e-02 2.609524940355505009e+02
6.133903903903904081e-02 2.609378719111101077e+02
6.144144144144143838e-02 2.609232497866697713e+02
6.154384384384384288e-02 2.609086276622293212e+02
6.164624624624624738e-02 2.608933189766829059e+02
6.174864864864864494e-02 2.608779384033615543e+02
6.185105105105104945e-02 2.608625377402524919e+02
6.195345345345345395e-02 2.608464852541147252e+02
6.205585585585585845e-02 2.608303025907702022e+02
6.215825825825825601e-02 2.608141199274256223e+02
6.226066066066066051e-02 2.607979372640810425e+02
6.236306306306306502e-02 2.607817546007365195e+02
6.246546546546546258e-02 2.607655719373919396e+02
6.256786786786787402e-02 2.607493892740474166e+02
6.267027027027026465e-02 2.607332066107028368e+02
6.277267267267266915e-02 2.607170239473582569e+02
6.287507507507507365e-02 2.607008412840136771e+02
6.297747747747747815e-02 2.606846586206691541e+02
6.307987987987988265e-02 2.606684759573245742e+02
6.318228228228228716e-02 2.606522932939800512e+02
6.328468468468467778e-02 2.606361106306354714e+02
6.338708708708708228e-02 2.606199279672908915e+02
6.348948948948948678e-02 2.606037453039463685e+02
6.359189189189189129e-02 2.605875626406017886e+02
6.369429429429429579e-02 2.605713799772572656e+02
6.379669669669670029e-02 2.605551973139126858e+02
6.389909909909910479e-02 2.605390146505681059e+02
6.400150150150149542e-02 2.605228319872235829e+02
6.410390390390389992e-02 2.605066493238790031e+02
6.420630630630630442e-02 2.604904666605344232e+02
6.430870870870870892e-02 2.604742839971899002e+02
6.441111111111111343e-02 2.604581013338453204e+02
6.451351351351351793e-02 2.604419186705007405e+02
6.461591591591590855e-02 2.604257360071562175e+02
6.471831831831831305e-02 2.604095533438116377e+02
6.482072072072071756e-02 2.603933706804670578e+02
6.492312312312312206e-02 2.603771880171225348e+02
6.502552552552552656e-02 2.603610053537779550e+02
6.512792792792793106e-02 2.603448226904333751e+02
6.523033033033033556e-02 2.603286400270887953e+02
6.533273273273272619e-02 2.603124573637442722e+02
6.543513513513513069e-02 2.602962747003996924e+02
6.553753753753753519e-02 2.602800920370551125e+02
6.563993993993993969e-02 2.602639093737105895e+02
6.574234234234234420e-02 2.602477267103660097e+02
6.584474474474474870e-02 2.602315440470214298e+02
6.594714714714715320e-02 2.602153613836769068e+02
6.604954954954954383e-02 2.601991787203323270e+02
6.615195195195194833e-02 2.601829960569877471e+02
6.625435435435435283e-02 2.601667152916378996e+02
6.635675675675675733e-02 2.601504033379752059e+02
6.645915915915916183e-02 2.601340913843124554e+02
6.656156156156156634e-02 2.601177794306497617e+02
6.666396396396395696e-02 2.601014674769870112e+02
6.676636636636636146e-02 2.600849466877972986e+02
6.686876876876876596e-02 2.600676256763288166e+02
6.697117117117117047e-02 2.600503046648604482e+02
6.707357357357357497e-02 2.600328255532193680e+02
6.717597597597597947e-02 2.600153179489508375e+02
6.727837837837838397e-02 2.599978103446823638e+02
6.738078078078077460e-02 2.599803027404137765e+02
6.748318318318317910e-02 2.599624356419610649e+02
6.758558558558558360e-02 2.599444790530170053e+02
6.768798798798798810e-02 2.599265224640729457e+02
6.779039039039039261e-02 2.599085658751288861e+02
6.789279279279279711e-02 2.598906092861848265e+02
6.799519519519518773e-02 2.598726526972407669e+02
6.809759759759759223e-02 2.598547376505233615e+02
6.819999999999999674e-02 2.598368412064797894e+02
6.830240240240240124e-02 2.598189447624362742e+02
6.840480480480480574e-02 2.598010483183927590e+02
6.850720720720721024e-02 2.597831518743492438e+02
6.860960960960961474e-02 2.597652554303057286e+02
6.871201201201200537e-02 2.597473589862622134e+02
6.881441441441440987e-02 2.597294625422186414e+02
6.891681681681681437e-02 2.597115660981751830e+02
6.901921921921921887e-02 2.596936696541316678e+02
6.912162162162162338e-02 2.596757732100880958e+02
6.922402402402402788e-02 2.596578767660446374e+02
6.932642642642643238e-02 2.596399803220010654e+02
6.942882882882882301e-02 2.596220838779575502e+02
6.953123123123122751e-02 2.596041874339140350e+02
6.963363363363363201e-02 2.595862909898705198e+02
6.973603603603603651e-02 2.595683945458270045e+02
6.983843843843844101e-02 2.595504981017834893e+02
6.994084084084084552e-02 2.595326016577399741e+02
7.004324324324323614e-02 2.595147052136964021e+02
7.014564564564564064e-02 2.594968087696529437e+02
7.024804804804804514e-02 2.594789123256094285e+02
7.035045045045044965e-02 2.594610158815659133e+02
7.045285285285285415e-02 2.594431194375223413e+02
7.055525525525525865e-02 2.594252229934788829e+02
7.065765765765766315e-02 2.594073265494353109e+02
7.076006006006005378e-02 2.593894301053918525e+02
7.086246246246245828e-02 2.593715336613482805e+02
7.096486486486486278e-02 2.593536372173047653e+02
7.106726726726726728e-02 2.593357407732612501e+02
7.116966966966967179e-02 2.593178443292177349e+02
7.127207207207207629e-02 2.592999478851742197e+02
7.137447447447446691e-02 2.592820514411307045e+02
7.147687687687687141e-02 2.592641549970871893e+02
7.157927927927927592e-02 2.592462585530436172e+02
7.168168168168168042e-02 2.592283621090001020e+02
7.178408408408408492e-02 2.592104656649565868e+02
7.188648648648648942e-02 2.591925692209131284e+02
7.198888888888889392e-02 2.591746727768695564e+02
7.209129129129128455e-02 2.591567763328260412e+02
7.219369369369368905e-02 2.591388798887825260e+02
7.229609609609609355e-02 2.591209834447390108e+02
7.239849849849849805e-02 2.591030870006954956e+02
7.250090090090090256e-02 2.590851905566519235e+02
7.260330330330330706e-02 2.590672941126084652e+02
7.270570570570571156e-02 2.590494451914375418e+02
7.280810810810810219e-02 2.590314374431043234e+02
7.291051051051050669e-02 2.590126714555823924e+02
7.301291291291291119e-02 2.589939054680604613e+02
7.311531531531531569e-02 2.589751394805385303e+02
7.321771771771772019e-02 2.589563734930166561e+02
7.332012012012012470e-02 2.589376075054947250e+02
7.342252252252251532e-02 2.589188415179727940e+02
7.352492492492491982e-02 2.589000755304508630e+02
7.362732732732732432e-02 2.588813095429289888e+02
7.372972972972972883e-02 2.588625435554070577e+02
7.383213213213213333e-02 2.588437775678851267e+02
7.393453453453453783e-02 2.588250115803632525e+02
7.403693693693694233e-02 2.588062455928413215e+02
7.413933933933933296e-02 2.587874796053194473e+02
7.424174174174173746e-02 2.587687136177975162e+02
7.434414414414414196e-02 2.587499476302755852e+02
7.444654654654654646e-02 2.587311816427536542e+02
7.454894894894895097e-02 2.587124156552317231e+02
7.465135135135135547e-02 2.586936496677097921e+02
7.475375375375375997e-02 2.586748836801879179e+02
7.485615615615615059e-02 2.586561176926659869e+02
7.495855855855855510e-02 2.586373517051440558e+02
7.506096096096095960e-02 2.586185857176221816e+02
7.516336336336336410e-02 2.585998197301002506e+02
7.526576576576576860e-02 2.585810537425783195e+02
7.536816816816817310e-02 2.585622877550563885e+02
7.547057057057056373e-02 2.585435217675345143e+02
7.557297297297296823e-02 2.585247557800125833e+02
7.567537537537537273e-02 2.585059897924907091e+02
7.577777777777777724e-02 2.584872238049687780e+02
7.588018018018018174e-02 2.584684578174468470e+02
7.598258258258258624e-02 2.584496918299249160e+02
7.608498498498499074e-02 2.584308505198259809e+02
7.618738738738738137e-02 2.584118341557372105e+02
7.628978978978978587e-02 2.583928177916484401e+02
7.639219219219219037e-02 2.583738014275596697e+02
7.649459459459459487e-02 2.583547850634708993e+02
7.659699699699699937e-02 2.583357686993821289e+02
7.669939939939940388e-02 2.583167523352933586e+02
7.680180180180179450e-02 2.582977359712045882e+02
7.690420420420419900e-02 2.582787196071158178e+02
7.700660660660660350e-02 2.582597032430270474e+02
7.710900900900900801e-02 2.582406868789382770e+02
7.721141141141141251e-02 2.582216705148495635e+02
7.731381381381381701e-02 2.582026541507607931e+02
7.741621621621622151e-02 2.581836377866720227e+02
7.751861861861861214e-02 2.581646214225832523e+02
7.762102102102101664e-02 2.581456050584944819e+02
7.772342342342342114e-02 2.581265886944057684e+02
7.782582582582582564e-02 2.581075723303169980e+02
7.792822822822823015e-02 2.580885828522607426e+02
7.803063063063063465e-02 2.580697595402012894e+02
7.813303303303303915e-02 2.580504800550702953e+02
7.823543543543542977e-02 2.580311728667617217e+02
7.833783783783783428e-02 2.580118548076398497e+02
7.844024024024023878e-02 2.579925367485179777e+02
7.854264264264264328e-02 2.579732186893961625e+02
7.864504504504504778e-02 2.579539006302742905e+02
7.874744744744745228e-02 2.579345825711524753e+02
7.884984984984984291e-02 2.579152645120306033e+02
7.895225225225224741e-02 2.578959464529087882e+02
7.905465465465465191e-02 2.578766283937869161e+02
7.915705705705705642e-02 2.578573103346650441e+02
7.925945945945946092e-02 2.578379922755432290e+02
7.936186186186186542e-02 2.578186742164213570e+02
7.946426426426426992e-02 2.577993561572994849e+02
7.956666666666666055e-02 2.577800380981776698e+02
7.966906906906906505e-02 2.577607200390557978e+02
7.977147147147146955e-02 2.577414019799339826e+02
7.987387387387387405e-02 2.577220839208121106e+02
7.997627627627627855e-02 2.577027658616902954e+02
8.007867867867868306e-02 2.576834478025683666e+02
8.018108108108107368e-02 2.576641297434465514e+02
8.028348348348347818e-02 2.576448116843247362e+02
8.038588588588588268e-02 2.576254936252029211e+02
8.048828828828828719e-02 2.576061755660809922e+02
8.059069069069069169e-02 2.575868575069591770e+02
8.069309309309309619e-02 2.575675394478373050e+02
8.079549549549550069e-02 2.575482213887154899e+02
8.089789789789789132e-02 2.575289033295935610e+02
8.100030030030029582e-02 2.575095852704717458e+02
8.110270270270270032e-02 2.574902672113499307e+02
8.120510510510510482e-02 2.574709491522280587e+02
8.130750750750750933e-02 2.574516310931062435e+02
8.140990990990991383e-02 2.574323130339843146e+02
8.151231231231231833e-02 2.574129949748624995e+02
8.161471471471470895e-02 2.573936769157406843e+02
8.171711711711711346e-02 2.573743588566188123e+02
8.181951951951951796e-02 2.573550407974969403e+02
8.192192192192192246e-02 2.573357227383750683e+02
8.202432432432432696e-02 2.573164046792532531e+02
8.212672672672673146e-02 2.572970866201314379e+02
8.222912912912912209e-02 2.572777685610095659e+02
8.233153153153152659e-02 2.572584505018876939e+02
8.243393393393393109e-02 2.572391324427658787e+02
8.253633633633633560e-02 2.572198143836440067e+02
8.263873873873874010e-02 2.572004963245221347e+02
8.274114114114114460e-02 2.571811782654003196e+02
8.284354354354354910e-02 2.571618602062784475e+02
8.294594594594593973e-02 2.571421725077007068e+02
8.304834834834834423e-02 2.571214863766827534e+02
8.315075075075074873e-02 2.571006343192891563e+02
8.325315315315315323e-02 2.570797822618955593e+02
8.335555555555555773e-02 2.570589302045019053e+02
8.345795795795796224e-02 2.570380781471082514e+02
8.356036036036035286e-02 2.570172260897146543e+02
8.366276276276275736e-02 2.569963740323210004e+02
8.376516516516516186e-02 2.569755219749273465e+02
8.386756756756756637e-02 2.569546699175336926e+02
8.396996996996997087e-02 2.569338178601400955e+02
8.407237237237237537e-02 2.569129658027464416e+02
8.417477477477477987e-02 2.568921137453528445e+02
8.427717717717717050e-02 2.568712616879591906e+02
8.437957957957957500e-02 2.568504096305655366e+02
8.448198198198197950e-02 2.568295575731719396e+02
8.458438438438438400e-02 2.568087055157782288e+02
8.468678678678678851e-02 2.567878534583846886e+02
8.478918918918919301e-02 2.567670014009910346e+02
8.489159159159159751e-02 2.567461493435973807e+02
8.499399399399398813e-02 2.567252972862037268e+02
8.509639639639639264e-02 2.567044452288101297e+02
8.519879879879879714e-02 2.566835931714164758e+02
8.530120120120120164e-02 2.566627411140228787e+02
8.540360360360360614e-02 2.566418890566292248e+02
8.550600600600601064e-02 2.566210369992356277e+02
8.560840840840840127e-02 2.566001849418419738e+02
8.571081081081080577e-02 2.565793328844483199e+02
8.581321321321321027e-02 2.565584808270546660e+02
8.591561561561561478e-02 2.565376287696610689e+02
8.601801801801801928e-02 2.565167767122674150e+02
8.612042042042042378e-02 2.564959246548737610e+02
8.622282282282282828e-02 2.564750725974802208e+02
8.632522522522521891e-02 2.564542205400865100e+02
8.642762762762762341e-02 2.564333684826929129e+02
8.653003003003002791e-02 2.564125164252992590e+02
8.663243243243243241e-02 2.563916643679056051e+02
8.673483483483483691e-02 2.563708123105120080e+02
8.683723723723724142e-02 2.563499602531183541e+02
8.693963963963963204e-02 2.563291081957247570e+02
8.704204204204203654e-02 2.563082561383311031e+02
8.714444444444444104e-02 2.562874040809374492e+02
8.724684684684684555e-02 2.562665520235438521e+02
8.734924924924925005e-02 2.562456999661501982e+02
8.745165165165165455e-02 2.562248479087565443e+02
8.755405405405405905e-02 2.562039958513629472e+02
8.765645645645644968e-02 2.561831437939693501e+02
8.775885885885885418e-02 2.561622917365756962e+02
8.786126126126125868e-02 2.561414396791820423e+02
8.796366366366366318e-02 2.561205876217883883e+02
8.806606606606606769e-02 2.560997355643947913e+02
8.816846846846847219e-02 2.560788835070011373e+02
8.827087087087087669e-02 2.560580314496074834e+02
8.837327327327326731e-02 2.560371793922138863e+02
8.847567567567567182e-02 2.560163273348202324e+02
8.857807807807807632e-02 2.559954752774266069e+02
8.868048048048048082e-02 2.559746232200329530e+02
8.878288288288288532e-02 2.559537711626393559e+02
8.888528528528528982e-02 2.559329191052457020e+02
8.898768768768768045e-02 2.559120670478520765e+02
8.909009009009008495e-02 2.558910471773090478e+02
8.919249249249248945e-02 2.558697422595778903e+02
8.929489489489489396e-02 2.558484373418467044e+02
8.939729729729729846e-02 2.558272140338719964e+02
8.949969969969970296e-02 2.558063104708547826e+02
8.960210210210210746e-02 2.557854069078375687e+02
8.970450450450449809e-02 2.557645033448203549e+02
8.980690690690690259e-02 2.557435997818031126e+02
8.990930930930930709e-02 2.557226962187858703e+02
9.001171171171171159e-02 2.557017926557686565e+02
9.011411411411411609e-02 2.556807203573322056e+02
9.021651651651652060e-02 2.556596138280366688e+02
9.031891891891891122e-02 2.556385072987411036e+02
9.042132132132131572e-02 2.556174007694455952e+02
9.052372372372372022e-02 2.555962942401500300e+02
9.062612612612612473e-02 2.555751877108544647e+02
9.072852852852852923e-02 2.555540811815589279e+02
9.083093093093093373e-02 2.555329746522633627e+02
9.093333333333333823e-02 2.555118681229677975e+02
9.103573573573572886e-02 2.554907615936722607e+02
9.113813813813813336e-02 2.554696550643766955e+02
9.124054054054053786e-02 2.554485485350811587e+02
9.134294294294294236e-02 2.554274420057856219e+02
9.144534534534534687e-02 2.554063354764900851e+02
9.154774774774775137e-02 2.553852289471944630e+02
9.165015015015015587e-02 2.553641224178989262e+02
9.175255255255254649e-02 2.553430158886033894e+02
9.185495495495495100e-02 2.553219244417169875e+02
9.195735735735735550e-02 2.553008335195174254e+02
9.205975975975976000e-02 2.552797425973178349e+02
9.216216216216216450e-02 2.552586516751182444e+02
9.226456456456456900e-02 2.552375607529186254e+02
9.236696696696695963e-02 2.552164698307190918e+02
9.246936936936936413e-02 2.551953789085195012e+02
9.257177177177176863e-02 2.551742879863199391e+02
9.267417417417417314e-02 2.551531970641203770e+02
9.277657657657657764e-02 2.551321061419207581e+02
9.287897897897898214e-02 2.551110152197211960e+02
9.298138138138138664e-02 2.550899242975216339e+02
9.308378378378377727e-02 2.550688333753220149e+02
9.318618618618618177e-02 2.550477424531224528e+02
9.328858858858858627e-02 2.550266515309228907e+02
9.339099099099099077e-02 2.550055606087233286e+02
9.349339339339339527e-02 2.549844696865237097e+02
9.359579579579579978e-02 2.549633787643241476e+02
9.369819819819819040e-02 2.549422878421245571e+02
9.380060060060059490e-02 2.549211969199249666e+02
9.390300300300299940e-02 2.549001059977254044e+02
9.400540540540540391e-02 2.548790150755258139e+02
9.410780780780780841e-02 2.548579241533262518e+02
9.421021021021021291e-02 2.548368332311266613e+02
9.431261261261261741e-02 2.548157423089270992e+02
9.441501501501500804e-02 2.547946513867275087e+02
9.451741741741741254e-02 2.547735604645279182e+02
9.461981981981981704e-02 2.547524695423283561e+02
9.472222222222222154e-02 2.547313786201287940e+02
9.482462462462462605e-02 2.547102876979291750e+02
9.492702702702703055e-02 2.546891967757296129e+02
9.502942942942943505e-02 2.546681058535300508e+02
9.513183183183182567e-02 2.546470149313304603e+02
9.523423423423423018e-02 2.546259240091308698e+02
9.533663663663663468e-02 2.546048330869313077e+02
9.543903903903903918e-02 2.545837421647317171e+02
9.554144144144144368e-02 2.545626503889213268e+02
9.564384384384384818e-02 2.545415414626843358e+02
9.574624624624623881e-02 2.545204325364473732e+02
9.584864864864864331e-02 2.544993236102103538e+02
9.595105105105104781e-02 2.544782146839733628e+02
9.605345345345345232e-02 2.544571057577363717e+02
9.615585585585585682e-02 2.544359968314993807e+02
9.625825825825826132e-02 2.544147445873134927e+02
9.636066066066066582e-02 2.543932759166956998e+02
9.646306306306305645e-02 2.543718072460778785e+02
9.656546546546546095e-02 2.543503385754601140e+02
9.666786786786786545e-02 2.543288699048422927e+02
9.677027027027026995e-02 2.543074012342245283e+02
9.687267267267267445e-02 2.542859325636067069e+02
9.697507507507507896e-02 2.542644638929888856e+02
9.707747747747748346e-02 2.542429952223711211e+02
9.717987987987987408e-02 2.542215265517532998e+02
9.728228228228227858e-02 2.542000578811355069e+02
9.738468468468468309e-02 2.541785892105177140e+02
9.748708708708708759e-02 2.541571205398999211e+02
9.758948948948949209e-02 2.541356518692821282e+02
9.769189189189189659e-02 2.541141831986643069e+02
9.779429429429428722e-02 2.540926452858651032e+02
9.789669669669669172e-02 2.540710230091182211e+02
9.799909909909909622e-02 2.540494007323713106e+02
9.810150150150150072e-02 2.540277784556244569e+02
9.820390390390390523e-02 2.540061561788775464e+02
9.830630630630630973e-02 2.539845339021306927e+02
9.840870870870871423e-02 2.539629116253838106e+02
9.851111111111110485e-02 2.539412893486369285e+02
9.861351351351350936e-02 2.539198285654538836e+02
9.871591591591591386e-02 2.538984444386357211e+02
9.881831831831831836e-02 2.538770603118175586e+02
9.892072072072072286e-02 2.538556761849993961e+02
9.902312312312312736e-02 2.538342920581812336e+02
9.912552552552551799e-02 2.538129079313630712e+02
9.922792792792792249e-02 2.537915238045449087e+02
9.933033033033032699e-02 2.537701396777267746e+02
9.943273273273273150e-02 2.537487555509085837e+02
9.953513513513513600e-02 2.537273714240904212e+02
9.963753753753754050e-02 2.537059872972722587e+02
9.973993993993994500e-02 2.536846031704540678e+02
9.984234234234233563e-02 2.536632190436359338e+02
9.994474474474474013e-02 2.536418349168177713e+02
1.000471471471471446e-01 2.536204507899996088e+02
1.001495495495495491e-01 2.535990666631814179e+02
1.002519519519519536e-01 2.535776825363632554e+02
1.003543543543543581e-01 2.535562984095450929e+02
1.004567567567567626e-01 2.535349142827269588e+02
1.005591591591591533e-01 2.535135301559087679e+02
1.006615615615615578e-01 2.534921460290905770e+02
1.007639639639639623e-01 2.534707619022724714e+02
1.008663663663663668e-01 2.534493777754542805e+02
1.009687687687687713e-01 2.534279936486361180e+02
1.010711711711711758e-01 2.534066095218179839e+02
1.011735735735735664e-01 2.533852253949997930e+02
1.012759759759759709e-01 2.533638412681816590e+02
1.013783783783783754e-01 2.533424571413634965e+02
1.014807807807807799e-01 2.533210730145453056e+02
1.015831831831831844e-01 2.532996888877271431e+02
1.016855855855855889e-01 2.532783047609089806e+02
1.017879879879879934e-01 2.532569206340908181e+02
1.018903903903903840e-01 2.532355365072726556e+02
1.019927927927927885e-01 2.532141523804545216e+02
1.020951951951951930e-01 2.531927682536363307e+02
1.021975975975975975e-01 2.531713841268181682e+02
1.023000000000000020e-01 2.531500000000000341e+02
