LineProbe
number of points: 1000 (fixed)
point 0: [0. 0. 0.]
point 1: [0.875 0.    0.   ]
-----

# T 1000
0.000000000000000000e+00 2.681898577469198131e+02
8.758758758758758683e-04 2.682040656431946672e+02
1.751751751751751737e-03 2.682182735394695214e+02
2.627627627627627388e-03 2.682323815734092705e+02
3.503503503503503473e-03 2.682460318192764248e+02
4.379379379379379558e-03 2.682596820651435792e+02
5.255255255255254776e-03 2.682733323110107335e+02
6.131131131131130861e-03 2.682869825568779447e+02
7.007007007007006946e-03 2.683006328027450991e+02
7.882882882882882164e-03 2.683142830486122534e+02
8.758758758758759116e-03 2.683279332944794078e+02
9.634634634634634334e-03 2.683415835403466190e+02
1.051051051051050955e-02 2.683552337862137165e+02
1.138638638638638650e-02 2.683688840320809277e+02
1.226226226226226172e-02 2.683834436387341498e+02
1.313813813813813867e-02 2.683984756332932875e+02
1.401401401401401389e-02 2.684135076278523684e+02
1.488988988988988911e-02 2.684285396224115061e+02
1.576576576576576433e-02 2.684435716169706438e+02
1.664164164164164128e-02 2.684586036115297816e+02
1.751751751751751823e-02 2.684736356060889193e+02
1.839339339339339172e-02 2.684885869634592268e+02
1.926926926926926867e-02 2.685026930141855814e+02
2.014514514514514562e-02 2.685167990649118792e+02
2.102102102102101910e-02 2.685309051156381770e+02
2.189689689689689606e-02 2.685452994466022005e+02
2.277277277277277301e-02 2.685601509795938000e+02
2.364864864864864996e-02 2.685744645257512957e+02
2.452452452452452344e-02 2.685885884005434718e+02
2.540040040040040040e-02 2.686027122753356480e+02
2.627627627627627735e-02 2.686168361501278810e+02
2.715215215215215083e-02 2.686309600249200003e+02
2.802802802802802778e-02 2.686450838997121764e+02
2.890390390390390474e-02 2.686592077745043525e+02
2.977977977977977822e-02 2.686733316492965287e+02
3.065565565565565517e-02 2.686874555240887048e+02
3.153153153153152866e-02 2.687015793988808809e+02
3.240740740740740561e-02 2.687157032736730571e+02
3.328328328328328256e-02 2.687298271484652332e+02
3.415915915915915951e-02 2.687437830000068288e+02
3.503503503503503647e-02 2.687562868101813365e+02
3.591091091091091342e-02 2.687687906203557873e+02
3.678678678678678343e-02 2.687812944305302949e+02
3.766266266266266038e-02 2.687937982407047457e+02
3.853853853853853734e-02 2.688063020508791965e+02
3.941441441441441429e-02 2.688188058610536473e+02
4.029029029029029124e-02 2.688313096712281549e+02
4.116616616616616819e-02 2.688451963140011571e+02
4.204204204204203821e-02 2.688596577278649988e+02
4.291791791791791516e-02 2.688748698334287042e+02
4.379379379379379211e-02 2.688900819389924095e+02
4.466966966966966907e-02 2.689052940445560580e+02
4.554554554554554602e-02 2.689205061501197065e+02
4.642142142142142297e-02 2.689357182556834118e+02
4.729729729729729992e-02 2.689509303612471172e+02
4.817317317317316994e-02 2.689661424668107657e+02
4.904904904904904689e-02 2.689813545723744710e+02
4.992492492492492384e-02 2.689965666779381763e+02
5.080080080080080079e-02 2.690114042947299140e+02
5.167667667667667775e-02 2.690259967706256248e+02
5.255255255255255470e-02 2.690405892465213356e+02
5.342842842842842471e-02 2.690551817224171032e+02
5.430430430430430166e-02 2.690697741983127571e+02
5.518018018018017862e-02 2.690843666742084679e+02
5.605605605605605557e-02 2.690982644267154456e+02
5.693193193193193252e-02 2.691118081160941529e+02
5.780780780780780947e-02 2.691253518054728602e+02
5.868368368368368643e-02 2.691388954948515106e+02
5.955955955955955644e-02 2.691524391842301611e+02
6.043543543543543339e-02 2.691659828736088684e+02
6.131131131131131035e-02 2.691795265629875757e+02
6.218718718718718730e-02 2.691930702523661694e+02
6.306306306306305731e-02 2.692066139417448767e+02
6.393893893893894120e-02 2.692201576311235840e+02
6.481481481481481122e-02 2.692334238196892784e+02
6.569069069069069511e-02 2.692451491713422342e+02
6.656656656656656512e-02 2.692568745229951901e+02
6.744244244244243514e-02 2.692685998746482028e+02
6.831831831831831903e-02 2.692803252263011018e+02
6.919419419419418904e-02 2.692920505779541145e+02
7.007007007007007293e-02 2.693037117583911026e+02
7.094594594594594295e-02 2.693151946126255893e+02
7.182182182182182684e-02 2.693266774668600760e+02
7.269769769769769685e-02 2.693381603210946196e+02
7.357357357357356686e-02 2.693496431753291063e+02
7.444944944944945076e-02 2.693612112729035175e+02
7.532532532532532077e-02 2.693728998292685901e+02
7.620120120120120466e-02 2.693845883856337196e+02
7.707707707707707467e-02 2.693962965913137850e+02
7.795295295295295857e-02 2.694081681861316042e+02
7.882882882882882858e-02 2.694200397809494234e+02
7.970470470470469859e-02 2.694319113757672994e+02
8.058058058058058248e-02 2.694437829705851186e+02
8.145645645645645250e-02 2.694556545654029378e+02
8.233233233233233639e-02 2.694675261602208138e+02
8.320820820820820640e-02 2.694793977550386330e+02
8.408408408408407642e-02 2.694912693498564522e+02
8.495995995995996031e-02 2.695031409446743282e+02
8.583583583583583032e-02 2.695149862794590945e+02
8.671171171171171421e-02 2.695267450431505836e+02
8.758758758758758423e-02 2.695385038068421295e+02
8.846346346346346812e-02 2.695502625705335618e+02
8.933933933933933813e-02 2.695620213342251077e+02
9.021521521521520814e-02 2.695737800979165399e+02
9.109109109109109204e-02 2.695854031498519703e+02
9.196696696696696205e-02 2.695957198263911323e+02
9.284284284284284594e-02 2.696060365029301806e+02
9.371871871871871595e-02 2.696163531794693426e+02
9.459459459459459985e-02 2.696266698560084478e+02
9.547047047047046986e-02 2.696369865325476667e+02
9.634634634634633987e-02 2.696473032090867150e+02
9.722222222222222376e-02 2.696576198856258770e+02
9.809809809809809378e-02 2.696679365621649822e+02
9.897397397397397767e-02 2.696782532387040874e+02
9.984984984984984768e-02 2.696885699152432494e+02
1.007257257257257316e-01 2.696988865917823546e+02
1.016016016016016016e-01 2.697092032683214597e+02
1.024774774774774716e-01 2.697195199448606218e+02
1.033533533533533555e-01 2.697298366213997269e+02
1.042292292292292255e-01 2.697406176474735844e+02
1.051051051051051094e-01 2.697516457427036585e+02
1.059809809809809794e-01 2.697634754208327195e+02
1.068568568568568494e-01 2.697753050989618373e+02
1.077327327327327333e-01 2.697871347770909551e+02
1.086086086086086033e-01 2.697989644552200730e+02
1.094844844844844872e-01 2.698107941333491908e+02
1.103603603603603572e-01 2.698226238114782518e+02
1.112362362362362411e-01 2.698344534896073696e+02
1.121121121121121111e-01 2.698462831677364875e+02
1.129879879879879812e-01 2.698581128458656053e+02
1.138638638638638650e-01 2.698709476753439276e+02
1.147397397397397351e-01 2.698850439216091672e+02
1.156156156156156189e-01 2.698991401678745206e+02
1.164914914914914890e-01 2.699132364141397602e+02
1.173673673673673729e-01 2.699273326604050567e+02
1.182432432432432429e-01 2.699414289066703532e+02
1.191191191191191129e-01 2.699555251529356497e+02
1.199949949949949968e-01 2.699696213992009461e+02
1.208708708708708668e-01 2.699837176454661858e+02
1.217467467467467507e-01 2.699978138917314823e+02
1.226226226226226207e-01 2.700119101379967788e+02
1.234984984984984907e-01 2.700252789360831116e+02
1.243743743743743746e-01 2.700384180352548356e+02
1.252502502502502446e-01 2.700515571344265027e+02
1.261261261261261146e-01 2.700646962335982835e+02
1.270020020020020124e-01 2.700778353327699506e+02
1.278778778778778824e-01 2.700909744319416177e+02
1.287537537537537524e-01 2.701041135311133985e+02
1.296296296296296224e-01 2.701172526302850656e+02
1.305055055055054924e-01 2.701303917294567327e+02
1.313813813813813902e-01 2.701435308286284567e+02
1.322572572572572602e-01 2.701563492286397832e+02
1.331331331331331302e-01 2.701690472782472625e+02
1.340090090090090003e-01 2.701817453278547987e+02
1.348848848848848703e-01 2.701944433774622780e+02
1.357607607607607680e-01 2.702071414270698142e+02
1.366366366366366381e-01 2.702198394766772935e+02
1.375125125125125081e-01 2.702325375262847729e+02
1.383883883883883781e-01 2.702452355758923090e+02
1.392642642642642758e-01 2.702568789019654218e+02
1.401401401401401459e-01 2.702682413889266400e+02
1.410160160160160159e-01 2.702796038758877444e+02
1.418918918918918859e-01 2.702909663628489056e+02
1.427677677677677559e-01 2.703023288498100669e+02
1.436436436436436537e-01 2.703136913367712850e+02
1.445195195195195237e-01 2.703250538237323894e+02
1.453953953953953937e-01 2.703364163106936076e+02
1.462712712712712637e-01 2.703477787976547688e+02
1.471471471471471337e-01 2.703591412846159301e+02
1.480230230230230315e-01 2.703705037715770914e+02
1.488988988988989015e-01 2.703818662585381958e+02
1.497747747747747715e-01 2.703932287454993570e+02
1.506506506506506415e-01 2.704045912324605752e+02
1.515265265265265116e-01 2.704159537194217364e+02
1.524024024024024093e-01 2.704273162063828408e+02
1.532782782782782793e-01 2.704386786933440021e+02
1.541541541541541493e-01 2.704500411803052202e+02
1.550300300300300194e-01 2.704601818352649616e+02
1.559059059059059171e-01 2.704687339638492176e+02
1.567817817817817871e-01 2.704776451577151875e+02
1.576576576576576572e-01 2.704870144819844313e+02
1.585335335335335272e-01 2.704965432217957755e+02
1.594094094094093972e-01 2.705060719616070060e+02
1.602852852852852950e-01 2.705156007014182933e+02
1.611611611611611650e-01 2.705251294412295238e+02
1.620370370370370350e-01 2.705346581810408111e+02
1.629129129129129050e-01 2.705441869208520984e+02
1.637887887887887750e-01 2.705537156606633289e+02
1.646646646646646728e-01 2.705632444004746162e+02
1.655405405405405428e-01 2.705727731402859035e+02
1.664164164164164128e-01 2.705823018800971340e+02
1.672922922922922828e-01 2.705918306199083645e+02
1.681681681681681528e-01 2.706013593597196518e+02
1.690440440440440506e-01 2.706108880995309391e+02
1.699199199199199206e-01 2.706204168393422265e+02
1.707957957957957906e-01 2.706295085463403893e+02
1.716716716716716606e-01 2.706385861423233337e+02
1.725475475475475584e-01 2.706476637383061643e+02
1.734234234234234284e-01 2.706567413342891086e+02
1.742992992992992984e-01 2.706658189302719393e+02
1.751751751751751685e-01 2.706748965262548268e+02
1.760510510510510385e-01 2.706839741222377143e+02
1.769269269269269362e-01 2.706930457857542933e+02
1.778028028028028062e-01 2.707020082683245619e+02
1.786786786786786763e-01 2.707109707508948873e+02
1.795545545545545463e-01 2.707199332334652127e+02
1.804304304304304163e-01 2.707288957160354812e+02
1.813063063063063141e-01 2.707378581986057497e+02
1.821821821821821841e-01 2.707468206811760183e+02
1.830580580580580541e-01 2.707557831637462868e+02
1.839339339339339241e-01 2.707650437742594249e+02
1.848098098098098219e-01 2.707750274155212082e+02
1.856856856856856919e-01 2.707837287385468130e+02
1.865615615615615619e-01 2.707918818665925187e+02
1.874374374374374319e-01 2.708003084991335641e+02
1.883133133133133019e-01 2.708087825169901635e+02
1.891891891891891997e-01 2.708172565348467629e+02
1.900650650650650697e-01 2.708257305527033623e+02
1.909409409409409397e-01 2.708342045705599617e+02
1.918168168168168097e-01 2.708426785884165611e+02
1.926926926926926797e-01 2.708511526062731605e+02
1.935685685685685775e-01 2.708596266241297599e+02
1.944444444444444475e-01 2.708681006419863593e+02
1.953203203203203175e-01 2.708765746598429587e+02
1.961961961961961876e-01 2.708850486776995581e+02
1.970720720720720576e-01 2.708935226955561575e+02
1.979479479479479553e-01 2.709019967134128137e+02
1.988238238238238254e-01 2.709104707312693563e+02
1.996996996996996954e-01 2.709189447491259557e+02
2.005755755755755654e-01 2.709274187669825551e+02
2.014514514514514631e-01 2.709358927848390977e+02
2.023273273273273332e-01 2.709443668026958107e+02
2.032032032032032032e-01 2.709528408205524102e+02
2.040790790790790732e-01 2.709613148384090096e+02
2.049549549549549432e-01 2.709704256036873176e+02
2.058308308308308410e-01 2.709815118063061163e+02
2.067067067067067110e-01 2.709925980089249151e+02
2.075825825825825810e-01 2.710036842115437139e+02
2.084584584584584510e-01 2.710147704141625127e+02
2.093343343343343210e-01 2.710257184843864593e+02
2.102102102102102188e-01 2.710359577915422165e+02
2.110860860860860888e-01 2.710461970986979168e+02
2.119619619619619588e-01 2.710564364058536739e+02
2.128378378378378288e-01 2.710666757130094311e+02
2.137137137137136988e-01 2.710769150201651883e+02
2.145895895895895966e-01 2.710871543273209454e+02
2.154654654654654666e-01 2.710973936344767026e+02
2.163413413413413366e-01 2.711076329416324029e+02
2.172172172172172067e-01 2.711186844349592207e+02
2.180930930930931044e-01 2.711310938012817928e+02
2.189689689689689744e-01 2.711435031676044218e+02
2.198448448448448445e-01 2.711559125339269940e+02
2.207207207207207145e-01 2.711683219002495662e+02
2.215965965965965845e-01 2.711807312665721952e+02
2.224724724724724823e-01 2.711931406328948242e+02
2.233483483483483523e-01 2.712055499992173964e+02
2.242242242242242223e-01 2.712179593655399685e+02
2.251001001001000923e-01 2.712303687318625975e+02
2.259759759759759623e-01 2.712427780981852266e+02
2.268518518518518601e-01 2.712551874645077987e+02
2.277277277277277301e-01 2.712675968308303709e+02
2.286036036036036001e-01 2.712800061971529999e+02
2.294794794794794701e-01 2.712924155634755721e+02
2.303553553553553401e-01 2.713048249297982011e+02
2.312312312312312379e-01 2.713170237224344987e+02
2.321071071071071079e-01 2.713275074268463527e+02
2.329829829829829779e-01 2.713347765849983375e+02
2.338588588588588479e-01 2.713414110129735946e+02
2.347347347347347457e-01 2.713478952041752450e+02
2.356106106106106157e-01 2.713527614570978130e+02
2.364864864864864857e-01 2.713576210651810356e+02
2.373623623623623557e-01 2.713624806732642014e+02
2.382382382382382258e-01 2.713673402813474809e+02
2.391141141141141235e-01 2.713721998894307035e+02
2.399899899899899935e-01 2.713770594975139261e+02
2.408658658658658636e-01 2.713819191055970919e+02
2.417417417417417336e-01 2.713867787136803145e+02
2.426176176176176036e-01 2.713916383217635371e+02
2.434934934934935014e-01 2.713964979298467597e+02
2.443693693693693714e-01 2.714013575379299255e+02
2.452452452452452414e-01 2.714062171460132049e+02
2.461211211211211114e-01 2.714110767540964275e+02
2.469969969969969814e-01 2.714159363621796501e+02
2.478728728728728792e-01 2.714207959702628159e+02
2.487487487487487492e-01 2.714256555783460954e+02
2.496246246246246192e-01 2.714305151864292611e+02
2.505005005005004892e-01 2.714353747945125406e+02
2.513763763763763870e-01 2.714399693511618352e+02
2.522522522522522292e-01 2.714445238613586753e+02
2.531281281281281270e-01 2.714490783715554585e+02
2.540040040040040248e-01 2.714536328817522417e+02
2.548798798798798670e-01 2.714581873919490818e+02
2.557557557557557648e-01 2.714627419021459218e+02
2.566316316316316071e-01 2.714658210706263617e+02
2.575075075075075048e-01 2.714684866229962950e+02
2.583833833833834026e-01 2.714711521753662282e+02
2.592592592592592449e-01 2.714738177277361046e+02
2.601351351351351426e-01 2.714764832801060379e+02
2.610110110110109849e-01 2.714791488324759712e+02
2.618868868868868827e-01 2.714818143848459044e+02
2.627627627627627804e-01 2.714844799372157809e+02
2.636386386386386227e-01 2.714871454895857141e+02
2.645145145145145205e-01 2.714897675018447671e+02
2.653903903903903627e-01 2.714919679768196943e+02
2.662662662662662605e-01 2.714941684517946783e+02
2.671421421421421583e-01 2.714963689267696054e+02
2.680180180180180005e-01 2.714985694017445894e+02
2.688938938938938983e-01 2.715007698767195734e+02
2.697697697697697405e-01 2.715029703516945006e+02
2.706456456456456383e-01 2.715051708266694845e+02
2.715215215215215361e-01 2.715073713016444117e+02
2.723973973973973783e-01 2.715095717766193957e+02
2.732732732732732761e-01 2.715116930341162060e+02
2.741491491491491739e-01 2.715137888914734958e+02
2.750250250250250161e-01 2.715158847488307856e+02
2.759009009009009139e-01 2.715179806061880186e+02
2.767767767767767562e-01 2.715200764635453083e+02
2.776526526526526539e-01 2.715221723209025981e+02
2.785285285285285517e-01 2.715242681782599448e+02
2.794044044044043940e-01 2.715263640356171777e+02
2.802802802802802917e-01 2.715284598929744675e+02
2.811561561561561340e-01 2.715305557503317004e+02
2.820320320320320318e-01 2.715326516076890471e+02
2.829079079079079295e-01 2.715347474650462800e+02
2.837837837837837718e-01 2.715368433224035698e+02
2.846596596596596696e-01 2.715385135274580080e+02
2.855355355355355118e-01 2.715397795828591256e+02
2.864114114114114096e-01 2.715411828407841313e+02
2.872872872872873073e-01 2.715412958803341326e+02
2.881631631631631496e-01 2.715413881146964172e+02
2.890390390390390474e-01 2.715414803490587587e+02
2.899149149149148896e-01 2.715415725834211003e+02
2.907907907907907874e-01 2.715416648177833849e+02
2.916666666666666852e-01 2.715423536860579929e+02
2.925425425425425274e-01 2.715435897328735564e+02
2.934184184184184252e-01 2.715448257796891198e+02
2.942942942942942675e-01 2.715460618265046264e+02
2.951701701701701652e-01 2.715472978733201899e+02
2.960460460460460630e-01 2.715485339201356965e+02
2.969219219219219053e-01 2.715497699669512599e+02
2.977977977977978030e-01 2.715510060137668233e+02
2.986736736736736453e-01 2.715522420605823868e+02
2.995495495495495430e-01 2.715534699581376685e+02
3.004254254254254408e-01 2.715546969651663289e+02
3.013013013013012831e-01 2.715559239721950462e+02
3.021771771771771808e-01 2.715571509792237066e+02
3.030530530530530231e-01 2.715583779862524239e+02
3.039289289289289209e-01 2.715596049932810843e+02
3.048048048048048186e-01 2.715608320003098015e+02
3.056806806806806609e-01 2.715620590073384619e+02
3.065565565565565587e-01 2.715632860143671792e+02
3.074324324324324564e-01 2.715645130213958964e+02
3.083083083083082987e-01 2.715657400284245568e+02
3.091841841841841965e-01 2.715669670354532741e+02
3.100600600600600387e-01 2.715676892552318691e+02
3.109359359359359365e-01 2.715679133687534659e+02
3.118118118118118343e-01 2.715678794839681700e+02
3.126876876876876765e-01 2.715671360262734879e+02
3.135635635635635743e-01 2.715668708081782370e+02
3.144394394394394165e-01 2.715658495497835929e+02
3.153153153153153143e-01 2.715648282913889489e+02
3.161911911911912121e-01 2.715638070329943048e+02
3.170670670670670543e-01 2.715627857745996607e+02
3.179429429429429521e-01 2.715617645162050167e+02
3.188188188188187944e-01 2.715607432578104294e+02
3.196946946946946921e-01 2.715597219994156717e+02
3.205705705705705899e-01 2.715587007410210845e+02
3.214464464464464322e-01 2.715576794826264404e+02
3.223223223223223299e-01 2.715566582242317963e+02
3.231981981981981722e-01 2.715556369658370954e+02
3.240740740740740700e-01 2.715546157074425082e+02
3.249499499499499677e-01 2.715535944490478641e+02
3.258258258258258100e-01 2.715525731906532201e+02
3.267017017017017078e-01 2.715515519322586329e+02
3.275775775775775500e-01 2.715505306738639320e+02
3.284534534534534478e-01 2.715495094154692879e+02
3.293293293293293456e-01 2.715484881570746438e+02
3.302052052052051878e-01 2.715474668986800566e+02
3.310810810810810856e-01 2.715464456402853557e+02
3.319569569569569278e-01 2.715454243818907116e+02
3.328328328328328256e-01 2.715444031234961244e+02
3.337087087087087234e-01 2.715433818651014235e+02
3.345845845845845656e-01 2.715423606067067794e+02
3.354604604604604634e-01 2.715413393483121354e+02
3.363363363363363057e-01 2.715403180899175481e+02
3.372122122122122034e-01 2.715392968315229041e+02
3.380880880880881012e-01 2.715382578030983041e+02
3.389639639639639435e-01 2.715372147534690725e+02
3.398398398398398412e-01 2.715361717038398410e+02
3.407157157157157390e-01 2.715351286542106095e+02
3.415915915915915813e-01 2.715340856045813780e+02
3.424674674674674790e-01 2.715330425549521465e+02
3.433433433433433213e-01 2.715306997738069867e+02
3.442192192192192191e-01 2.715277425882804323e+02
3.450950950950951168e-01 2.715242884958389027e+02
3.459709709709709591e-01 2.715208344033974299e+02
3.468468468468468568e-01 2.715173803109559003e+02
3.477227227227226991e-01 2.715139262185143707e+02
3.485985985985985969e-01 2.715104721260728411e+02
3.494744744744744946e-01 2.715070180336313115e+02
3.503503503503503369e-01 2.715035639411898387e+02
3.512262262262262347e-01 2.715001098487483659e+02
3.521021021021020769e-01 2.714966557563068363e+02
3.529779779779779747e-01 2.714932016638653067e+02
3.538538538538538725e-01 2.714897475714237771e+02
3.547297297297297147e-01 2.714862934789823044e+02
3.556056056056056125e-01 2.714828393865407747e+02
3.564814814814814548e-01 2.714793852940991883e+02
3.573573573573573525e-01 2.714759312016577155e+02
3.582332332332332503e-01 2.714724771092161859e+02
3.591091091091090926e-01 2.714690230167746563e+02
3.599849849849849903e-01 2.714655689243331835e+02
3.608608608608608326e-01 2.714621148318917108e+02
3.617367367367367303e-01 2.714586607394501243e+02
3.626126126126126281e-01 2.714560971139062531e+02
3.634884884884884704e-01 2.714536320300545071e+02
3.643643643643643681e-01 2.714511669462027612e+02
3.652402402402402104e-01 2.714487018623510153e+02
3.661161161161161082e-01 2.714462367784993262e+02
3.669919919919920059e-01 2.714422881936129670e+02
3.678678678678678482e-01 2.714382868899981531e+02
3.687437437437437460e-01 2.714342855863833393e+02
3.696196196196196437e-01 2.714302842827685254e+02
3.704954954954954860e-01 2.714262829791536547e+02
3.713713713713713838e-01 2.714222816755388408e+02
3.722472472472472260e-01 2.714182803719239701e+02
3.731231231231231238e-01 2.714142790683091562e+02
3.739989989989990216e-01 2.714102777646942855e+02
3.748748748748748638e-01 2.714062764610794716e+02
3.757507507507507616e-01 2.714022751574646577e+02
3.766266266266266038e-01 2.713982738538497870e+02
3.775025025025025016e-01 2.713942725502349731e+02
3.783783783783783994e-01 2.713902712466201024e+02
3.792542542542542416e-01 2.713862699430052885e+02
3.801301301301301394e-01 2.713822425418739499e+02
3.810060060060059817e-01 2.713779785868763383e+02
3.818818818818818794e-01 2.713737146318787268e+02
3.827577577577577772e-01 2.713696302548179915e+02
3.836336336336336195e-01 2.713664716461312878e+02
3.845095095095095172e-01 2.713622394270786344e+02
3.853853853853853595e-01 2.713575713309536468e+02
3.862612612612612573e-01 2.713529032348286592e+02
3.871371371371371550e-01 2.713482351387037284e+02
3.880130130130129973e-01 2.713435670425787407e+02
3.888888888888888951e-01 2.713388989464537531e+02
3.897647647647647373e-01 2.713341618377477289e+02
3.906406406406406351e-01 2.713293986502772555e+02
3.915165165165165329e-01 2.713246354628067820e+02
3.923923923923923751e-01 2.713198722753363086e+02
3.932682682682682729e-01 2.713151090878658351e+02
3.941441441441441151e-01 2.713103459003953617e+02
3.950200200200200129e-01 2.713055827129248883e+02
3.958958958958959107e-01 2.713008195254543580e+02
3.967717717717717529e-01 2.712954773893464449e+02
3.976476476476476507e-01 2.712865306291552656e+02
3.985235235235234930e-01 2.712775838689640295e+02
3.993993993993993907e-01 2.712686371087727935e+02
4.002752752752752885e-01 2.712596903485815574e+02
4.011511511511511308e-01 2.712507435883903781e+02
4.020270270270270285e-01 2.712417968281991421e+02
4.029029029029029263e-01 2.712328500680079628e+02
4.037787787787787686e-01 2.712239033078167267e+02
4.046546546546546663e-01 2.712149565476254907e+02
4.055305305305305086e-01 2.712060097874343114e+02
4.064064064064064064e-01 2.711970630272430753e+02
4.072822822822823041e-01 2.711881162670518961e+02
4.081581581581581464e-01 2.711791695068606600e+02
4.090340340340340441e-01 2.711702227466694239e+02
4.099099099099098864e-01 2.711612759864781879e+02
4.107857857857857842e-01 2.711523292262870086e+02
4.116616616616616819e-01 2.711433824660957725e+02
4.125375375375375242e-01 2.711344357059045365e+02
4.134134134134134220e-01 2.711254889457133572e+02
4.142892892892892642e-01 2.711165421855221211e+02
4.151651651651651620e-01 2.711075954253309419e+02
4.160410410410410598e-01 2.710986486651397058e+02
4.169169169169169020e-01 2.710897019049485266e+02
4.177927927927927998e-01 2.710818566557150007e+02
4.186686686686686421e-01 2.710742508702463738e+02
4.195445445445445398e-01 2.710666450847776900e+02
4.204204204204204376e-01 2.710590392993090063e+02
4.212962962962962798e-01 2.710514335138403794e+02
4.221721721721721776e-01 2.710438277283716957e+02
4.230480480480480199e-01 2.710352155446471443e+02
4.239239239239239176e-01 2.710247125557920640e+02
4.247997997997998154e-01 2.710142095669370406e+02
4.256756756756756577e-01 2.710038893448383988e+02
4.265515515515515554e-01 2.709940410895515583e+02
4.274274274274273977e-01 2.709840406146551004e+02
4.283033033033032955e-01 2.709736518003373931e+02
4.291791791791791932e-01 2.709632629860196857e+02
4.300550550550550355e-01 2.709528741717019784e+02
4.309309309309309333e-01 2.709424853573842711e+02
4.318068068068067755e-01 2.709320965430665069e+02
4.326826826826826733e-01 2.709217077287487996e+02
4.335585585585585711e-01 2.709113189144310354e+02
4.344344344344344133e-01 2.709009301001133281e+02
4.353103103103103111e-01 2.708905412857956208e+02
4.361861861861862089e-01 2.708801524714779134e+02
4.370620620620620511e-01 2.708697636571602061e+02
4.379379379379379489e-01 2.708593748428424988e+02
4.388138138138137911e-01 2.708489860285246777e+02
4.396896896896896889e-01 2.708385972142070273e+02
4.405655655655655867e-01 2.708282083998893199e+02
4.414414414414414289e-01 2.708178195855716126e+02
4.423173173173173267e-01 2.708074307712538484e+02
4.431931931931931690e-01 2.707968318756305734e+02
4.440690690690690667e-01 2.707858900826776676e+02
4.449449449449449645e-01 2.707749482897247049e+02
4.458208208208208068e-01 2.707640064967717990e+02
4.466966966966967045e-01 2.707513390913842386e+02
4.475725725725725468e-01 2.707401216831092938e+02
4.484484484484484446e-01 2.707290716472643908e+02
4.493243243243243423e-01 2.707180216114194309e+02
4.502002002002001846e-01 2.707069715755745278e+02
4.510760760760760824e-01 2.706959215397295679e+02
4.519519519519519246e-01 2.706848715038846080e+02
4.528278278278278224e-01 2.706738214680396482e+02
4.537037037037037202e-01 2.706627714321947451e+02
4.545795795795795624e-01 2.706513136995073978e+02
4.554554554554554602e-01 2.706399205094468243e+02
4.563313313313313024e-01 2.706285804320658599e+02
4.572072072072072002e-01 2.706157002832918579e+02
4.580830830830830980e-01 2.706028201345178559e+02
4.589589589589589402e-01 2.705899399857437402e+02
4.598348348348348380e-01 2.705770598369696813e+02
4.607107107107106803e-01 2.705641796881956225e+02
4.615865865865865780e-01 2.705512995394215636e+02
4.624624624624624758e-01 2.705384193906475048e+02
4.633383383383383181e-01 2.705255392418734459e+02
4.642142142142142158e-01 2.705126590930993871e+02
4.650900900900901136e-01 2.704997789443252714e+02
4.659659659659659559e-01 2.704868987955512694e+02
4.668418418418418536e-01 2.704740186467771537e+02
4.677177177177176959e-01 2.704611384980031517e+02
4.685935935935935936e-01 2.704482583492290360e+02
4.694694694694694914e-01 2.704353782004550339e+02
4.703453453453453337e-01 2.704224980516809751e+02
4.712212212212212314e-01 2.704099759530664642e+02
4.720970970970970737e-01 2.703986053036932731e+02
4.729729729729729715e-01 2.703872346543200820e+02
4.738488488488488692e-01 2.703758629667283913e+02
4.747247247247247115e-01 2.703643820597445711e+02
4.756006006006006093e-01 2.703529011527606940e+02
4.764764764764764515e-01 2.703414202457768738e+02
4.773523523523523493e-01 2.703299393387929968e+02
4.782282282282282471e-01 2.703184584318092334e+02
4.791041041041040893e-01 2.703069775248253563e+02
4.799799799799799871e-01 2.702954966178414793e+02
4.808558558558558294e-01 2.702840157108576591e+02
4.817317317317317271e-01 2.702725348038738389e+02
4.826076076076076249e-01 2.702610538968899618e+02
4.834834834834834671e-01 2.702495729899061416e+02
4.843593593593593649e-01 2.702380920829223214e+02
4.852352352352352072e-01 2.702266111759384444e+02
4.861111111111111049e-01 2.702151400435488995e+02
4.869869869869870027e-01 2.702037933545470310e+02
4.878628628628628450e-01 2.701924466655451624e+02
4.887387387387387427e-01 2.701810999765432939e+02
4.896146146146145850e-01 2.701687187830157768e+02
4.904904904904904828e-01 2.701542534562474316e+02
4.913663663663663805e-01 2.701397881294790864e+02
4.922422422422422228e-01 2.701253228027107411e+02
4.931181181181181206e-01 2.701108574759423959e+02
4.939939939939939628e-01 2.700963921491739939e+02
4.948698698698698606e-01 2.700819268224055918e+02
4.957457457457457584e-01 2.700674614956372466e+02
4.966216216216216006e-01 2.700529961688689013e+02
4.974974974974974984e-01 2.700388114512389279e+02
4.983733733733733962e-01 2.700219690988869843e+02
4.992492492492492384e-01 2.700021017719500946e+02
5.001251251251250807e-01 2.699818710625619360e+02
5.010010010010009784e-01 2.699616403531738342e+02
5.018768768768768762e-01 2.699414096437857893e+02
5.027527527527527740e-01 2.699211789343976307e+02
5.036286286286286717e-01 2.699009482250095289e+02
5.045045045045044585e-01 2.698807175156214271e+02
5.053803803803803563e-01 2.698604868062333253e+02
5.062562562562562540e-01 2.698402560968452235e+02
5.071321321321321518e-01 2.698200253874570649e+02
5.080080080080080496e-01 2.697997946780689631e+02
5.088838838838838363e-01 2.697795639686808613e+02
5.097597597597597341e-01 2.697593332592927595e+02
5.106356356356356319e-01 2.697391025499046577e+02
5.115115115115115296e-01 2.697188718405165559e+02
5.123873873873874274e-01 2.696986411311283973e+02
5.132632632632632141e-01 2.696784104217403524e+02
5.141391391391391119e-01 2.696581797123521937e+02
5.150150150150150097e-01 2.696379490029640920e+02
5.158908908908909074e-01 2.696177182935759902e+02
5.167667667667668052e-01 2.695974875841878884e+02
5.176426426426425920e-01 2.695772568747997866e+02
5.185185185185184897e-01 2.695570261654116848e+02
5.193943943943943875e-01 2.695367954560235830e+02
5.202702702702702853e-01 2.695175657425634768e+02
5.211461461461461830e-01 2.694989094398997622e+02
5.220220220220219698e-01 2.694802531372359908e+02
5.228978978978978676e-01 2.694608457101132899e+02
5.237737737737737653e-01 2.694388123235332841e+02
5.246496496496496631e-01 2.694167789369532784e+02
5.255255255255255609e-01 2.693947455503732726e+02
5.264014014014013476e-01 2.693726871904830773e+02
5.272772772772772454e-01 2.693501390687105754e+02
5.281531531531531432e-01 2.693279114105628764e+02
5.290290290290290409e-01 2.693067563265479976e+02
5.299049049049049387e-01 2.692853445284497411e+02
5.307807807807807254e-01 2.692623177105818399e+02
5.316566566566566232e-01 2.692392908927139956e+02
5.325325325325325210e-01 2.692162640748460944e+02
5.334084084084084187e-01 2.691932372569781933e+02
5.342842842842843165e-01 2.691702104391103489e+02
5.351601601601601033e-01 2.691471836212425046e+02
5.360360360360360010e-01 2.691241568033746034e+02
5.369119119119118988e-01 2.691011299855067023e+02
5.377877877877877966e-01 2.690781031676388579e+02
5.386636636636636943e-01 2.690550763497709568e+02
5.395395395395394811e-01 2.690320495319031124e+02
5.404154154154153789e-01 2.690090227140352113e+02
5.412912912912912766e-01 2.689859958961673669e+02
5.421671671671671744e-01 2.689629690782994658e+02
5.430430430430430722e-01 2.689399422604315646e+02
5.439189189189188589e-01 2.689169154425637203e+02
5.447947947947947567e-01 2.688938886246958191e+02
5.456706706706706544e-01 2.688708618068279748e+02
5.465465465465465522e-01 2.688478349889601304e+02
5.474224224224224500e-01 2.688248081710922293e+02
5.482982982982983478e-01 2.688017813532243281e+02
5.491741741741741345e-01 2.687787545353564838e+02
5.500500500500500323e-01 2.687556889946196179e+02
5.509259259259259300e-01 2.687324065443938252e+02
5.518018018018018278e-01 2.687091240941681463e+02
5.526776776776777256e-01 2.686858416439423536e+02
5.535535535535535123e-01 2.686625591937166746e+02
5.544294294294294101e-01 2.686388648425783572e+02
5.553053053053053079e-01 2.686130297242610823e+02
5.561811811811812056e-01 2.685865841545344779e+02
5.570570570570571034e-01 2.685601385848078735e+02
5.579329329329328901e-01 2.685330249737510826e+02
5.588088088088087879e-01 2.685056153611957939e+02
5.596846846846846857e-01 2.684782057486404483e+02
5.605605605605605835e-01 2.684507961360851596e+02
5.614364364364364812e-01 2.684233865235297571e+02
5.623123123123122680e-01 2.683959769109744684e+02
5.631881881881881657e-01 2.683685672984191797e+02
5.640640640640640635e-01 2.683411576858638341e+02
5.649399399399399613e-01 2.683137480733084885e+02
5.658158158158158590e-01 2.682866642673407682e+02
5.666916916916916458e-01 2.682603255781114058e+02
5.675675675675675436e-01 2.682339868888820433e+02
5.684434434434434413e-01 2.682076481996526809e+02
5.693193193193193391e-01 2.681813095104233753e+02
5.701951951951952369e-01 2.681549708211939560e+02
5.710710710710710236e-01 2.681286321319645936e+02
5.719469469469469214e-01 2.681022934427352880e+02
5.728228228228228192e-01 2.680759547535059255e+02
5.736986986986987169e-01 2.680496160642765631e+02
5.745745745745746147e-01 2.680232773750472006e+02
5.754504504504504014e-01 2.679969386858178382e+02
5.763263263263262992e-01 2.679705999965884757e+02
5.772022022022021970e-01 2.679442613073591133e+02
5.780780780780780947e-01 2.679179226181297508e+02
5.789539539539539925e-01 2.678915839289003884e+02
5.798298298298297793e-01 2.678652452396710260e+02
5.807057057057056770e-01 2.678377526153241206e+02
5.815815815815815748e-01 2.678100537277668991e+02
5.824574574574574726e-01 2.677823548402097344e+02
5.833333333333333703e-01 2.677546559526525698e+02
5.842092092092091571e-01 2.677271206361704685e+02
5.850850850850850549e-01 2.677005559767050045e+02
5.859609609609609526e-01 2.676739913172394836e+02
5.868368368368368504e-01 2.676474266577740195e+02
5.877127127127127482e-01 2.676208619983085555e+02
5.885885885885885349e-01 2.675942973388430914e+02
5.894644644644644327e-01 2.675662302330111402e+02
5.903403403403403304e-01 2.675379625703858437e+02
5.912162162162162282e-01 2.675096949077606610e+02
5.920920920920921260e-01 2.674814272451354213e+02
5.929679679679679127e-01 2.674526695765307522e+02
5.938438438438438105e-01 2.674211037962863315e+02
5.947197197197197083e-01 2.673895380160419109e+02
5.955955955955956060e-01 2.673579722357974333e+02
5.964714714714715038e-01 2.673264064555530695e+02
5.973473473473472906e-01 2.672948406753086488e+02
5.982232232232231883e-01 2.672632748950642281e+02
5.990990990990990861e-01 2.672317091148198074e+02
5.999749749749749839e-01 2.672001433345753867e+02
6.008508508508508816e-01 2.671685775543309660e+02
6.017267267267266684e-01 2.671370117740865453e+02
6.026026026026025662e-01 2.671054459938420678e+02
6.034784784784784639e-01 2.670725866463341731e+02
6.043543543543543617e-01 2.670395880993229412e+02
6.052302302302302595e-01 2.670065895523116524e+02
6.061061061061060462e-01 2.669735910053003636e+02
6.069819819819819440e-01 2.669405924582891316e+02
6.078578578578578417e-01 2.669075939112778428e+02
6.087337337337337395e-01 2.668745953642666109e+02
6.096096096096096373e-01 2.668415968172553221e+02
6.104854854854855351e-01 2.668067630552457103e+02
6.113613613613613218e-01 2.667682144712433683e+02
6.122372372372372196e-01 2.667296658872409694e+02
6.131131131131131173e-01 2.666911173032386273e+02
6.139889889889890151e-01 2.666525687192362852e+02
6.148648648648649129e-01 2.666140201352338863e+02
6.157407407407406996e-01 2.665754715512315443e+02
6.166166166166165974e-01 2.665369229672292022e+02
6.174924924924924952e-01 2.664983743832268601e+02
6.183683683683683929e-01 2.664610708226697398e+02
6.192442442442442907e-01 2.664261243995779296e+02
6.201201201201200774e-01 2.663911779764861194e+02
6.209959959959959752e-01 2.663556826385051863e+02
6.218718718718718730e-01 2.663164767400022583e+02
6.227477477477477708e-01 2.662772708414992167e+02
6.236236236236236685e-01 2.662380649429962887e+02
6.244994994994994553e-01 2.661988590444932470e+02
6.253753753753753530e-01 2.661596531459903190e+02
6.262512512512512508e-01 2.661192281447266055e+02
6.271271271271271486e-01 2.660787552909930582e+02
6.280030030030030463e-01 2.660372610564205615e+02
6.288788788788788331e-01 2.659955610354061832e+02
6.297547547547547309e-01 2.659538610143918049e+02
6.306306306306306286e-01 2.659121609933774835e+02
6.315065065065065264e-01 2.658704609723630483e+02
6.323823823823824242e-01 2.658287609513486700e+02
6.332582582582582109e-01 2.657870609303342917e+02
6.341341341341341087e-01 2.657452073762933651e+02
6.350100100100100065e-01 2.657032187077078902e+02
6.358858858858859042e-01 2.656612300391223016e+02
6.367617617617618020e-01 2.656192413705367699e+02
6.376376376376375887e-01 2.655772527019512381e+02
6.385135135135134865e-01 2.655352640333655927e+02
6.393893893893893843e-01 2.654932753647801178e+02
6.402652652652652820e-01 2.654512866961945292e+02
6.411411411411411798e-01 2.654092980276089975e+02
6.420170170170169666e-01 2.653673093590234657e+02
6.428928928928928643e-01 2.653247960260647460e+02
6.437687687687687621e-01 2.652821903472215581e+02
6.446446446446446599e-01 2.652400119949474515e+02
6.455205205205205576e-01 2.651994777847163505e+02
6.463963963963963444e-01 2.651589435744852494e+02
6.472722722722722422e-01 2.651184093642541484e+02
6.481481481481481399e-01 2.650778751540229905e+02
6.490240240240240377e-01 2.650373409437918326e+02
6.498998998998999355e-01 2.649968067335607884e+02
6.507757757757757222e-01 2.649562725233296305e+02
6.516516516516516200e-01 2.649157383130985295e+02
6.525275275275275177e-01 2.648752041028674284e+02
6.534034034034034155e-01 2.648352016487917240e+02
6.542792792792793133e-01 2.647934610321945570e+02
6.551551551551551000e-01 2.647488779151599374e+02
6.560310310310309978e-01 2.647042947981253178e+02
6.569069069069068956e-01 2.646597116810906982e+02
6.577827827827827933e-01 2.646151285640560786e+02
6.586586586586586911e-01 2.645705454470214022e+02
6.595345345345344779e-01 2.645259623299867826e+02
6.604104104104103756e-01 2.644813792129521630e+02
6.612862862862862734e-01 2.644367960959175434e+02
6.621621621621621712e-01 2.643922129788829238e+02
6.630380380380380689e-01 2.643476298618483042e+02
6.639139139139138557e-01 2.643030467448136847e+02
6.647897897897897534e-01 2.642452918583697965e+02
6.656656656656656512e-01 2.641873288194216229e+02
6.665415415415415490e-01 2.641293657804734494e+02
6.674174174174174468e-01 2.640714027415252758e+02
6.682932932932932335e-01 2.640134397025771023e+02
6.691691691691691313e-01 2.639554766636289287e+02
6.700450450450450290e-01 2.638975136246806983e+02
6.709209209209209268e-01 2.638395505857324679e+02
6.717967967967968246e-01 2.637815875467842943e+02
6.726726726726726113e-01 2.637236245078361208e+02
6.735485485485485091e-01 2.636649535920660128e+02
6.744244244244244069e-01 2.636038051431339113e+02
6.753003003003003046e-01 2.635426566942018667e+02
6.761761761761762024e-01 2.634815082452698221e+02
6.770520520520521002e-01 2.634203597963377206e+02
6.779279279279278869e-01 2.633592113474056760e+02
6.788038038038037847e-01 2.632980628984736313e+02
6.796796796796796825e-01 2.632369144495415867e+02
6.805555555555555802e-01 2.631761965140697157e+02
6.814314314314314780e-01 2.631165892693501860e+02
6.823073073073072647e-01 2.630569820246307131e+02
6.831831831831831625e-01 2.629973747799111834e+02
6.840590590590590603e-01 2.629377675351917105e+02
6.849349349349349581e-01 2.628781602904721808e+02
6.858108108108108558e-01 2.628185530457527079e+02
6.866866866866866426e-01 2.627589458010331782e+02
6.875625625625625403e-01 2.626993385563136485e+02
6.884384384384384381e-01 2.626397313115941188e+02
6.893143143143143359e-01 2.625801240668746459e+02
6.901901901901902336e-01 2.625228172880729858e+02
6.910660660660660204e-01 2.624693003609847324e+02
6.919419419419419182e-01 2.624157834338964790e+02
6.928178178178178159e-01 2.623622665068082256e+02
6.936936936936937137e-01 2.623087495797199722e+02
6.945695695695696115e-01 2.622552326526317756e+02
6.954454454454453982e-01 2.622017157255435222e+02
6.963213213213212960e-01 2.621481987984552688e+02
6.971971971971971938e-01 2.620946818713670154e+02
6.980730730730730915e-01 2.620405845771471149e+02
6.989489489489489893e-01 2.619852563757576718e+02
6.998248248248247760e-01 2.619290135037656455e+02
7.007007007007006738e-01 2.618727706317735056e+02
7.015765765765765716e-01 2.618165277597813656e+02
7.024524524524524693e-01 2.617602848877892825e+02
7.033283283283283671e-01 2.617040420157971994e+02
7.042042042042041539e-01 2.616477991438050594e+02
7.050800800800800516e-01 2.615915562718129763e+02
7.059559559559559494e-01 2.615345039256042696e+02
7.068318318318318472e-01 2.614765467329867192e+02
7.077077077077077449e-01 2.614185895403691120e+02
7.085835835835835317e-01 2.613606323477515048e+02
7.094594594594594295e-01 2.613026751551339544e+02
7.103353353353353272e-01 2.612447179625163471e+02
7.112112112112112250e-01 2.611867607698987968e+02
7.120870870870871228e-01 2.611288035772811327e+02
7.129629629629629095e-01 2.610708463846635823e+02
7.138388388388388073e-01 2.610128891920460319e+02
7.147147147147147050e-01 2.609534847576279049e+02
7.155905905905906028e-01 2.608930947142634409e+02
7.164664664664665006e-01 2.608327046708990338e+02
7.173423423423422873e-01 2.607723146275345698e+02
7.182182182182181851e-01 2.607119245841701058e+02
7.190940940940940829e-01 2.606515345408056419e+02
7.199699699699699806e-01 2.605911444974412348e+02
7.208458458458458784e-01 2.605307544540767708e+02
7.217217217217216652e-01 2.604703644107123637e+02
7.225975975975975629e-01 2.604102607638720315e+02
7.234734734734734607e-01 2.603503403937233429e+02
7.243493493493493585e-01 2.602904200235747112e+02
7.252252252252252562e-01 2.602292857812477109e+02
7.261011011011010430e-01 2.601621380338708605e+02
7.269769769769769407e-01 2.600949902864940100e+02
7.278528528528528385e-01 2.600278425391171595e+02
7.287287287287287363e-01 2.599606947917402522e+02
7.296046046046046341e-01 2.598935470443634017e+02
7.304804804804804208e-01 2.598263992969865512e+02
7.313563563563563186e-01 2.597592515496096439e+02
7.322322322322322163e-01 2.596921038022327934e+02
7.331081081081081141e-01 2.596249560548559430e+02
7.339839839839840119e-01 2.595578083074790925e+02
7.348598598598597986e-01 2.594906605601022420e+02
7.357357357357356964e-01 2.594235128127253915e+02
7.366116116116115942e-01 2.593563650653484842e+02
7.374874874874874919e-01 2.592892173179716337e+02
7.383633633633633897e-01 2.592220695705947833e+02
7.392392392392392875e-01 2.591549218232179328e+02
7.401151151151150742e-01 2.590877740758410823e+02
7.409909909909909720e-01 2.590206263284641750e+02
7.418668668668668698e-01 2.589538834022463334e+02
7.427427427427427675e-01 2.588876945585475369e+02
7.436186186186186653e-01 2.588215057148486835e+02
7.444944944944944520e-01 2.587524895371666389e+02
7.453703703703703498e-01 2.586748989478446674e+02
7.462462462462462476e-01 2.585973083585227528e+02
7.471221221221221453e-01 2.585197177692007813e+02
7.479979979979980431e-01 2.584425880232303143e+02
7.488738738738738299e-01 2.583703294189666622e+02
7.497497497497497276e-01 2.582980708147029532e+02
7.506256256256256254e-01 2.582276997967471175e+02
7.515015015015015232e-01 2.581606785704597087e+02
7.523773773773774209e-01 2.580936573441723567e+02
7.532532532532532077e-01 2.580266361178850048e+02
7.541291291291291055e-01 2.579596148915975959e+02
7.550050050050050032e-01 2.578925936653102440e+02
7.558808808808809010e-01 2.578255724390228352e+02
7.567567567567567988e-01 2.577585512127354832e+02
7.576326326326325855e-01 2.576915299864480744e+02
7.585085085085084833e-01 2.576245087601607224e+02
7.593843843843843811e-01 2.575574875338733136e+02
7.602602602602602788e-01 2.574904663075859617e+02
7.611361361361361766e-01 2.574234450812986097e+02
7.620120120120119633e-01 2.573564238550112577e+02
7.628878878878878611e-01 2.572894026287238489e+02
7.637637637637637589e-01 2.572225585636118126e+02
7.646396396396396566e-01 2.571558026372138670e+02
7.655155155155155544e-01 2.570890467108159214e+02
7.663913913913913412e-01 2.570222907844179758e+02
7.672672672672672389e-01 2.569555348580200871e+02
7.681431431431431367e-01 2.568851806939352400e+02
7.690190190190190345e-01 2.568124937278078050e+02
7.698948948948949322e-01 2.567398067616803701e+02
7.707707707707707190e-01 2.566671197955529919e+02
7.716466466466466168e-01 2.565944328294256138e+02
7.725225225225225145e-01 2.565217458632981788e+02
7.733983983983984123e-01 2.564490588971707439e+02
7.742742742742743101e-01 2.563763719310433089e+02
7.751501501501500968e-01 2.563036849649159308e+02
7.760260260260259946e-01 2.562309979987884958e+02
7.769019019019018923e-01 2.561583110326611177e+02
7.777777777777777901e-01 2.560856240665337396e+02
7.786536536536536879e-01 2.560129371004063046e+02
7.795295295295294746e-01 2.559402501342788980e+02
7.804054054054053724e-01 2.558675631681514915e+02
7.812812812812812702e-01 2.557948762020241134e+02
7.821571571571571679e-01 2.557221892358966500e+02
7.830330330330330657e-01 2.556495968656527396e+02
7.839089089089088525e-01 2.555785656310288232e+02
7.847847847847847502e-01 2.555075343964049353e+02
7.856606606606606480e-01 2.554358990741200728e+02
7.865365365365365458e-01 2.553614334397468895e+02
7.874124124124124435e-01 2.552869678053736493e+02
7.882882882882882303e-01 2.552125021710004944e+02
7.891641641641641280e-01 2.551380365366272542e+02
7.900400400400400258e-01 2.550596871750583148e+02
7.909159159159159236e-01 2.549807484737223717e+02
7.917917917917918214e-01 2.548956291877037756e+02
7.926676676676676081e-01 2.548091333112210748e+02
7.935435435435435059e-01 2.547226374347383739e+02
7.944194194194194036e-01 2.546361415582556447e+02
7.952952952952953014e-01 2.545496456817729154e+02
7.961711711711711992e-01 2.544631498052901861e+02
7.970470470470469859e-01 2.543766539288074853e+02
7.979229229229228837e-01 2.542901580523247560e+02
7.987987987987987815e-01 2.542036621758420267e+02
7.996746746746746792e-01 2.541171662993592975e+02
8.005505505505505770e-01 2.540306704228766250e+02
8.014264264264264748e-01 2.539441745463938673e+02
8.023023023023022615e-01 2.538576786699111949e+02
8.031781781781781593e-01 2.537711827934284656e+02
8.040540540540540571e-01 2.536846869169457364e+02
8.049299299299299548e-01 2.535981910404630071e+02
8.058058058058058526e-01 2.535116951639802778e+02
8.066816816816816393e-01 2.534251992874975770e+02
8.075575575575575371e-01 2.533387034110148193e+02
8.084334334334334349e-01 2.532522075345321468e+02
8.093093093093093326e-01 2.531657116580494460e+02
8.101851851851852304e-01 2.530792157815667167e+02
8.110610610610610172e-01 2.529926924057130861e+02
8.119369369369369149e-01 2.529031517837632066e+02
8.128128128128128127e-01 2.528178538998834028e+02
8.136886886886887105e-01 2.527326995664222693e+02
8.145645645645646082e-01 2.526475452329611358e+02
8.154404404404403950e-01 2.525623908994999738e+02
8.163163163163162928e-01 2.524772365660388402e+02
8.171921921921921905e-01 2.523920822325776783e+02
8.180680680680680883e-01 2.523073675710877808e+02
8.189439439439439861e-01 2.522298395731566814e+02
8.198198198198197728e-01 2.521523115752256103e+02
8.206956956956956706e-01 2.520747835772945109e+02
8.215715715715715683e-01 2.519938934614312416e+02
8.224474474474474661e-01 2.519115449164494578e+02
8.233233233233233639e-01 2.518291963714677024e+02
8.241991991991991506e-01 2.517468478264859186e+02
8.250750750750750484e-01 2.516644992815041633e+02
8.259509509509509462e-01 2.515821507365224079e+02
8.268268268268268439e-01 2.514998021915406525e+02
8.277027027027027417e-01 2.514174536465588972e+02
8.285785785785785285e-01 2.513351051015771418e+02
8.294544544544544262e-01 2.512519461133878167e+02
8.303303303303303240e-01 2.511666855364171624e+02
8.312062062062062218e-01 2.510814249594465082e+02
8.320820820820821195e-01 2.509961643824758539e+02
8.329579579579579063e-01 2.509109038055052565e+02
8.338338338338338041e-01 2.508245889263760091e+02
8.347097097097097018e-01 2.507359657624637634e+02
8.355855855855855996e-01 2.506473425985514609e+02
8.364614614614614974e-01 2.505587194346392153e+02
8.373373373373372841e-01 2.504690160711645319e+02
8.382132132132131819e-01 2.503735189342026501e+02
8.390890890890890796e-01 2.502780217972407399e+02
8.399649649649649774e-01 2.501825246602788866e+02
8.408408408408408752e-01 2.500870275233170332e+02
8.417167167167166619e-01 2.499915303863551514e+02
8.425925925925925597e-01 2.498960332493932981e+02
8.434684684684684575e-01 2.498005361124314163e+02
8.443443443443443552e-01 2.497050389754695630e+02
8.452202202202202530e-01 2.496095418385076528e+02
8.460960960960960398e-01 2.495140447015458278e+02
8.469719719719719375e-01 2.494185475645839460e+02
8.478478478478478353e-01 2.493307230632790663e+02
8.487237237237237331e-01 2.492446592623957713e+02
8.495995995995996308e-01 2.491585954615124479e+02
8.504754754754754176e-01 2.490725316606292097e+02
8.513513513513513153e-01 2.489864678597459147e+02
8.522272272272272131e-01 2.489004040588625912e+02
8.531031031031031109e-01 2.488143402579792962e+02
8.539789789789790087e-01 2.487282764570960012e+02
8.548548548548547954e-01 2.486422126562127346e+02
8.557307307307306932e-01 2.485561488553294680e+02
8.566066066066065909e-01 2.484700850544461161e+02
8.574824824824824887e-01 2.483840212535628211e+02
8.583583583583583865e-01 2.482979574526795545e+02
8.592342342342341732e-01 2.482118936517962595e+02
8.601101101101100710e-01 2.481258298509129645e+02
8.609859859859859688e-01 2.480397660500296979e+02
8.618618618618618665e-01 2.479537022491463745e+02
8.627377377377377643e-01 2.478676384482630795e+02
8.636136136136135510e-01 2.477815746473797844e+02
8.644894894894894488e-01 2.476955108464965178e+02
8.653653653653653466e-01 2.476081967351349249e+02
8.662412412412412444e-01 2.475207100303042012e+02
8.671171171171171421e-01 2.474332233254735343e+02
8.679929929929930399e-01 2.473457366206428389e+02
8.688688688688688266e-01 2.472582499158121720e+02
8.697447447447447244e-01 2.471707632109814767e+02
8.706206206206206222e-01 2.470832765061507530e+02
8.714964964964965199e-01 2.469957898013200293e+02
8.723723723723724177e-01 2.469083030964893339e+02
8.732482482482482045e-01 2.468208163916586670e+02
8.741241241241241022e-01 2.467347365486339470e+02
8.750000000000000000e-01 2.466500000000000341e+02
