LineProbe
number of points: 1000 (fixed)
point 0: [0. 0. 0.]
point 1: [0.875 0.    0.   ]
-----

# T 1000
0.000000000000000000e+00 2.680928504805187913e+02
8.758758758758758683e-04 2.681065273489659262e+02
1.751751751751751737e-03 2.681202042174130042e+02
2.627627627627627388e-03 2.681338810858601391e+02
3.503503503503503473e-03 2.681475579543072740e+02
4.379379379379379558e-03 2.681620382522053205e+02
5.255255255255254776e-03 2.681767032327772995e+02
6.131131131131130861e-03 2.681914621697579832e+02
7.007007007007006946e-03 2.682076294390740827e+02
7.882882882882882164e-03 2.682237967083902390e+02
8.758758758758759116e-03 2.682399639777063385e+02
9.634634634634634334e-03 2.682561312470224379e+02
1.051051051051050955e-02 2.682722985163385374e+02
1.138638638638638650e-02 2.682884657856546369e+02
1.226226226226226172e-02 2.683046330549707363e+02
1.313813813813813867e-02 2.683208003242868358e+02
1.401401401401401389e-02 2.683369675936029921e+02
1.488988988988988911e-02 2.683526308319977147e+02
1.576576576576576433e-02 2.683676718661958489e+02
1.664164164164164128e-02 2.683827129003939262e+02
1.751751751751751823e-02 2.683977539345920036e+02
1.839339339339339172e-02 2.684127949687901378e+02
1.926926926926926867e-02 2.684278360029882151e+02
2.014514514514514562e-02 2.684428770371863493e+02
2.102102102102101910e-02 2.684579180713844835e+02
2.189689689689689606e-02 2.684723304950365446e+02
2.277277277277277301e-02 2.684862793735652531e+02
2.364864864864864996e-02 2.685002282520939616e+02
2.452452452452452344e-02 2.685141771306226133e+02
2.540040040040040040e-02 2.685281260091513218e+02
2.627627627627627735e-02 2.685420748876799735e+02
2.715215215215215083e-02 2.685560237662086820e+02
2.802802802802802778e-02 2.685699726447373905e+02
2.890390390390390474e-02 2.685839215232660990e+02
2.977977977977977822e-02 2.685978704017947507e+02
3.065565565565565517e-02 2.686118192803234592e+02
3.153153153153152866e-02 2.686257681588521677e+02
3.240740740740740561e-02 2.686397170373808194e+02
3.328328328328328256e-02 2.686536659159095279e+02
3.415915915915915951e-02 2.686676147944382365e+02
3.503503503503503647e-02 2.686815636729669450e+02
3.591091091091091342e-02 2.686955125514955967e+02
3.678678678678678343e-02 2.687094614300243052e+02
3.766266266266266038e-02 2.687234103085530137e+02
3.853853853853853734e-02 2.687373591870816654e+02
3.941441441441441429e-02 2.687513080656103739e+02
4.029029029029029124e-02 2.687652569441390824e+02
4.116616616616616819e-02 2.687783790907311641e+02
4.204204204204203821e-02 2.687906745549323659e+02
4.291791791791791516e-02 2.688029700191336246e+02
4.379379379379379211e-02 2.688150167090916511e+02
4.466966966966966907e-02 2.688266905333741192e+02
4.554554554554554602e-02 2.688383643576566442e+02
4.642142142142142297e-02 2.688499827452438353e+02
4.729729729729729992e-02 2.688614746404359721e+02
4.817317317317316994e-02 2.688729608305628744e+02
4.904904904904904689e-02 2.688844470206898336e+02
4.992492492492492384e-02 2.688959332108166791e+02
5.080080080080080079e-02 2.689074194009435814e+02
5.167667667667667775e-02 2.689189055910705406e+02
5.255255255255255470e-02 2.689303917811974429e+02
5.342842842842842471e-02 2.689418146145541755e+02
5.430430430430430166e-02 2.689531485347379203e+02
5.518018018018017862e-02 2.689644824549216651e+02
5.605605605605605557e-02 2.689758163751054099e+02
5.693193193193193252e-02 2.689871502952890978e+02
5.780780780780780947e-02 2.689984842154728426e+02
5.868368368368368643e-02 2.690098181356565874e+02
5.955955955955955644e-02 2.690211520558403322e+02
6.043543543543543339e-02 2.690324859760240201e+02
6.131131131131131035e-02 2.690438198962077081e+02
6.218718718718718730e-02 2.690551538163915097e+02
6.306306306306305731e-02 2.690664877365751977e+02
6.393893893893894120e-02 2.690778216567589425e+02
6.481481481481481122e-02 2.690879579090729408e+02
6.569069069069069511e-02 2.690979687966133724e+02
6.656656656656656512e-02 2.691079796841537473e+02
6.744244244244243514e-02 2.691179905716941221e+02
6.831831831831831903e-02 2.691278473834339025e+02
6.919419419419418904e-02 2.691376627531662962e+02
7.007007007007007293e-02 2.691474781228987467e+02
7.094594594594594295e-02 2.691572934926311405e+02
7.182182182182182684e-02 2.691671088623635910e+02
7.269769769769769685e-02 2.691769242320959847e+02
7.357357357357356686e-02 2.691867396018283785e+02
7.444944944944945076e-02 2.691972216152556712e+02
7.532532532532532077e-02 2.692082236949721619e+02
7.620120120120120466e-02 2.692192257746886526e+02
7.707707707707707467e-02 2.692302278544051433e+02
7.795295295295295857e-02 2.692412299341216340e+02
7.882882882882882858e-02 2.692518128268962982e+02
7.970470470470469859e-02 2.692623298380107144e+02
8.058058058058058248e-02 2.692728468491251306e+02
8.145645645645645250e-02 2.692833638602395467e+02
8.233233233233233639e-02 2.692938808713539629e+02
8.320820820820820640e-02 2.693043978824684359e+02
8.408408408408407642e-02 2.693149148935827952e+02
8.495995995995996031e-02 2.693254319046972682e+02
8.583583583583583032e-02 2.693359489158116844e+02
8.671171171171171421e-02 2.693464659269261574e+02
8.758758758758758423e-02 2.693569829380405736e+02
8.846346346346346812e-02 2.693674999491549897e+02
8.933933933933933813e-02 2.693780169602694059e+02
9.021521521521520814e-02 2.693885339713838789e+02
9.109109109109109204e-02 2.693990509824982951e+02
9.196696696696696205e-02 2.694104002620460960e+02
9.284284284284284594e-02 2.694218194662373094e+02
9.371871871871871595e-02 2.694332386704285227e+02
9.459459459459459985e-02 2.694446578746197929e+02
9.547047047047046986e-02 2.694560770788109494e+02
9.634634634634633987e-02 2.694674962830022196e+02
9.722222222222222376e-02 2.694789154871934329e+02
9.809809809809809378e-02 2.694903346913846462e+02
9.897397397397397767e-02 2.695017538955759164e+02
9.984984984984984768e-02 2.695131730997671298e+02
1.007257257257257316e-01 2.695245923039583431e+02
1.016016016016016016e-01 2.695360115081496133e+02
1.024774774774774716e-01 2.695471298154939745e+02
1.033533533533533555e-01 2.695576327932393497e+02
1.042292292292292255e-01 2.695681357709846679e+02
1.051051051051051094e-01 2.695786387487299862e+02
1.059809809809809794e-01 2.695891417264754182e+02
1.068568568568568494e-01 2.695996447042207365e+02
1.077327327327327333e-01 2.696101476819660547e+02
1.086086086086086033e-01 2.696206506597114867e+02
1.094844844844844872e-01 2.696311536374568050e+02
1.103603603603603572e-01 2.696416566152021801e+02
1.112362362362362411e-01 2.696521595929475552e+02
1.121121121121121111e-01 2.696626625706928735e+02
1.129879879879879812e-01 2.696731655484382486e+02
1.138638638638638650e-01 2.696836685261836237e+02
1.147397397397397351e-01 2.696941715039289420e+02
1.156156156156156189e-01 2.697046744816743171e+02
1.164914914914914890e-01 2.697149428983378243e+02
1.173673673673673729e-01 2.697250852313396763e+02
1.182432432432432429e-01 2.697351928517096553e+02
1.191191191191191129e-01 2.697453004720796912e+02
1.199949949949949968e-01 2.697554080924496702e+02
1.208708708708708668e-01 2.697655157128196493e+02
1.217467467467467507e-01 2.697755469815180049e+02
1.226226226226226207e-01 2.697847461299013503e+02
1.234984984984984907e-01 2.697939452782846388e+02
1.243743743743743746e-01 2.698031444266679841e+02
1.252502502502502446e-01 2.698123435750512726e+02
1.261261261261261146e-01 2.698214324954424796e+02
1.270020020020020124e-01 2.698304588164110100e+02
1.278778778778778824e-01 2.698394851373795973e+02
1.287537537537537524e-01 2.698481365480190561e+02
1.296296296296296224e-01 2.698566675936587558e+02
1.305055055055054924e-01 2.698651986392984554e+02
1.313813813813813902e-01 2.698737296849381551e+02
1.322572572572572602e-01 2.698822607305778547e+02
1.331331331331331302e-01 2.698907917762176112e+02
1.340090090090090003e-01 2.698993228218573108e+02
1.348848848848848703e-01 2.699078538674970105e+02
1.357607607607607680e-01 2.699163849131367670e+02
1.366366366366366381e-01 2.699249159587764666e+02
1.375125125125125081e-01 2.699334470044161662e+02
1.383883883883883781e-01 2.699419780500559227e+02
1.392642642642642758e-01 2.699505090956955655e+02
1.401401401401401459e-01 2.699590401413353220e+02
1.410160160160160159e-01 2.699675711869750216e+02
1.418918918918918859e-01 2.699761022326147213e+02
1.427677677677677559e-01 2.699846332782544778e+02
1.436436436436436537e-01 2.699931643238941774e+02
1.445195195195195237e-01 2.700018377481888479e+02
1.453953953953953937e-01 2.700111550611026132e+02
1.462712712712712637e-01 2.700206872707046841e+02
1.471471471471471337e-01 2.700302895653106816e+02
1.480230230230230315e-01 2.700398918599166791e+02
1.488988988988989015e-01 2.700494941545226766e+02
1.497747747747747715e-01 2.700590964491286741e+02
1.506506506506506415e-01 2.700686987437346716e+02
1.515265265265265116e-01 2.700783010383406690e+02
1.524024024024024093e-01 2.700879033329466665e+02
1.532782782782782793e-01 2.700975056275527209e+02
1.541541541541541493e-01 2.701071079221587183e+02
1.550300300300300194e-01 2.701167102167647158e+02
1.559059059059059171e-01 2.701263125113707133e+02
1.567817817817817871e-01 2.701359148059767676e+02
1.576576576576576572e-01 2.701455171005827651e+02
1.585335335335335272e-01 2.701550144480459608e+02
1.594094094094093972e-01 2.701639949071609976e+02
1.602852852852852950e-01 2.701729753662760345e+02
1.611611611611611650e-01 2.701819558253911282e+02
1.620370370370370350e-01 2.701909362845061651e+02
1.629129129129129050e-01 2.701999167436212019e+02
1.637887887887887750e-01 2.702088972027362388e+02
1.646646646646646728e-01 2.702178776618512757e+02
1.655405405405405428e-01 2.702260475559846213e+02
1.664164164164164128e-01 2.702340177615726020e+02
1.672922922922922828e-01 2.702419879671605258e+02
1.681681681681681528e-01 2.702499581727485065e+02
1.690440440440440506e-01 2.702579283783364872e+02
1.699199199199199206e-01 2.702658985839244679e+02
1.707957957957957906e-01 2.702733316383469742e+02
1.716716716716716606e-01 2.702798907579405636e+02
1.725475475475475584e-01 2.702864498775342668e+02
1.734234234234234284e-01 2.702930089971277994e+02
1.742992992992992984e-01 2.702995681167214457e+02
1.751751751751751685e-01 2.703061272363150920e+02
1.760510510510510385e-01 2.703126863559086814e+02
1.769269269269269362e-01 2.703192454755023277e+02
1.778028028028028062e-01 2.703259142263856916e+02
1.786786786786786763e-01 2.703326477925723452e+02
1.795545545545545463e-01 2.703393813587589989e+02
1.804304304304304163e-01 2.703461149249456525e+02
1.813063063063063141e-01 2.703528484911323062e+02
1.821821821821821841e-01 2.703595820573189599e+02
1.830580580580580541e-01 2.703663156235055567e+02
1.839339339339339241e-01 2.703730491896922103e+02
1.848098098098098219e-01 2.703797827558789209e+02
1.856856856856856919e-01 2.703865163220655745e+02
1.865615615615615619e-01 2.703932498882521713e+02
1.874374374374374319e-01 2.703999834544387681e+02
1.883133133133133019e-01 2.704066631491558610e+02
1.891891891891891997e-01 2.704133076738635850e+02
1.900650650650650697e-01 2.704199521985713091e+02
1.909409409409409397e-01 2.704265967232789762e+02
1.918168168168168097e-01 2.704332412479866434e+02
1.926926926926926797e-01 2.704398857726943675e+02
1.935685685685685775e-01 2.704465302974020346e+02
1.944444444444444475e-01 2.704531748221097587e+02
1.953203203203203175e-01 2.704598193468174259e+02
1.961961961961961876e-01 2.704664638715251499e+02
1.970720720720720576e-01 2.704731083962328171e+02
1.979479479479479553e-01 2.704785453285214203e+02
1.988238238238238254e-01 2.704833484184146073e+02
1.996996996996996954e-01 2.704881515083077943e+02
2.005755755755755654e-01 2.704929545982009813e+02
2.014514514514514631e-01 2.704976158176160652e+02
2.023273273273273332e-01 2.705016836508460187e+02
2.032032032032032032e-01 2.705057514840759723e+02
2.040790790790790732e-01 2.705098193173058689e+02
2.049549549549549432e-01 2.705138871505357656e+02
2.058308308308308410e-01 2.705179549837657760e+02
2.067067067067067110e-01 2.705220228169956727e+02
2.075825825825825810e-01 2.705260906502256262e+02
2.084584584584584510e-01 2.705301584834555797e+02
2.093343343343343210e-01 2.705342263166854764e+02
2.102102102102102188e-01 2.705382941499154299e+02
2.110860860860860888e-01 2.705423619831453834e+02
2.119619619619619588e-01 2.705464298163752801e+02
2.128378378378378288e-01 2.705504976496052336e+02
2.137137137137136988e-01 2.705545654828351303e+02
2.145895895895895966e-01 2.705586333160650838e+02
2.154654654654654666e-01 2.705627011492950373e+02
2.163413413413413366e-01 2.705667689825249340e+02
2.172172172172172067e-01 2.705707379397260866e+02
2.180930930930931044e-01 2.705746946525759427e+02
2.189689689689689744e-01 2.705786513654257988e+02
2.198448448448448445e-01 2.705812320571874352e+02
2.207207207207207145e-01 2.705837404320440100e+02
2.215965965965965845e-01 2.705862488069005849e+02
2.224724724724724823e-01 2.705887571817571597e+02
2.233483483483483523e-01 2.705912655566137346e+02
2.242242242242242223e-01 2.705937739314703094e+02
2.251001001001000923e-01 2.705962823063268274e+02
2.259759759759759623e-01 2.705987906811834591e+02
2.268518518518518601e-01 2.706012990560400340e+02
2.277277277277277301e-01 2.706038074308966088e+02
2.286036036036036001e-01 2.706063158057531837e+02
2.294794794794794701e-01 2.706088241806097017e+02
2.303553553553553401e-01 2.706113325554663334e+02
2.312312312312312379e-01 2.706136858145563338e+02
2.321071071071071079e-01 2.706155136227246771e+02
2.329829829829829779e-01 2.706173414308929637e+02
2.338588588588588479e-01 2.706191692390612502e+02
2.347347347347347457e-01 2.706209970472294799e+02
2.356106106106106157e-01 2.706228248553978233e+02
2.364864864864864857e-01 2.706246526635661667e+02
2.373623623623623557e-01 2.706264804717344532e+02
2.382382382382382258e-01 2.706283082799026829e+02
2.391141141141141235e-01 2.706301019435616126e+02
2.399899899899899935e-01 2.706305681540214891e+02
2.408658658658658636e-01 2.706310343644814793e+02
2.417417417417417336e-01 2.706315005749414127e+02
2.426176176176176036e-01 2.706317456223483191e+02
2.434934934934935014e-01 2.706319170129685290e+02
2.443693693693693714e-01 2.706320884035887389e+02
2.452452452452452414e-01 2.706322597942088919e+02
2.461211211211211114e-01 2.706324311848290449e+02
2.469969969969969814e-01 2.706326025754493116e+02
2.478728728728728792e-01 2.706327739660694647e+02
2.487487487487487492e-01 2.706329453566896746e+02
2.496246246246246192e-01 2.706332263488699823e+02
2.505005005005004892e-01 2.706336080221299198e+02
2.513763763763763870e-01 2.706339896953899711e+02
2.522522522522522292e-01 2.706343713686499655e+02
2.531281281281281270e-01 2.706347530419100167e+02
2.540040040040040248e-01 2.706350605283917616e+02
2.548798798798798670e-01 2.706353273196893952e+02
2.557557557557557648e-01 2.706355941109869718e+02
2.566316316316316071e-01 2.706358609022845485e+02
2.575075075075075048e-01 2.706361276935821252e+02
2.583833833833834026e-01 2.706363944848797018e+02
2.592592592592592449e-01 2.706366612761772785e+02
2.601351351351351426e-01 2.706369280674748552e+02
2.610110110110109849e-01 2.706371948587724319e+02
2.618868868868868827e-01 2.706374616500700654e+02
2.627627627627627804e-01 2.706375983190991974e+02
2.636386386386386227e-01 2.706375066694174052e+02
2.645145145145145205e-01 2.706374150197357835e+02
2.653903903903903627e-01 2.706373233700540482e+02
2.662662662662662605e-01 2.706372317203723696e+02
2.671421421421421583e-01 2.706371400706906911e+02
2.680180180180180005e-01 2.706353069387869823e+02
2.688938938938938983e-01 2.706329422381540439e+02
2.697697697697697405e-01 2.706305775375211624e+02
2.706456456456456383e-01 2.706282128368882809e+02
2.715215215215215361e-01 2.706258481362553994e+02
2.723973973973973783e-01 2.706234834356224610e+02
2.732732732732732761e-01 2.706211187349896363e+02
2.741491491491491739e-01 2.706186025961168298e+02
2.750250250250250161e-01 2.706160182126532732e+02
2.759009009009009139e-01 2.706134338291897734e+02
2.767767767767767562e-01 2.706108494457263305e+02
2.776526526526526539e-01 2.706082650622627739e+02
2.785285285285285517e-01 2.706056806787993310e+02
2.794044044044043940e-01 2.706030962953357744e+02
2.802802802802802917e-01 2.706005119118723314e+02
2.811561561561561340e-01 2.705979275284087748e+02
2.820320320320320318e-01 2.705953431449453319e+02
2.829079079079079295e-01 2.705929095925549177e+02
2.837837837837837718e-01 2.705906702199179676e+02
2.846596596596596696e-01 2.705884308472809607e+02
2.855355355355355118e-01 2.705861914746439538e+02
2.864114114114114096e-01 2.705839521020070038e+02
2.872872872872873073e-01 2.705815478105420766e+02
2.881631631631631496e-01 2.705772508685984121e+02
2.890390390390390474e-01 2.705729539266547476e+02
2.899149149149148896e-01 2.705686569847110832e+02
2.907907907907907874e-01 2.705643600427674187e+02
2.916666666666666852e-01 2.705600631008237542e+02
2.925425425425425274e-01 2.705557661588801466e+02
2.934184184184184252e-01 2.705514692169364253e+02
2.942942942942942675e-01 2.705471722749928176e+02
2.951701701701701652e-01 2.705428428432926466e+02
2.960460460460460630e-01 2.705383185442362901e+02
2.969219219219219053e-01 2.705337942451799336e+02
2.977977977977978030e-01 2.705292699461235770e+02
2.986736736736736453e-01 2.705247456470672205e+02
2.995495495495495430e-01 2.705202658705722456e+02
3.004254254254254408e-01 2.705158193054094227e+02
3.013013013013012831e-01 2.705113727402466566e+02
3.021771771771771808e-01 2.705069261750838336e+02
3.030530530530530231e-01 2.705024796099210675e+02
3.039289289289289209e-01 2.704980330447582446e+02
3.048048048048048186e-01 2.704935864795954785e+02
3.056806806806806609e-01 2.704891399144327124e+02
3.065565565565565587e-01 2.704846933492698895e+02
3.074324324324324564e-01 2.704791021256161230e+02
3.083083083083082987e-01 2.704723048306291275e+02
3.091841841841841965e-01 2.704655075356421889e+02
3.100600600600600387e-01 2.704587102406551935e+02
3.109359359359359365e-01 2.704519129456682549e+02
3.118118118118118343e-01 2.704452754635487963e+02
3.126876876876876765e-01 2.704390598105091499e+02
3.135635635635635743e-01 2.704328441574695034e+02
3.144394394394394165e-01 2.704266285044298570e+02
3.153153153153153143e-01 2.704204128513901537e+02
3.161911911911912121e-01 2.704141971983505641e+02
3.170670670670670543e-01 2.704079815453109177e+02
3.179429429429429521e-01 2.704017658922712144e+02
3.188188188188187944e-01 2.703955502392316248e+02
3.196946946946946921e-01 2.703886877094153647e+02
3.205705705705705899e-01 2.703817934068567865e+02
3.214464464464464322e-01 2.703748991042982084e+02
3.223223223223223299e-01 2.703680048017396302e+02
3.231981981981981722e-01 2.703611104991809952e+02
3.240740740740740700e-01 2.703542161966224171e+02
3.249499499499499677e-01 2.703473218940638390e+02
3.258258258258258100e-01 2.703404275915052040e+02
3.267017017017017078e-01 2.703338288428077476e+02
3.275775775775775500e-01 2.703275691726304899e+02
3.284534534534534478e-01 2.703213095024532322e+02
3.293293293293293456e-01 2.703150498322759745e+02
3.302052052052051878e-01 2.703087901620987168e+02
3.310810810810810856e-01 2.703025304919215159e+02
3.319569569569569278e-01 2.702962708217442014e+02
3.328328328328328256e-01 2.702886087750610500e+02
3.337087087087087234e-01 2.702799921148252906e+02
3.345845845845845656e-01 2.702713754545895881e+02
3.354604604604604634e-01 2.702627587943538856e+02
3.363363363363363057e-01 2.702541421341181263e+02
3.372122122122122034e-01 2.702455758451013139e+02
3.380880880880881012e-01 2.702370571196053106e+02
3.389639639639639435e-01 2.702285383941093642e+02
3.398398398398398412e-01 2.702200196686134177e+02
3.407157157157157390e-01 2.702115009431174144e+02
3.415915915915915813e-01 2.702029822176214680e+02
3.424674674674674790e-01 2.701944634921255215e+02
3.433433433433433213e-01 2.701859447666295750e+02
3.442192192192192191e-01 2.701770199084341471e+02
3.450950950950951168e-01 2.701658596295832240e+02
3.459709709709709591e-01 2.701546993507323577e+02
3.468468468468468568e-01 2.701435390718814347e+02
3.477227227227226991e-01 2.701323787930305116e+02
3.485985985985985969e-01 2.701212185141796454e+02
3.494744744744744946e-01 2.701100582353287791e+02
3.503503503503503369e-01 2.700988979564777992e+02
3.512262262262262347e-01 2.700877376776269330e+02
3.521021021021020769e-01 2.700765773987760099e+02
3.529779779779779747e-01 2.700654171199251437e+02
3.538538538538538725e-01 2.700542568410742206e+02
3.547297297297297147e-01 2.700430965622233543e+02
3.556056056056056125e-01 2.700319362833723744e+02
3.564814814814814548e-01 2.700205604917427422e+02
3.573573573573573525e-01 2.700076326575082248e+02
3.582332332332332503e-01 2.699944386169940458e+02
3.591091091091090926e-01 2.699812445764798099e+02
3.599849849849849903e-01 2.699680505359656308e+02
3.608608608608608326e-01 2.699548564954513949e+02
3.617367367367367303e-01 2.699416624549371591e+02
3.626126126126126281e-01 2.699284684144229800e+02
3.634884884884884704e-01 2.699152743739088010e+02
3.643643643643643681e-01 2.699020803333945651e+02
3.652402402402402104e-01 2.698888862928803860e+02
3.661161161161161082e-01 2.698756922523662070e+02
3.669919919919920059e-01 2.698624982118519711e+02
3.678678678678678482e-01 2.698493041713377920e+02
3.687437437437437460e-01 2.698361101308235561e+02
3.696196196196196437e-01 2.698229160903093771e+02
3.704954954954954860e-01 2.698079777470256317e+02
3.713713713713713838e-01 2.697925582844546284e+02
3.722472472472472260e-01 2.697771388218835682e+02
3.731231231231231238e-01 2.697617193593125648e+02
3.739989989989990216e-01 2.697462998967414478e+02
3.748748748748748638e-01 2.697308804341704445e+02
3.757507507507507616e-01 2.697154609715994411e+02
3.766266266266266038e-01 2.697000415090284378e+02
3.775025025025025016e-01 2.696846220464573776e+02
3.783783783783783994e-01 2.696692025838863174e+02
3.792542542542542416e-01 2.696537831213152572e+02
3.801301301301301394e-01 2.696383636587441970e+02
3.810060060060059817e-01 2.696229934523918246e+02
3.818818818818818794e-01 2.696077666005668334e+02
3.827577577577577772e-01 2.695925397487418422e+02
3.836336336336336195e-01 2.695773128969168511e+02
3.845095095095095172e-01 2.695620860450919167e+02
3.853853853853853595e-01 2.695468591932668687e+02
3.862612612612612573e-01 2.695316323414418775e+02
3.871371371371371550e-01 2.695155500312014283e+02
3.880130130130129973e-01 2.694989326580981128e+02
3.888888888888888951e-01 2.694823152849947405e+02
3.897647647647647373e-01 2.694656979118914251e+02
3.906406406406406351e-01 2.694490805387879959e+02
3.915165165165165329e-01 2.694324631656846805e+02
3.923923923923923751e-01 2.694158457925813082e+02
3.932682682682682729e-01 2.693992284194779359e+02
3.941441441441441151e-01 2.693802050124508014e+02
3.950200200200200129e-01 2.693606448662525281e+02
3.958958958958959107e-01 2.693410847200543117e+02
3.967717717717717529e-01 2.693215245738560952e+02
3.976476476476476507e-01 2.693019644276578219e+02
3.985235235235234930e-01 2.692824042814596055e+02
3.993993993993993907e-01 2.692628441352613891e+02
4.002752752752752885e-01 2.692432839890631726e+02
4.011511511511511308e-01 2.692237238428648993e+02
4.020270270270270285e-01 2.692041636966666829e+02
4.029029029029029263e-01 2.691846035504684664e+02
4.037787787787787686e-01 2.691650434042702500e+02
4.046546546546546663e-01 2.691454832580719767e+02
4.055305305305305086e-01 2.691259231118737603e+02
4.064064064064064064e-01 2.691063629656755438e+02
4.072822822822823041e-01 2.690868203729262405e+02
4.081581581581581464e-01 2.690681768002903596e+02
4.090340340340340441e-01 2.690495332276545355e+02
4.099099099099098864e-01 2.690308896550186546e+02
4.107857857857857842e-01 2.690122460823828305e+02
4.116616616616616819e-01 2.689936025097470065e+02
4.125375375375375242e-01 2.689749589371111256e+02
4.134134134134134220e-01 2.689563153644753015e+02
4.142892892892892642e-01 2.689318257365425211e+02
4.151651651651651620e-01 2.689066954781629875e+02
4.160410410410410598e-01 2.688885511830897030e+02
4.169169169169169020e-01 2.688710450024657348e+02
4.177927927927927998e-01 2.688512155239211552e+02
4.186686686686686421e-01 2.688305553173617000e+02
4.195445445445445398e-01 2.688098951108022447e+02
4.204204204204204376e-01 2.687892349042428464e+02
4.212962962962962798e-01 2.687685746976834480e+02
4.221721721721721776e-01 2.687478988197863714e+02
4.230480480480480199e-01 2.687270323095240201e+02
4.239239239239239176e-01 2.687061657992617256e+02
4.247997997997998154e-01 2.686852992889993743e+02
4.256756756756756577e-01 2.686644327787370230e+02
4.265515515515515554e-01 2.686435662684747285e+02
4.274274274274273977e-01 2.686226997582124341e+02
4.283033033033032955e-01 2.686018332479501396e+02
4.291791791791791932e-01 2.685801299588529218e+02
4.300550550550550355e-01 2.685581577260753647e+02
4.309309309309309333e-01 2.685361854932977508e+02
4.318068068068067755e-01 2.685142132605202505e+02
4.326826826826826733e-01 2.684922410277426366e+02
4.335585585585585711e-01 2.684702687949651363e+02
4.344344344344344133e-01 2.684471066646614190e+02
4.353103103103103111e-01 2.684233405274596294e+02
4.361861861861862089e-01 2.683995743902578965e+02
4.370620620620620511e-01 2.683758082530561069e+02
4.379379379379379489e-01 2.683520421158543741e+02
4.388138138138137911e-01 2.683282759786526412e+02
4.396896896896896889e-01 2.683045098414509084e+02
4.405655655655655867e-01 2.682807437042491188e+02
4.414414414414414289e-01 2.682569775670474428e+02
4.423173173173173267e-01 2.682332114298456531e+02
4.431931931931931690e-01 2.682094452926438635e+02
4.440690690690690667e-01 2.681856791554421307e+02
4.449449449449449645e-01 2.681619130182403978e+02
4.458208208208208068e-01 2.681381468810386082e+02
4.466966966966967045e-01 2.681143807438368754e+02
4.475725725725725468e-01 2.680906146066351425e+02
4.484484484484484446e-01 2.680668484694334097e+02
4.493243243243243423e-01 2.680430823322316201e+02
4.502002002002001846e-01 2.680193161950298304e+02
4.510760760760760824e-01 2.679955500578280976e+02
4.519519519519519246e-01 2.679713150188866848e+02
4.528278278278278224e-01 2.679468312324958674e+02
4.537037037037037202e-01 2.679223474461050500e+02
4.545795795795795624e-01 2.678978636597143463e+02
4.554554554554554602e-01 2.678733798733235290e+02
4.563313313313313024e-01 2.678488960869327684e+02
4.572072072072072002e-01 2.678244123005420079e+02
4.580830830830830980e-01 2.677999285141512473e+02
4.589589589589589402e-01 2.677754447277604299e+02
4.598348348348348380e-01 2.677509609413696126e+02
4.607107107107106803e-01 2.677264771549788520e+02
4.615865865865865780e-01 2.677019933685880915e+02
4.624624624624624758e-01 2.676775095821973309e+02
4.633383383383383181e-01 2.676530257958065704e+02
4.642142142142142158e-01 2.676285420094156962e+02
4.650900900900901136e-01 2.676040582230249925e+02
4.659659659659659559e-01 2.675795744366341751e+02
4.668418418418418536e-01 2.675550906502434145e+02
4.677177177177176959e-01 2.675306068638526540e+02
4.685935935935935936e-01 2.675053088473008529e+02
4.694694694694694914e-01 2.674795358307103470e+02
4.703453453453453337e-01 2.674537628141197274e+02
4.712212212212212314e-01 2.674279897975292215e+02
4.720970970970970737e-01 2.674022167809387156e+02
4.729729729729729715e-01 2.673765386908293067e+02
4.738488488488488692e-01 2.673509060864448088e+02
4.747247247247247115e-01 2.673252734820603678e+02
4.756006006006006093e-01 2.672996408776758699e+02
4.764764764764764515e-01 2.672740082732913720e+02
4.773523523523523493e-01 2.672483756689069310e+02
4.782282282282282471e-01 2.672227430645224899e+02
4.791041041041040893e-01 2.671971104601379920e+02
4.799799799799799871e-01 2.671713364397661508e+02
4.808558558558558294e-01 2.671454803101071320e+02
4.817317317317317271e-01 2.671196241804481133e+02
4.826076076076076249e-01 2.670937680507891514e+02
4.834834834834834671e-01 2.670679119211301895e+02
4.843593593593593649e-01 2.670420557914711708e+02
4.852352352352352072e-01 2.670161996618121520e+02
4.861111111111111049e-01 2.669903435321531333e+02
4.869869869869870027e-01 2.669616352540802495e+02
4.878628628628628450e-01 2.669324114998325967e+02
4.887387387387387427e-01 2.669031877455848871e+02
4.896146146146145850e-01 2.668739639913372343e+02
4.904904904904904828e-01 2.668447402370895816e+02
4.913663663663663805e-01 2.668155164828418719e+02
4.922422422422422228e-01 2.667862927285942192e+02
4.931181181181181206e-01 2.667570689743465664e+02
4.939939939939939628e-01 2.667278452200988568e+02
4.948698698698698606e-01 2.666986214658512040e+02
4.957457457457457584e-01 2.666693977116035512e+02
4.966216216216216006e-01 2.666401739573558416e+02
4.974974974974974984e-01 2.666109502031081888e+02
4.983733733733733962e-01 2.665819569928128772e+02
4.992492492492492384e-01 2.665530085047595321e+02
5.001251251251250807e-01 2.665240600167061871e+02
5.010010010010009784e-01 2.664951115286527852e+02
5.018768768768768762e-01 2.664661630405993833e+02
5.027527527527527740e-01 2.664372145525459814e+02
5.036286286286286717e-01 2.664082660644926364e+02
5.045045045045044585e-01 2.663793175764392345e+02
5.053803803803803563e-01 2.663503690883858326e+02
5.062562562562562540e-01 2.663214038671771391e+02
5.071321321321321518e-01 2.662901622126158827e+02
5.080080080080080496e-01 2.662567463128615373e+02
5.088838838838838363e-01 2.662219305908537308e+02
5.097597597597597341e-01 2.661871148688459812e+02
5.106356356356356319e-01 2.661522991468382315e+02
5.115115115115115296e-01 2.661174834248304251e+02
5.123873873873874274e-01 2.660826677028226754e+02
5.132632632632632141e-01 2.660478519808149258e+02
5.141391391391391119e-01 2.660130362588071193e+02
5.150150150150150097e-01 2.659791351585751045e+02
5.158908908908909074e-01 2.659452664595422675e+02
5.167667667667668052e-01 2.659113977605094306e+02
5.176426426426425920e-01 2.658775290614765936e+02
5.185185185185184897e-01 2.658436603624438135e+02
5.193943943943943875e-01 2.658097916634109765e+02
5.202702702702702853e-01 2.657759229643781396e+02
5.211461461461461830e-01 2.657420542653453595e+02
5.220220220220219698e-01 2.657081855663125225e+02
5.228978978978978676e-01 2.656743168672796855e+02
5.237737737737737653e-01 2.656404481682468486e+02
5.246496496496496631e-01 2.656065794692140116e+02
5.255255255255255609e-01 2.655727107701812315e+02
5.264014014014013476e-01 2.655388420711483946e+02
5.272772772772772454e-01 2.655049733721155576e+02
5.281531531531531432e-01 2.654711205787812105e+02
5.290290290290290409e-01 2.654372695774313797e+02
5.299049049049049387e-01 2.654034185760815490e+02
5.307807807807807254e-01 2.653695675747317750e+02
5.316566566566566232e-01 2.653357165733819443e+02
5.325325325325325210e-01 2.653018655720321703e+02
5.334084084084084187e-01 2.652680145706823396e+02
5.342842842842843165e-01 2.652341635693325088e+02
5.351601601601601033e-01 2.651996245190838408e+02
5.360360360360360010e-01 2.651646819568396722e+02
5.369119119119118988e-01 2.651291938797972421e+02
5.377877877877877966e-01 2.650930554430873940e+02
5.386636636636636943e-01 2.650569170063774891e+02
5.395395395395394811e-01 2.650207785696676410e+02
5.404154154154153789e-01 2.649846401329577361e+02
5.412912912912912766e-01 2.649485016962478880e+02
5.421671671671671744e-01 2.649123632595380400e+02
5.430430430430430722e-01 2.648762248228281351e+02
5.439189189189188589e-01 2.648400863861182870e+02
5.447947947947947567e-01 2.648039479494084389e+02
5.456706706706706544e-01 2.647678095126985340e+02
5.465465465465465522e-01 2.647316710759886860e+02
5.474224224224224500e-01 2.646948501202422221e+02
5.482982982982983478e-01 2.646575971276118366e+02
5.491741741741741345e-01 2.646203441349814511e+02
5.500500500500500323e-01 2.645830911423510088e+02
5.509259259259259300e-01 2.645458381497206233e+02
5.518018018018018278e-01 2.645085851570902378e+02
5.526776776776777256e-01 2.644713321644597954e+02
5.535535535535535123e-01 2.644340791718294099e+02
5.544294294294294101e-01 2.643968261791989676e+02
5.553053053053053079e-01 2.643595731865685821e+02
5.561811811811812056e-01 2.643217064889948915e+02
5.570570570570571034e-01 2.642837196766360535e+02
5.579329329329328901e-01 2.642457328642772154e+02
5.588088088088087879e-01 2.642077460519183774e+02
5.596846846846846857e-01 2.641697592395595393e+02
5.605605605605605835e-01 2.641317724272007013e+02
5.614364364364364812e-01 2.640937856148418632e+02
5.623123123123122680e-01 2.640557988024830820e+02
5.631881881881881657e-01 2.640178119901241871e+02
5.640640640640640635e-01 2.639798251777654059e+02
5.649399399399399613e-01 2.639418383654065678e+02
5.658158158158158590e-01 2.639035286711757635e+02
5.666916916916916458e-01 2.638639056541864534e+02
5.675675675675675436e-01 2.638242826371971432e+02
5.684434434434434413e-01 2.637854225312578365e+02
5.693193193193193391e-01 2.637466200763352049e+02
5.701951951951952369e-01 2.637074813944094558e+02
5.710710710710710236e-01 2.636679476453491588e+02
5.719469469469469214e-01 2.636284138962888619e+02
5.728228228228228192e-01 2.635888801472285650e+02
5.736986986986987169e-01 2.635493463981682680e+02
5.745745745745746147e-01 2.635098126491079711e+02
5.754504504504504014e-01 2.634702789000476741e+02
5.763263263263262992e-01 2.634307451509873772e+02
5.772022022022021970e-01 2.633912114019270803e+02
5.780780780780780947e-01 2.633516776528667833e+02
5.789539539539539925e-01 2.633121439038064864e+02
5.798298298298297793e-01 2.632726101547461894e+02
5.807057057057056770e-01 2.632330764056858925e+02
5.815815815815815748e-01 2.631935426566255956e+02
5.824574574574574726e-01 2.631540089075652986e+02
5.833333333333333703e-01 2.631144751585050017e+02
5.842092092092091571e-01 2.630749414094447047e+02
5.850850850850850549e-01 2.630345360882198520e+02
5.859609609609609526e-01 2.629936420029547435e+02
5.868368368368368504e-01 2.629527479176897486e+02
5.877127127127127482e-01 2.629118538324246970e+02
5.885885885885885349e-01 2.628709597471597021e+02
5.894644644644644327e-01 2.628300656618946505e+02
5.903403403403403304e-01 2.627891715766296556e+02
5.912162162162162282e-01 2.627482774913646040e+02
5.920920920920921260e-01 2.627073834060995523e+02
5.929679679679679127e-01 2.626664893208345006e+02
5.938438438438438105e-01 2.626255952355694490e+02
5.947197197197197083e-01 2.625847011503044541e+02
5.955955955955956060e-01 2.625438070650394593e+02
5.964714714714715038e-01 2.625029129797744076e+02
5.973473473473472906e-01 2.624620188945093560e+02
5.982232232232231883e-01 2.624210198300271486e+02
5.990990990990990861e-01 2.623781975869757161e+02
5.999749749749749839e-01 2.623353753439243405e+02
6.008508508508508816e-01 2.622925531008730218e+02
6.017267267267266684e-01 2.622497308578216462e+02
6.026026026026025662e-01 2.622069086147702706e+02
6.034784784784784639e-01 2.621640863717188950e+02
6.043543543543543617e-01 2.621212641286675762e+02
6.052302302302302595e-01 2.620784418856162006e+02
6.061061061061060462e-01 2.620380828492681644e+02
6.069819819819819440e-01 2.619987638842006277e+02
6.078578578578578417e-01 2.619594449191330909e+02
6.087337337337337395e-01 2.619201259540654974e+02
6.096096096096096373e-01 2.618808069889979606e+02
6.104854854854855351e-01 2.618414880239304239e+02
6.113613613613613218e-01 2.617996229049143153e+02
6.122372372372372196e-01 2.617570889394891651e+02
6.131131131131131173e-01 2.617145549740639581e+02
6.139889889889890151e-01 2.616720210086387510e+02
6.148648648648649129e-01 2.616274646793510783e+02
6.157407407407406996e-01 2.615824833630908870e+02
6.166166166166165974e-01 2.615375020468306957e+02
6.174924924924924952e-01 2.614925207305705044e+02
6.183683683683683929e-01 2.614475394143102562e+02
6.192442442442442907e-01 2.614029248005692807e+02
6.201201201201200774e-01 2.613588763433788245e+02
6.209959959959959752e-01 2.613148278861884251e+02
6.218718718718718730e-01 2.612707794289980825e+02
6.227477477477477708e-01 2.612267309718076262e+02
6.236236236236236685e-01 2.611826825146172837e+02
6.244994994994994553e-01 2.611386340574268843e+02
6.253753753753753530e-01 2.610945856002364849e+02
6.262512512512512508e-01 2.610505371430460855e+02
6.271271271271271486e-01 2.610064886858556861e+02
6.280030030030030463e-01 2.609624402286652867e+02
6.288788788788788331e-01 2.609183917714748873e+02
6.297547547547547309e-01 2.608743433142844879e+02
6.306306306306306286e-01 2.608302948570941453e+02
6.315065065065065264e-01 2.607862463999037459e+02
6.323823823823824242e-01 2.607421979427132896e+02
6.332582582582582109e-01 2.606972632502599367e+02
6.341341341341341087e-01 2.606518572460158794e+02
6.350100100100100065e-01 2.606064512417718220e+02
6.358858858858859042e-01 2.605610452375277646e+02
6.367617617617618020e-01 2.605156392332837072e+02
6.376376376376375887e-01 2.604702332290396498e+02
6.385135135135134865e-01 2.604248272247955924e+02
6.393893893893893843e-01 2.603794212205514782e+02
6.402652652652652820e-01 2.603340152163074777e+02
6.411411411411411798e-01 2.602885740902194129e+02
6.420170170170169666e-01 2.602442731018822997e+02
6.428928928928928643e-01 2.602004314510109566e+02
6.437687687687687621e-01 2.601564087477057683e+02
6.446446446446446599e-01 2.601123326262345472e+02
6.455205205205205576e-01 2.600682565047632124e+02
6.463963963963963444e-01 2.600241803832919913e+02
6.472722722722722422e-01 2.599801042618207134e+02
6.481481481481481399e-01 2.599360281403494923e+02
6.490240240240240377e-01 2.598919520188782144e+02
6.498998998998999355e-01 2.598478758974069365e+02
6.507757757757757222e-01 2.598037997759356585e+02
6.516516516516516200e-01 2.597597236544643806e+02
6.525275275275275177e-01 2.597156475329931027e+02
6.534034034034034155e-01 2.596715714115218816e+02
6.542792792792793133e-01 2.596274952900506037e+02
6.551551551551551000e-01 2.595830591384598733e+02
6.560310310310309978e-01 2.595375818350074724e+02
6.569069069069068956e-01 2.594921045315550714e+02
6.577827827827827933e-01 2.594466272281026136e+02
6.586586586586586911e-01 2.594011499246502126e+02
6.595345345345344779e-01 2.593555738615075370e+02
6.604104104104103756e-01 2.593092638965600258e+02
6.612862862862862734e-01 2.592629539316124010e+02
6.621621621621621712e-01 2.592174112237269128e+02
6.630380380380380689e-01 2.591737051773145595e+02
6.639139139139138557e-01 2.591294548356981409e+02
6.647897897897897534e-01 2.590846336588449503e+02
6.656656656656656512e-01 2.590398124819917598e+02
6.665415415415415490e-01 2.589897108123236080e+02
6.674174174174174468e-01 2.589387263941319475e+02
6.682932932932932335e-01 2.588877419759402869e+02
6.691691691691691313e-01 2.588367575577486832e+02
6.700450450450450290e-01 2.587857731395570227e+02
6.709209209209209268e-01 2.587351987555649657e+02
6.717967967967968246e-01 2.586847761758078263e+02
6.726726726726726113e-01 2.586343535960506301e+02
6.735485485485485091e-01 2.585839310162934339e+02
6.744244244244244069e-01 2.585335084365362945e+02
6.753003003003003046e-01 2.584832526556708103e+02
6.761761761761762024e-01 2.584331085929260894e+02
6.770520520520521002e-01 2.583829645301814253e+02
6.779279279279278869e-01 2.583328204674367612e+02
6.788038038038037847e-01 2.582826764046920971e+02
6.796796796796796825e-01 2.582325323419474330e+02
6.805555555555555802e-01 2.581823882792027689e+02
6.814314314314314780e-01 2.581322442164581048e+02
6.823073073073072647e-01 2.580821001537133839e+02
6.831831831831831625e-01 2.580319560909687766e+02
6.840590590590590603e-01 2.579818120282240557e+02
6.849349349349349581e-01 2.579316679654793916e+02
6.858108108108108558e-01 2.578815239027347275e+02
6.866866866866866426e-01 2.578313798399900634e+02
6.875625625625625403e-01 2.577812357772453993e+02
6.884384384384384381e-01 2.577310917145007352e+02
6.893143143143143359e-01 2.576809476517560711e+02
6.901901901901902336e-01 2.576308035890114070e+02
6.910660660660660204e-01 2.575822236293877268e+02
6.919419419419419182e-01 2.575336672972272254e+02
6.928178178178178159e-01 2.574851109650666103e+02
6.936936936936937137e-01 2.574365546329061090e+02
6.945695695695696115e-01 2.573879983007455508e+02
6.954454454454453982e-01 2.573390994950431150e+02
6.963213213213212960e-01 2.572885975747150269e+02
6.971971971971971938e-01 2.572380956543870525e+02
6.980730730730730915e-01 2.571875937340589644e+02
6.989489489489489893e-01 2.571370918137309332e+02
6.998248248248247760e-01 2.570865898934028451e+02
7.007007007007006738e-01 2.570360879730748138e+02
7.015765765765765716e-01 2.569855860527467826e+02
7.024524524524524693e-01 2.569350841324187513e+02
7.033283283283283671e-01 2.568845822120906632e+02
7.042042042042041539e-01 2.568340802917626320e+02
7.050800800800800516e-01 2.567835345985326398e+02
7.059559559559559494e-01 2.567329764135416212e+02
7.068318318318318472e-01 2.566824182285506026e+02
7.077077077077077449e-01 2.566318600435595840e+02
7.085835835835835317e-01 2.565813018585685654e+02
7.094594594594594295e-01 2.565307436735775468e+02
7.103353353353353272e-01 2.564801854885865282e+02
7.112112112112112250e-01 2.564296273035955096e+02
7.120870870870871228e-01 2.563779633521363621e+02
7.129629629629629095e-01 2.563259516061482941e+02
7.138388388388388073e-01 2.562739398601602261e+02
7.147147147147147050e-01 2.562219281141721012e+02
7.155905905905906028e-01 2.561699163681840332e+02
7.164664664664665006e-01 2.561179046221959652e+02
7.173423423423422873e-01 2.560658928762079540e+02
7.182182182182181851e-01 2.560138811302198292e+02
7.190940940940940829e-01 2.559618693842317612e+02
7.199699699699699806e-01 2.559098576382436931e+02
7.208458458458458784e-01 2.558578458922556251e+02
7.217217217217216652e-01 2.558058341462675287e+02
7.225975975975975629e-01 2.557538224002794323e+02
7.234734734734734607e-01 2.557018106542913642e+02
7.243493493493493585e-01 2.556497989083032962e+02
7.252252252252252562e-01 2.555977871623152282e+02
7.261011011011010430e-01 2.555457754163271602e+02
7.269769769769769407e-01 2.554937636703390638e+02
7.278528528528528385e-01 2.554417519243510242e+02
7.287287287287287363e-01 2.553897401783629277e+02
7.296046046046046341e-01 2.553375990049137840e+02
7.304804804804804208e-01 2.552847310899132651e+02
7.313563563563563186e-01 2.552315564623444288e+02
7.322322322322322163e-01 2.551762148557666592e+02
7.331081081081081141e-01 2.551204948842388660e+02
7.339839839839840119e-01 2.550595385926774838e+02
7.348598598598597986e-01 2.550022464734063874e+02
7.357357357357356964e-01 2.549449543541352341e+02
7.366116116116115942e-01 2.548877671325881238e+02
7.374874874874874919e-01 2.548321818475303360e+02
7.383633633633633897e-01 2.547765965624725482e+02
7.392392392392392875e-01 2.547210112774147319e+02
7.401151151151150742e-01 2.546654259923569441e+02
7.409909909909909720e-01 2.546098407072991563e+02
7.418668668668668698e-01 2.545542554222413685e+02
7.427427427427427675e-01 2.544986701371835807e+02
7.436186186186186653e-01 2.544430848521257644e+02
7.444944944944944520e-01 2.543874995670680050e+02
7.453703703703703498e-01 2.543319142820101888e+02
7.462462462462462476e-01 2.542763289969523726e+02
7.471221221221221453e-01 2.542207437118946132e+02
7.479979979979980431e-01 2.541651584268367969e+02
7.488738738738738299e-01 2.541095731417790091e+02
7.497497497497497276e-01 2.540539878567212213e+02
7.506256256256256254e-01 2.539984025716634051e+02
7.515015015015015232e-01 2.539439474713116169e+02
7.523773773773774209e-01 2.538956294432515506e+02
7.532532532532532077e-01 2.538456761739669503e+02
7.541291291291291055e-01 2.537937588356451784e+02
7.550050050050050032e-01 2.537418414973234349e+02
7.558808808808809010e-01 2.536899241590016914e+02
7.567567567567567988e-01 2.536380068206798910e+02
7.576326326326325855e-01 2.535860894823581191e+02
7.585085085085084833e-01 2.535341721440364040e+02
7.593843843843843811e-01 2.534804596760297386e+02
7.602602602602602788e-01 2.534266191840513329e+02
7.611361361361361766e-01 2.533734970708233334e+02
7.620120120120119633e-01 2.533215984050079896e+02
7.628878878878878611e-01 2.532696997391926175e+02
7.637637637637637589e-01 2.532178010733772737e+02
7.646396396396396566e-01 2.531659024075619016e+02
7.655155155155155544e-01 2.531140037417465578e+02
7.663913913913913412e-01 2.530621050759311856e+02
7.672672672672672389e-01 2.530102064101158703e+02
7.681431431431431367e-01 2.529583077443004981e+02
7.690190190190190345e-01 2.529064090784851260e+02
7.698948948948949322e-01 2.528545104126697538e+02
7.707707707707707190e-01 2.528026117468544101e+02
7.716466466466466168e-01 2.527507130810390663e+02
7.725225225225225145e-01 2.526988144152236941e+02
7.733983983983984123e-01 2.526469157494083504e+02
7.742742742742743101e-01 2.525950170835929782e+02
7.751501501501500968e-01 2.525424818761142660e+02
7.760260260260259946e-01 2.524884876046090483e+02
7.769019019019018923e-01 2.524344933331038305e+02
7.777777777777777901e-01 2.523804990615986696e+02
7.786536536536536879e-01 2.523265047900934519e+02
7.795295295295294746e-01 2.522725105185882342e+02
7.804054054054053724e-01 2.522185162470830448e+02
7.812812812812812702e-01 2.521645219755778271e+02
7.821571571571571679e-01 2.521103985964246306e+02
7.830330330330330657e-01 2.520560600947766829e+02
7.839089089089088525e-01 2.520017215931287637e+02
7.847847847847847502e-01 2.519473830914807877e+02
7.856606606606606480e-01 2.518928225738399362e+02
7.865365365365365458e-01 2.518379369765452793e+02
7.874124124124124435e-01 2.517830513792505940e+02
7.882882882882882303e-01 2.517281657819559371e+02
7.891641641641641280e-01 2.516732801846612517e+02
7.900400400400400258e-01 2.516183945873665664e+02
7.909159159159159236e-01 2.515635089900718526e+02
7.917917917917918214e-01 2.515078320338752178e+02
7.926676676676676081e-01 2.514516242256748058e+02
7.935435435435435059e-01 2.513954164174743937e+02
7.944194194194194036e-01 2.513392086092739532e+02
7.952952952952953014e-01 2.512830008010735128e+02
7.961711711711711992e-01 2.512267929928731292e+02
7.970470470470469859e-01 2.511705851846726887e+02
7.979229229229228837e-01 2.511143773764722766e+02
7.987987987987987815e-01 2.510581695682718362e+02
7.996746746746746792e-01 2.510019617600714241e+02
8.005505505505505770e-01 2.509457539518710405e+02
8.014264264264264748e-01 2.508894641896398809e+02
8.023023023023022615e-01 2.508330830421687381e+02
8.031781781781781593e-01 2.507767018946976236e+02
8.040540540540540571e-01 2.507215426923289670e+02
8.049299299299299548e-01 2.506664210620919846e+02
8.058058058058058526e-01 2.506112994318550591e+02
8.066816816816816393e-01 2.505561778016181620e+02
8.075575575575575371e-01 2.505010561713812365e+02
8.084334334334334349e-01 2.504459345411442825e+02
8.093093093093093326e-01 2.503902938583477180e+02
8.101851851851852304e-01 2.503339634890999150e+02
8.110610610610610172e-01 2.502776331198519983e+02
8.119369369369369149e-01 2.502213027506041954e+02
8.128128128128128127e-01 2.501649723813563355e+02
8.136886886886887105e-01 2.501086420121084188e+02
8.145645645645646082e-01 2.500523116428606158e+02
8.154404404404403950e-01 2.499959812736127560e+02
8.163163163163162928e-01 2.499396509043648962e+02
8.171921921921921905e-01 2.498833205351170648e+02
8.180680680680680883e-01 2.498269901658691765e+02
8.189439439439439861e-01 2.497706597966213167e+02
8.198198198198197728e-01 2.497143294273734853e+02
8.206956956956956706e-01 2.496579990581256538e+02
8.215715715715715683e-01 2.496016686888778224e+02
8.224474474474474661e-01 2.495453383196299342e+02
8.233233233233233639e-01 2.494890079503821028e+02
8.241991991991991506e-01 2.494326775811342145e+02
8.250750750750750484e-01 2.493767882358851864e+02
8.259509509509509462e-01 2.493241454795467007e+02
8.268268268268268439e-01 2.492715027232081582e+02
8.277027027027027417e-01 2.492188599668696725e+02
8.285785785785785285e-01 2.491662172105311583e+02
8.294544544544544262e-01 2.491065806342102178e+02
8.303303303303303240e-01 2.490468029989720549e+02
8.312062062062062218e-01 2.489870253637338635e+02
8.320820820820821195e-01 2.489289415610689105e+02
8.329579579579579063e-01 2.488711510931675832e+02
8.338338338338338041e-01 2.488135357998572488e+02
8.347097097097097018e-01 2.487559573617085960e+02
8.355855855855855996e-01 2.486983789235599147e+02
8.364614614614614974e-01 2.486408004854112335e+02
8.373373373373372841e-01 2.485832220472625806e+02
8.382132132132131819e-01 2.485256436091138994e+02
8.390890890890890796e-01 2.484680651709652182e+02
8.399649649649649774e-01 2.484104867328165938e+02
8.408408408408408752e-01 2.483524036345899049e+02
8.417167167167166619e-01 2.482939340291650296e+02
8.425925925925925597e-01 2.482354644237400976e+02
8.434684684684684575e-01 2.481768090640077844e+02
8.443443443443443552e-01 2.481177909378451147e+02
8.452202202202202530e-01 2.480587728116824735e+02
8.460960960960960398e-01 2.479997546855198038e+02
8.469719719719719375e-01 2.479407365593571626e+02
8.478478478478478353e-01 2.478817184331944929e+02
8.487237237237237331e-01 2.478227003070318233e+02
8.495995995995996308e-01 2.477636821808691820e+02
8.504754754754754176e-01 2.477046640547065124e+02
8.513513513513513153e-01 2.476456459285438712e+02
8.522272272272272131e-01 2.475866278023812299e+02
8.531031031031031109e-01 2.475304522493403567e+02
8.539789789789790087e-01 2.474748962732621465e+02
8.548548548548547954e-01 2.474193402971839646e+02
8.557307307307306932e-01 2.473637843211057827e+02
8.566066066066065909e-01 2.473082283450275725e+02
8.574824824824824887e-01 2.472526881794821918e+02
8.583583583583583865e-01 2.471971824918058758e+02
8.592342342342341732e-01 2.471416768041295597e+02
8.601101101101100710e-01 2.470861711164532437e+02
8.609859859859859688e-01 2.470310725452422389e+02
8.618618618618618665e-01 2.469760055111646011e+02
8.627377377377377643e-01 2.469209384770869349e+02
8.636136136136135510e-01 2.468658714430093255e+02
8.644894894894894488e-01 2.468108044089316877e+02
8.653653653653653466e-01 2.467557373748540215e+02
8.662412412412412444e-01 2.467006703407764121e+02
8.671171171171171421e-01 2.466456033066987743e+02
8.679929929929930399e-01 2.465905362726211365e+02
8.688688688688688266e-01 2.465354692385434703e+02
8.697447447447447244e-01 2.464804022044658325e+02
8.706206206206206222e-01 2.464253351703881947e+02
8.714964964964965199e-01 2.463702681363105285e+02
8.723723723723724177e-01 2.463152011022329475e+02
8.732482482482482045e-01 2.462601340681552529e+02
8.741241241241241022e-01 2.462050670340776435e+02
8.750000000000000000e-01 2.461499999999999773e+02
