LineProbe
number of points: 1000 (fixed)
point 0: [0. 0. 0.]
point 1: [0.875 0.    0.   ]
-----

# T 1000
0.000000000000000000e+00 2.669620959841931835e+02
8.758758758758758683e-04 2.669747165581215427e+02
1.751751751751751737e-03 2.669873371320498450e+02
2.627627627627627388e-03 2.669999577059782041e+02
3.503503503503503473e-03 2.670125782799065064e+02
4.379379379379379558e-03 2.670256005183110233e+02
5.255255255255254776e-03 2.670387150865017816e+02
6.131131131131130861e-03 2.670518600261860911e+02
7.007007007007006946e-03 2.670654602105636855e+02
7.882882882882882164e-03 2.670790603949412798e+02
8.758758758758759116e-03 2.670926605793188742e+02
9.634634634634634334e-03 2.671062607636964685e+02
1.051051051051050955e-02 2.671198609480740629e+02
1.138638638638638650e-02 2.671334611324516572e+02
1.226226226226226172e-02 2.671470613168291948e+02
1.313813813813813867e-02 2.671606615012067891e+02
1.401401401401401389e-02 2.671742616855843835e+02
1.488988988988988911e-02 2.671875335275416887e+02
1.576576576576576433e-02 2.672004000450968988e+02
1.664164164164164128e-02 2.672132665626521657e+02
1.751751751751751823e-02 2.672261330802074326e+02
1.839339339339339172e-02 2.672389995977626995e+02
1.926926926926926867e-02 2.672518661153179096e+02
2.014514514514514562e-02 2.672647326328731197e+02
2.102102102102101910e-02 2.672775991504283866e+02
2.189689689689689606e-02 2.672902648096408029e+02
2.277277277277277301e-02 2.673027823534487197e+02
2.364864864864864996e-02 2.673152998972566365e+02
2.452452452452452344e-02 2.673278174410644965e+02
2.540040040040040040e-02 2.673403349848724133e+02
2.627627627627627735e-02 2.673528525286802733e+02
2.715215215215215083e-02 2.673653700724881901e+02
2.802802802802802778e-02 2.673778876162961069e+02
2.890390390390390474e-02 2.673904051601040237e+02
2.977977977977977822e-02 2.674029227039119405e+02
3.065565565565565517e-02 2.674154402477198005e+02
3.153153153153152866e-02 2.674279577915277173e+02
3.240740740740740561e-02 2.674404753353355773e+02
3.328328328328328256e-02 2.674529928791434941e+02
3.415915915915915951e-02 2.674655104229514109e+02
3.503503503503503647e-02 2.674780279667593277e+02
3.591091091091091342e-02 2.674905455105671876e+02
3.678678678678678343e-02 2.675030630543751045e+02
3.766266266266266038e-02 2.675155805981829644e+02
3.853853853853853734e-02 2.675280981419908812e+02
3.941441441441441429e-02 2.675406156857987980e+02
4.029029029029029124e-02 2.675531332296066580e+02
4.116616616616616819e-02 2.675650756369378200e+02
4.204204204204203821e-02 2.675764449732065486e+02
4.291791791791791516e-02 2.675878143094753341e+02
4.379379379379379211e-02 2.675992329296209391e+02
4.466966966966966907e-02 2.676107254170036640e+02
4.554554554554554602e-02 2.676222179043863889e+02
4.642142142142142297e-02 2.676333919414312277e+02
4.729729729729729992e-02 2.676442301311508913e+02
4.817317317317316994e-02 2.676550557489640028e+02
4.904904904904904689e-02 2.676658813667771142e+02
4.992492492492492384e-02 2.676767069845902256e+02
5.080080080080080079e-02 2.676875326024033370e+02
5.167667667667667775e-02 2.676983582202164484e+02
5.255255255255255470e-02 2.677091838380295599e+02
5.342842842842842471e-02 2.677199892425576309e+02
5.430430430430430166e-02 2.677307662803097514e+02
5.518018018018017862e-02 2.677415433180618152e+02
5.605605605605605557e-02 2.677523203558139926e+02
5.693193193193193252e-02 2.677630973935660563e+02
5.780780780780780947e-02 2.677738744313182337e+02
5.868368368368368643e-02 2.677846514690702975e+02
5.955955955955955644e-02 2.677954285068224181e+02
6.043543543543543339e-02 2.678062055445745955e+02
6.131131131131131035e-02 2.678169825823266592e+02
6.218718718718718730e-02 2.678277596200787798e+02
6.306306306306305731e-02 2.678385366578309004e+02
6.393893893893894120e-02 2.678493136955830209e+02
6.481481481481481122e-02 2.678591589961773138e+02
6.569069069069069511e-02 2.678689067680485323e+02
6.656656656656656512e-02 2.678786545399198076e+02
6.744244244244243514e-02 2.678884023117910829e+02
6.831831831831831903e-02 2.678981668914956913e+02
6.919419419419418904e-02 2.679079359920293655e+02
7.007007007007007293e-02 2.679177050925630397e+02
7.094594594594594295e-02 2.679274741930967139e+02
7.182182182182182684e-02 2.679372432936303881e+02
7.269769769769769685e-02 2.679470123941640054e+02
7.357357357357356686e-02 2.679567814946977364e+02
7.444944944944945076e-02 2.679668090155980167e+02
7.532532532532532077e-02 2.679770381370267387e+02
7.620120120120120466e-02 2.679872672584554039e+02
7.707707707707707467e-02 2.679974963798841259e+02
7.795295295295295857e-02 2.680077255013128479e+02
7.882882882882882858e-02 2.680179593622713696e+02
7.970470470470469859e-02 2.680281939681196945e+02
8.058058058058058248e-02 2.680384285739680195e+02
8.145645645645645250e-02 2.680486631798164012e+02
8.233233233233233639e-02 2.680588977856647261e+02
8.320820820820820640e-02 2.680691323915131079e+02
8.408408408408407642e-02 2.680793669973614328e+02
8.495995995995996031e-02 2.680896016032098146e+02
8.583583583583583032e-02 2.680998362090581395e+02
8.671171171171171421e-02 2.681100708149065213e+02
8.758758758758758423e-02 2.681203054207548462e+02
8.846346346346346812e-02 2.681305400266031711e+02
8.933933933933933813e-02 2.681407746324515529e+02
9.021521521521520814e-02 2.681510092382998778e+02
9.109109109109109204e-02 2.681612438441482027e+02
9.196696696696696205e-02 2.681719030160422221e+02
9.284284284284284594e-02 2.681825978586743418e+02
9.371871871871871595e-02 2.681932927013065182e+02
9.459459459459459985e-02 2.682039875439386378e+02
9.547047047047046986e-02 2.682146823865708143e+02
9.634634634634633987e-02 2.682253772292029339e+02
9.722222222222222376e-02 2.682360720718351104e+02
9.809809809809809378e-02 2.682467669144672300e+02
9.897397397397397767e-02 2.682574617570993496e+02
9.984984984984984768e-02 2.682681565997315261e+02
1.007257257257257316e-01 2.682788514423636457e+02
1.016016016016016016e-01 2.682895462849958221e+02
1.024774774774774716e-01 2.682996119969025699e+02
1.033533533533533555e-01 2.683083911457857766e+02
1.042292292292292255e-01 2.683171702946689834e+02
1.051051051051051094e-01 2.683259494435522470e+02
1.059809809809809794e-01 2.683347285924354537e+02
1.068568568568568494e-01 2.683435077413187173e+02
1.077327327327327333e-01 2.683522868902019241e+02
1.086086086086086033e-01 2.683610660390851308e+02
1.094844844844844872e-01 2.683698451879683944e+02
1.103603603603603572e-01 2.683786243368516011e+02
1.112362362362362411e-01 2.683874034857348079e+02
1.121121121121121111e-01 2.683961826346180715e+02
1.129879879879879812e-01 2.684049617835012782e+02
1.138638638638638650e-01 2.684137409323845418e+02
1.147397397397397351e-01 2.684225200812677485e+02
1.156156156156156189e-01 2.684312992301510121e+02
1.164914914914914890e-01 2.684404476520870162e+02
1.173673673673673729e-01 2.684498716829371574e+02
1.182432432432432429e-01 2.684593780046994880e+02
1.191191191191191129e-01 2.684688843264618185e+02
1.199949949949949968e-01 2.684783906482240923e+02
1.208708708708708668e-01 2.684878969699864228e+02
1.217467467467467507e-01 2.684972870346539935e+02
1.226226226226226207e-01 2.685054100689047800e+02
1.234984984984984907e-01 2.685135331031555097e+02
1.243743743743743746e-01 2.685216561374062962e+02
1.252502502502502446e-01 2.685297791716570828e+02
1.261261261261261146e-01 2.685379148791117814e+02
1.270020020020020124e-01 2.685460577837876599e+02
1.278778778778778824e-01 2.685542006884635953e+02
1.287537537537537524e-01 2.685618608460395649e+02
1.296296296296296224e-01 2.685693660176094113e+02
1.305055055055054924e-01 2.685768711891792577e+02
1.313813813813813902e-01 2.685843763607491610e+02
1.322572572572572602e-01 2.685918815323189506e+02
1.331331331331331302e-01 2.685993867038888538e+02
1.340090090090090003e-01 2.686068918754587003e+02
1.348848848848848703e-01 2.686143970470285467e+02
1.357607607607607680e-01 2.686219022185984500e+02
1.366366366366366381e-01 2.686294073901682964e+02
1.375125125125125081e-01 2.686369125617381997e+02
1.383883883883883781e-01 2.686444177333080461e+02
1.392642642642642758e-01 2.686519229048778925e+02
1.401401401401401459e-01 2.686594280764477389e+02
1.410160160160160159e-01 2.686669332480175854e+02
1.418918918918918859e-01 2.686744384195874886e+02
1.427677677677677559e-01 2.686819435911573350e+02
1.436436436436436537e-01 2.686894487627271246e+02
1.445195195195195237e-01 2.686970816743975661e+02
1.453953953953953937e-01 2.687052922737625522e+02
1.462712712712712637e-01 2.687135509095018051e+02
1.471471471471471337e-01 2.687218252115108044e+02
1.480230230230230315e-01 2.687300995135198036e+02
1.488988988988989015e-01 2.687383738155289166e+02
1.497747747747747715e-01 2.687466481175379158e+02
1.506506506506506415e-01 2.687549224195469151e+02
1.515265265265265116e-01 2.687631967215559143e+02
1.524024024024024093e-01 2.687714710235649136e+02
1.532782782782782793e-01 2.687797453255739697e+02
1.541541541541541493e-01 2.687880196275830258e+02
1.550300300300300194e-01 2.687962939295920251e+02
1.559059059059059171e-01 2.688045682316010243e+02
1.567817817817817871e-01 2.688128425336100236e+02
1.576576576576576572e-01 2.688211168356190797e+02
1.585335335335335272e-01 2.688293221249272165e+02
1.594094094094093972e-01 2.688371875111183158e+02
1.602852852852852950e-01 2.688450528973094151e+02
1.611611611611611650e-01 2.688529182835005145e+02
1.620370370370370350e-01 2.688607836696915570e+02
1.629129129129129050e-01 2.688686490558826563e+02
1.637887887887887750e-01 2.688765144420737556e+02
1.646646646646646728e-01 2.688843798282648550e+02
1.655405405405405428e-01 2.688907924037649195e+02
1.664164164164164128e-01 2.688968470688442949e+02
1.672922922922922828e-01 2.689029017339237271e+02
1.681681681681681528e-01 2.689089563990030456e+02
1.690440440440440506e-01 2.689150110640824209e+02
1.699199199199199206e-01 2.689210657291617963e+02
1.707957957957957906e-01 2.689267001059569679e+02
1.716716716716716606e-01 2.689316506816298897e+02
1.725475475475475584e-01 2.689366012573028115e+02
1.734234234234234284e-01 2.689415518329756765e+02
1.742992992992992984e-01 2.689465024086485982e+02
1.751751751751751685e-01 2.689514529843215200e+02
1.760510510510510385e-01 2.689564035599944418e+02
1.769269269269269362e-01 2.689613541356673636e+02
1.778028028028028062e-01 2.689660000938648068e+02
1.786786786786786763e-01 2.689704659586412276e+02
1.795545545545545463e-01 2.689749318234176485e+02
1.804304304304304163e-01 2.689793976881940125e+02
1.813063063063063141e-01 2.689838635529704334e+02
1.821821821821821841e-01 2.689883294177468542e+02
1.830580580580580541e-01 2.689927952825232182e+02
1.839339339339339241e-01 2.689972611472996391e+02
1.848098098098098219e-01 2.690017270120760031e+02
1.856856856856856919e-01 2.690061928768524240e+02
1.865615615615615619e-01 2.690106587416288448e+02
1.874374374374374319e-01 2.690151246064052089e+02
1.883133133133133019e-01 2.690195707863965140e+02
1.891891891891891997e-01 2.690240041151682817e+02
1.900650650650650697e-01 2.690284374439399926e+02
1.909409409409409397e-01 2.690328707727118172e+02
1.918168168168168097e-01 2.690373041014836417e+02
1.926926926926926797e-01 2.690417374302554094e+02
1.935685685685685775e-01 2.690461707590271772e+02
1.944444444444444475e-01 2.690506040877990017e+02
1.953203203203203175e-01 2.690550374165707694e+02
1.961961961961961876e-01 2.690594707453425372e+02
1.970720720720720576e-01 2.690639040741143617e+02
1.979479479479479553e-01 2.690677028691068813e+02
1.988238238238238254e-01 2.690711686093334833e+02
1.996996996996996954e-01 2.690746343495600286e+02
2.005755755755755654e-01 2.690781000897866306e+02
2.014514514514514631e-01 2.690814356258606495e+02
2.023273273273273332e-01 2.690842265712179255e+02
2.032032032032032032e-01 2.690870175165751448e+02
2.040790790790790732e-01 2.690898084619323072e+02
2.049549549549549432e-01 2.690925994072895264e+02
2.058308308308308410e-01 2.690953903526467457e+02
2.067067067067067110e-01 2.690981812980039649e+02
2.075825825825825810e-01 2.691009722433611842e+02
2.084584584584584510e-01 2.691037631887184034e+02
2.093343343343343210e-01 2.691065541340756226e+02
2.102102102102102188e-01 2.691093450794328419e+02
2.110860860860860888e-01 2.691121360247900611e+02
2.119619619619619588e-01 2.691149269701472804e+02
2.128378378378378288e-01 2.691177179155044996e+02
2.137137137137136988e-01 2.691205088608616620e+02
2.145895895895895966e-01 2.691232998062188813e+02
2.154654654654654666e-01 2.691260907515761005e+02
2.163413413413413366e-01 2.691288816969333766e+02
2.172172172172172067e-01 2.691317077634727752e+02
2.180930930930931044e-01 2.691345381792575040e+02
2.189689689689689744e-01 2.691373685950421759e+02
2.198448448448448445e-01 2.691390789357955668e+02
2.207207207207207145e-01 2.691407304109105780e+02
2.215965965965965845e-01 2.691423818860255892e+02
2.224724724724724823e-01 2.691440333611406004e+02
2.233483483483483523e-01 2.691456848362556684e+02
2.242242242242242223e-01 2.691473363113706228e+02
2.251001001001000923e-01 2.691489877864856908e+02
2.259759759759759623e-01 2.691506392616006451e+02
2.268518518518518601e-01 2.691522907367157131e+02
2.277277277277277301e-01 2.691539422118307243e+02
2.286036036036036001e-01 2.691555936869457355e+02
2.294794794794794701e-01 2.691572451620606898e+02
2.303553553553553401e-01 2.691588966371757579e+02
2.312312312312312379e-01 2.691604089636880985e+02
2.321071071071071079e-01 2.691613859089711127e+02
2.329829829829829779e-01 2.691623628542541837e+02
2.338588588588588479e-01 2.691633397995371979e+02
2.347347347347347457e-01 2.691643167448202121e+02
2.356106106106106157e-01 2.691652936901032263e+02
2.364864864864864857e-01 2.691662706353862973e+02
2.373623623623623557e-01 2.691672475806693114e+02
2.382382382382382258e-01 2.691682245259523256e+02
2.391141141141141235e-01 2.691691723482163638e+02
2.399899899899899935e-01 2.691689879402797487e+02
2.408658658658658636e-01 2.691688035323432473e+02
2.417417417417417336e-01 2.691686191244066890e+02
2.426176176176176036e-01 2.691677102649020412e+02
2.434934934934935014e-01 2.691665601319391499e+02
2.443693693693693714e-01 2.691654099989763154e+02
2.452452452452452414e-01 2.691642598660134240e+02
2.461211211211211114e-01 2.691631097330505895e+02
2.469969969969969814e-01 2.691619596000877550e+02
2.478728728728728792e-01 2.691608094671248637e+02
2.487487487487487492e-01 2.691596593341620292e+02
2.496246246246246192e-01 2.691586209577930617e+02
2.505005005005004892e-01 2.691576852421392232e+02
2.513763763763763870e-01 2.691567495264853278e+02
2.522522522522522292e-01 2.691558138108314324e+02
2.531281281281281270e-01 2.691548780951775370e+02
2.540040040040040248e-01 2.691537891762347954e+02
2.548798798798798670e-01 2.691526162175721879e+02
2.557557557557557648e-01 2.691514432589096373e+02
2.566316316316316071e-01 2.691502703002469730e+02
2.575075075075075048e-01 2.691490973415844223e+02
2.583833833833834026e-01 2.691479243829218149e+02
2.592592592592592449e-01 2.691467514242592074e+02
2.601351351351351426e-01 2.691455784655965999e+02
2.610110110110109849e-01 2.691444055069339925e+02
2.618868868868868827e-01 2.691432325482713850e+02
2.627627627627627804e-01 2.691419098147691216e+02
2.636386386386386227e-01 2.691403242792213746e+02
2.645145145145145205e-01 2.691387387436736276e+02
2.653903903903903627e-01 2.691371532081259375e+02
2.662662662662662605e-01 2.691355676725781905e+02
2.671421421421421583e-01 2.691339821370304435e+02
2.680180180180180005e-01 2.691307474113976355e+02
2.688938938938938983e-01 2.691270092882184599e+02
2.697697697697697405e-01 2.691232711650392844e+02
2.706456456456456383e-01 2.691195330418601088e+02
2.715215215215215361e-01 2.691157949186809901e+02
2.723973973973973783e-01 2.691120567955018146e+02
2.732732732732732761e-01 2.691083186723226390e+02
2.741491491491491739e-01 2.691042766621448550e+02
2.750250250250250161e-01 2.691000977074023126e+02
2.759009009009009139e-01 2.690959187526598839e+02
2.767767767767767562e-01 2.690917397979173984e+02
2.776526526526526539e-01 2.690875608431749697e+02
2.785285285285285517e-01 2.690833818884324842e+02
2.794044044044043940e-01 2.690792029336899986e+02
2.802802802802802917e-01 2.690750239789475700e+02
2.811561561561561340e-01 2.690708450242050844e+02
2.820320320320320318e-01 2.690666660694626557e+02
2.829079079079079295e-01 2.690626449754643659e+02
2.837837837837837718e-01 2.690588271112100074e+02
2.846596596596596696e-01 2.690550092469557057e+02
2.855355355355355118e-01 2.690511913827014041e+02
2.864114114114114096e-01 2.690473735184471025e+02
2.872872872872873073e-01 2.690434453929673282e+02
2.881631631631631496e-01 2.690382518815786739e+02
2.890390390390390474e-01 2.690330583701899627e+02
2.899149149149148896e-01 2.690278648588012516e+02
2.907907907907907874e-01 2.690226713474125972e+02
2.916666666666666852e-01 2.690174778360238861e+02
2.925425425425425274e-01 2.690122843246351749e+02
2.934184184184184252e-01 2.690070908132464638e+02
2.942942942942942675e-01 2.690018973018577526e+02
2.951701701701701652e-01 2.689967032600827679e+02
2.960460460460460630e-01 2.689915060371515665e+02
2.969219219219219053e-01 2.689863088142204788e+02
2.977977977977978030e-01 2.689811115912893342e+02
2.986736736736736453e-01 2.689759143683581897e+02
2.995495495495495430e-01 2.689707158904668063e+02
3.004254254254254408e-01 2.689655164764454867e+02
3.013013013013012831e-01 2.689603170624241670e+02
3.021771771771771808e-01 2.689551176484028474e+02
3.030530530530530231e-01 2.689499182343814709e+02
3.039289289289289209e-01 2.689447188203601513e+02
3.048048048048048186e-01 2.689395194063388317e+02
3.056806806806806609e-01 2.689343199923175121e+02
3.065565565565565587e-01 2.689291205782961924e+02
3.074324324324324564e-01 2.689228882997470578e+02
3.083083083083082987e-01 2.689155677417610377e+02
3.091841841841841965e-01 2.689082471837749608e+02
3.100600600600600387e-01 2.689009266257888839e+02
3.109359359359359365e-01 2.688936060678028070e+02
3.118118118118118343e-01 2.688864465638467891e+02
3.126876876876876765e-01 2.688797121650425197e+02
3.135635635635635743e-01 2.688729777662382503e+02
3.144394394394394165e-01 2.688662433674339240e+02
3.153153153153153143e-01 2.688595089686296546e+02
3.161911911911912121e-01 2.688527745698253284e+02
3.170670670670670543e-01 2.688460401710210590e+02
3.179429429429429521e-01 2.688393057722167896e+02
3.188188188188187944e-01 2.688325713734125202e+02
3.196946946946946921e-01 2.688250140158635872e+02
3.205705705705705899e-01 2.688174162369282385e+02
3.214464464464464322e-01 2.688098184579928898e+02
3.223223223223223299e-01 2.688022206790575410e+02
3.231981981981981722e-01 2.687946229001221923e+02
3.240740740740740700e-01 2.687870251211868435e+02
3.249499499499499677e-01 2.687794273422514379e+02
3.258258258258258100e-01 2.687718295633161461e+02
3.267017017017017078e-01 2.687645297365286865e+02
3.275775775775775500e-01 2.687575717397313610e+02
3.284534534534534478e-01 2.687506137429339788e+02
3.293293293293293456e-01 2.687436557461365965e+02
3.302052052052051878e-01 2.687366977493392142e+02
3.310810810810810856e-01 2.687297397525418887e+02
3.319569569569569278e-01 2.687227817557444496e+02
3.328328328328328256e-01 2.687143675131840723e+02
3.337087087087087234e-01 2.687049619876582938e+02
3.345845845845845656e-01 2.686955564621325152e+02
3.354604604604604634e-01 2.686861509366067366e+02
3.363363363363363057e-01 2.686767454110809581e+02
3.372122122122122034e-01 2.686671839101246064e+02
3.380880880880881012e-01 2.686574751278275244e+02
3.389639639639639435e-01 2.686477663455304992e+02
3.398398398398398412e-01 2.686380575632334171e+02
3.407157157157157390e-01 2.686283487809363351e+02
3.415915915915915813e-01 2.686186399986393099e+02
3.424674674674674790e-01 2.686089312163422278e+02
3.433433433433433213e-01 2.685992224340451457e+02
3.442192192192192191e-01 2.685892587903355775e+02
3.450950950950951168e-01 2.685778923478199545e+02
3.459709709709709591e-01 2.685665259053043883e+02
3.468468468468468568e-01 2.685551594627887653e+02
3.477227227227226991e-01 2.685437930202731422e+02
3.485985985985985969e-01 2.685324265777575761e+02
3.494744744744744946e-01 2.685210601352419530e+02
3.503503503503503369e-01 2.685096936927263869e+02
3.512262262262262347e-01 2.684983272502107639e+02
3.521021021021020769e-01 2.684869608076951408e+02
3.529779779779779747e-01 2.684755943651795747e+02
3.538538538538538725e-01 2.684642279226639516e+02
3.547297297297297147e-01 2.684528614801483855e+02
3.556056056056056125e-01 2.684414950376327624e+02
3.564814814814814548e-01 2.684301061551578869e+02
3.573573573573573525e-01 2.684176115335275199e+02
3.582332332332332503e-01 2.684049799487654582e+02
3.591091091091090926e-01 2.683923483640034533e+02
3.599849849849849903e-01 2.683797167792414484e+02
3.608608608608608326e-01 2.683670851944794435e+02
3.617367367367367303e-01 2.683544536097174387e+02
3.626126126126126281e-01 2.683418220249554338e+02
3.634884884884884704e-01 2.683291904401934289e+02
3.643643643643643681e-01 2.683165588554314240e+02
3.652402402402402104e-01 2.683039272706694192e+02
3.661161161161161082e-01 2.682912956859074143e+02
3.669919919919920059e-01 2.682786641011454662e+02
3.678678678678678482e-01 2.682660325163834045e+02
3.687437437437437460e-01 2.682534009316213996e+02
3.696196196196196437e-01 2.682407693468593379e+02
3.704954954954954860e-01 2.682254171964497118e+02
3.713713713713713838e-01 2.682093146507367578e+02
3.722472472472472260e-01 2.681932121050239175e+02
3.731231231231231238e-01 2.681771095593110203e+02
3.739989989989990216e-01 2.681610070135980664e+02
3.748748748748748638e-01 2.681449044678852260e+02
3.757507507507507616e-01 2.681288019221723289e+02
3.766266266266266038e-01 2.681126993764593749e+02
3.775025025025025016e-01 2.680965968307465346e+02
3.783783783783783994e-01 2.680804942850336374e+02
3.792542542542542416e-01 2.680643917393207403e+02
3.801301301301301394e-01 2.680482891936077863e+02
3.810060060060059817e-01 2.680320124412431824e+02
3.818818818818818794e-01 2.680152286805677022e+02
3.827577577577577772e-01 2.679984449198922221e+02
3.836336336336336195e-01 2.679816611592167419e+02
3.845095095095095172e-01 2.679648773985412049e+02
3.853853853853853595e-01 2.679480936378657248e+02
3.862612612612612573e-01 2.679313098771902446e+02
3.871371371371371550e-01 2.679139237040658372e+02
3.880130130130129973e-01 2.678961607405286713e+02
3.888888888888888951e-01 2.678783977769914486e+02
3.897647647647647373e-01 2.678606348134542827e+02
3.906406406406406351e-01 2.678428718499170600e+02
3.915165165165165329e-01 2.678251088863798373e+02
3.923923923923923751e-01 2.678073459228426714e+02
3.932682682682682729e-01 2.677895829593053918e+02
3.941441441441441151e-01 2.677698607802441302e+02
3.950200200200200129e-01 2.677497015384689121e+02
3.958958958958959107e-01 2.677295422966937508e+02
3.967717717717717529e-01 2.677093830549185896e+02
3.976476476476476507e-01 2.676892238131434283e+02
3.985235235235234930e-01 2.676690645713682670e+02
3.993993993993993907e-01 2.676489053295930489e+02
4.002752752752752885e-01 2.676287460878178877e+02
4.011511511511511308e-01 2.676085868460427264e+02
4.020270270270270285e-01 2.675884276042675651e+02
4.029029029029029263e-01 2.675682683624924039e+02
4.037787787787787686e-01 2.675481091207172426e+02
4.046546546546546663e-01 2.675279498789420813e+02
4.055305305305305086e-01 2.675077906371669201e+02
4.064064064064064064e-01 2.674876313953917588e+02
4.072822822822823041e-01 2.674674773314862932e+02
4.081581581581581464e-01 2.674472802163850815e+02
4.090340340340340441e-01 2.674270831012839267e+02
4.099099099099098864e-01 2.674068859861827150e+02
4.107857857857857842e-01 2.673866888710815033e+02
4.116616616616616819e-01 2.673664917559802916e+02
4.125375375375375242e-01 2.673462946408791368e+02
4.134134134134134220e-01 2.673260975257778682e+02
4.142892892892892642e-01 2.673017547777544678e+02
4.151651651651651620e-01 2.672769577373002789e+02
4.160410410410410598e-01 2.672573912549652277e+02
4.169169169169169020e-01 2.672383025442082953e+02
4.177927927927927998e-01 2.672182000497203376e+02
4.186686686686686421e-01 2.671977350625280110e+02
4.195445445445445398e-01 2.671772700753356276e+02
4.204204204204204376e-01 2.671568050881433578e+02
4.212962962962962798e-01 2.671363401009510312e+02
4.221721721721721776e-01 2.671158275616065794e+02
4.230480480480480199e-01 2.670947365790277104e+02
4.239239239239239176e-01 2.670736455964488414e+02
4.247997997997998154e-01 2.670525546138699724e+02
4.256756756756756577e-01 2.670314636312911603e+02
4.265515515515515554e-01 2.670103726487122913e+02
4.274274274274273977e-01 2.669892816661333654e+02
4.283033033033032955e-01 2.669681906835545533e+02
4.291791791791791932e-01 2.669466282960760850e+02
4.300550550550550355e-01 2.669249143973937635e+02
4.309309309309309333e-01 2.669032004987114988e+02
4.318068068068067755e-01 2.668814866000292341e+02
4.326826826826826733e-01 2.668597727013469694e+02
4.335585585585585711e-01 2.668380588026647047e+02
4.344344344344344133e-01 2.668146544750446765e+02
4.353103103103103111e-01 2.667903920645086941e+02
4.361861861861862089e-01 2.667661296539726550e+02
4.370620620620620511e-01 2.667418672434366158e+02
4.379379379379379489e-01 2.667176048329006335e+02
4.388138138138137911e-01 2.666933424223645943e+02
4.396896896896896889e-01 2.666690800118285551e+02
4.405655655655655867e-01 2.666448176012925160e+02
4.414414414414414289e-01 2.666205551907565336e+02
4.423173173173173267e-01 2.665962927802204945e+02
4.431931931931931690e-01 2.665720303696844553e+02
4.440690690690690667e-01 2.665477679591484730e+02
4.449449449449449645e-01 2.665235055486124338e+02
4.458208208208208068e-01 2.664992431380763946e+02
4.466966966966967045e-01 2.664749807275403555e+02
4.475725725725725468e-01 2.664507183170043731e+02
4.484484484484484446e-01 2.664264559064683340e+02
4.493243243243243423e-01 2.664021934959322948e+02
4.502002002002001846e-01 2.663779310853962556e+02
4.510760760760760824e-01 2.663536686748602733e+02
4.519519519519519246e-01 2.663289521351510984e+02
4.528278278278278224e-01 2.663039947329978645e+02
4.537037037037037202e-01 2.662790373308446306e+02
4.545795795795795624e-01 2.662540799286913398e+02
4.554554554554554602e-01 2.662291225265381058e+02
4.563313313313313024e-01 2.662041651243848719e+02
4.572072072072072002e-01 2.661792077222316379e+02
4.580830830830830980e-01 2.661542503200784040e+02
4.589589589589589402e-01 2.661292929179251132e+02
4.598348348348348380e-01 2.661043355157718224e+02
4.607107107107106803e-01 2.660793781136185885e+02
4.615865865865865780e-01 2.660544207114652977e+02
4.624624624624624758e-01 2.660294633093120638e+02
4.633383383383383181e-01 2.660045059071587730e+02
4.642142142142142158e-01 2.659795485050055959e+02
4.650900900900901136e-01 2.659545911028523051e+02
4.659659659659659559e-01 2.659296337006990143e+02
4.668418418418418536e-01 2.659046762985457804e+02
4.677177177177176959e-01 2.658797188963925464e+02
4.685935935935935936e-01 2.658541736335504879e+02
4.694694694694694914e-01 2.658282854285486110e+02
4.703453453453453337e-01 2.658023972235466772e+02
4.712212212212212314e-01 2.657765090185448571e+02
4.720970970970970737e-01 2.657506208135430370e+02
4.729729729729729715e-01 2.657249248001806450e+02
4.738488488488488692e-01 2.656993208788871925e+02
4.747247247247247115e-01 2.656737169575937401e+02
4.756006006006006093e-01 2.656481130363002876e+02
4.764764764764764515e-01 2.656225091150068351e+02
4.773523523523523493e-01 2.655969051937133827e+02
4.782282282282282471e-01 2.655713012724199302e+02
4.791041041041040893e-01 2.655456973511264778e+02
4.799799799799799871e-01 2.655200429264210698e+02
4.808558558558558294e-01 2.654943591783045349e+02
4.817317317317317271e-01 2.654686754301878864e+02
4.826076076076076249e-01 2.654429916820713515e+02
4.834834834834834671e-01 2.654173079339547030e+02
4.843593593593593649e-01 2.653916241858381682e+02
4.852352352352352072e-01 2.653659404377215196e+02
4.861111111111111049e-01 2.653402566896049279e+02
4.869869869869870027e-01 2.653123428292036579e+02
4.878628628628628450e-01 2.652840259148293853e+02
4.887387387387387427e-01 2.652557090004550560e+02
4.896146146146145850e-01 2.652273920860807266e+02
4.904904904904904828e-01 2.651990751717064541e+02
4.913663663663663805e-01 2.651707582573321815e+02
4.922422422422422228e-01 2.651424413429579090e+02
4.931181181181181206e-01 2.651141244285835796e+02
4.939939939939939628e-01 2.650858075142092503e+02
4.948698698698698606e-01 2.650574905998349777e+02
4.957457457457457584e-01 2.650291736854606484e+02
4.966216216216216006e-01 2.650008567710863758e+02
4.974974974974974984e-01 2.649725398567120465e+02
4.983733733733733962e-01 2.649447598111854631e+02
4.992492492492492384e-01 2.649170839105657933e+02
5.001251251251250807e-01 2.648894080099461803e+02
5.010010010010009784e-01 2.648617321093265673e+02
5.018768768768768762e-01 2.648340562087068975e+02
5.027527527527527740e-01 2.648063803080873413e+02
5.036286286286286717e-01 2.647787044074676714e+02
5.045045045045044585e-01 2.647510285068480584e+02
5.053803803803803563e-01 2.647233526062284454e+02
5.062562562562562540e-01 2.646956683211429322e+02
5.071321321321321518e-01 2.646660524225695212e+02
5.080080080080080496e-01 2.646343826359629361e+02
5.088838838838838363e-01 2.646015827543604928e+02
5.097597597597597341e-01 2.645687828727579927e+02
5.106356356356356319e-01 2.645359829911555494e+02
5.115115115115115296e-01 2.645031831095530492e+02
5.123873873873874274e-01 2.644703832279506059e+02
5.132632632632632141e-01 2.644375833463481626e+02
5.141391391391391119e-01 2.644047834647456625e+02
5.150150150150150097e-01 2.643731038420030472e+02
5.158908908908909074e-01 2.643414639053158908e+02
5.167667667667668052e-01 2.643098239686287911e+02
5.176426426426425920e-01 2.642781840319416915e+02
5.185185185185184897e-01 2.642465440952545350e+02
5.193943943943943875e-01 2.642149041585673785e+02
5.202702702702702853e-01 2.641832642218802789e+02
5.211461461461461830e-01 2.641516242851931224e+02
5.220220220220219698e-01 2.641199843485060228e+02
5.228978978978978676e-01 2.640883444118188663e+02
5.237737737737737653e-01 2.640567044751317098e+02
5.246496496496496631e-01 2.640250645384446102e+02
5.255255255255255609e-01 2.639934246017574537e+02
5.264014014014013476e-01 2.639617846650703541e+02
5.272772772772772454e-01 2.639301447283831976e+02
5.281531531531531432e-01 2.638984962148624618e+02
5.290290290290290409e-01 2.638668467350494211e+02
5.299049049049049387e-01 2.638351972552363804e+02
5.307807807807807254e-01 2.638035477754233398e+02
5.316566566566566232e-01 2.637718982956103559e+02
5.325325325325325210e-01 2.637402488157973153e+02
5.334084084084084187e-01 2.637085993359842746e+02
5.342842842842843165e-01 2.636769498561712908e+02
5.351601601601601033e-01 2.636449922380643329e+02
5.360360360360360010e-01 2.636128539096938539e+02
5.369119119119118988e-01 2.635801360843602765e+02
5.377877877877877966e-01 2.635467273860140835e+02
5.386636636636636943e-01 2.635133186876679474e+02
5.395395395395394811e-01 2.634799099893218113e+02
5.404154154154153789e-01 2.634465012909756183e+02
5.412912912912912766e-01 2.634130925926294822e+02
5.421671671671671744e-01 2.633796838942832892e+02
5.430430430430430722e-01 2.633462751959370962e+02
5.439189189189188589e-01 2.633128664975909032e+02
5.447947947947947567e-01 2.632794577992447671e+02
5.456706706706706544e-01 2.632460491008985741e+02
5.465465465465465522e-01 2.632126404025524380e+02
5.474224224224224500e-01 2.631783801498676780e+02
5.482982982982983478e-01 2.631435808603748114e+02
5.491741741741741345e-01 2.631087815708818880e+02
5.500500500500500323e-01 2.630739822813890214e+02
5.509259259259259300e-01 2.630391829918960980e+02
5.518018018018018278e-01 2.630043837024032314e+02
5.526776776776777256e-01 2.629695844129103079e+02
5.535535535535535123e-01 2.629347851234174414e+02
5.544294294294294101e-01 2.628999858339245748e+02
5.553053053053053079e-01 2.628651865444316513e+02
5.561811811811812056e-01 2.628296658387956768e+02
5.570570570570571034e-01 2.627940039370589034e+02
5.579329329329328901e-01 2.627583420353221300e+02
5.588088088088087879e-01 2.627226801335852997e+02
5.596846846846846857e-01 2.626870182318485263e+02
5.605605605605605835e-01 2.626513563301117529e+02
5.614364364364364812e-01 2.626156944283749795e+02
5.623123123123122680e-01 2.625800325266382060e+02
5.631881881881881657e-01 2.625443706249013758e+02
5.640640640640640635e-01 2.625087087231646592e+02
5.649399399399399613e-01 2.624730468214278858e+02
5.658158158158158590e-01 2.624371221848973050e+02
5.666916916916916458e-01 2.624001288739876827e+02
5.675675675675675436e-01 2.623631355630780604e+02
5.684434434434434413e-01 2.623266107088135755e+02
5.693193193193193391e-01 2.622901212544845180e+02
5.701951951951952369e-01 2.622532781828076054e+02
5.710710710710710236e-01 2.622160196103201883e+02
5.719469469469469214e-01 2.621787610378327713e+02
5.728228228228228192e-01 2.621415024653452974e+02
5.736986986986987169e-01 2.621042438928578804e+02
5.745745745745746147e-01 2.620669853203704065e+02
5.754504504504504014e-01 2.620297267478829326e+02
5.763263263263262992e-01 2.619924681753955156e+02
5.772022022022021970e-01 2.619552096029080417e+02
5.780780780780780947e-01 2.619179510304206246e+02
5.789539539539539925e-01 2.618806924579331508e+02
5.798298298298297793e-01 2.618434338854456769e+02
5.807057057057056770e-01 2.618061753129582598e+02
5.815815815815815748e-01 2.617689167404707860e+02
5.824574574574574726e-01 2.617316581679833689e+02
5.833333333333333703e-01 2.616943995954958382e+02
5.842092092092091571e-01 2.616571410230084211e+02
5.850850850850850549e-01 2.616194128818422087e+02
5.859609609609609526e-01 2.615814214139039677e+02
5.868368368368368504e-01 2.615434299459658405e+02
5.877127127127127482e-01 2.615054384780276564e+02
5.885885885885885349e-01 2.614674470100894723e+02
5.894644644644644327e-01 2.614294555421513451e+02
5.903403403403403304e-01 2.613914640742131041e+02
5.912162162162162282e-01 2.613534726062749769e+02
5.920920920920921260e-01 2.613154811383367928e+02
5.929679679679679127e-01 2.612774896703986087e+02
5.938438438438438105e-01 2.612394982024604246e+02
5.947197197197197083e-01 2.612015067345222405e+02
5.955955955955956060e-01 2.611635152665840565e+02
5.964714714714715038e-01 2.611255237986459292e+02
5.973473473473472906e-01 2.610875323307077451e+02
5.982232232232231883e-01 2.610494488688577803e+02
5.990990990990990861e-01 2.610097677447949422e+02
5.999749749749749839e-01 2.609700866207320473e+02
6.008508508508508816e-01 2.609304054966692092e+02
6.017267267267266684e-01 2.608907243726063712e+02
6.026026026026025662e-01 2.608510432485435331e+02
6.034784784784784639e-01 2.608113621244806382e+02
6.043543543543543617e-01 2.607716810004178001e+02
6.052302302302302595e-01 2.607319998763549052e+02
6.061061061061060462e-01 2.606939974002577856e+02
6.069819819819819440e-01 2.606567037211677302e+02
6.078578578578578417e-01 2.606194100420776749e+02
6.087337337337337395e-01 2.605821163629876196e+02
6.096096096096096373e-01 2.605448226838975643e+02
6.104854854854855351e-01 2.605075290048075090e+02
6.113613613613613218e-01 2.604680518080796219e+02
6.122372372372372196e-01 2.604280010254803415e+02
6.131131131131131173e-01 2.603879502428810611e+02
6.139889889889890151e-01 2.603478994602817238e+02
6.148648648648649129e-01 2.603057657733316432e+02
6.157407407407406996e-01 2.602631943772083787e+02
6.166166166166165974e-01 2.602206229810850573e+02
6.174924924924924952e-01 2.601780515849617927e+02
6.183683683683683929e-01 2.601354801888385282e+02
6.192442442442442907e-01 2.600932616026139499e+02
6.201201201201200774e-01 2.600515877239517408e+02
6.209959959959959752e-01 2.600099138452894749e+02
6.218718718718718730e-01 2.599682399666272090e+02
6.227477477477477708e-01 2.599265660879649431e+02
6.236236236236236685e-01 2.598848922093027340e+02
6.244994994994994553e-01 2.598432183306404113e+02
6.253753753753753530e-01 2.598015444519782022e+02
6.262512512512512508e-01 2.597598705733159363e+02
6.271271271271271486e-01 2.597181966946537273e+02
6.280030030030030463e-01 2.596765228159914614e+02
6.288788788788788331e-01 2.596348489373291955e+02
6.297547547547547309e-01 2.595931750586669295e+02
6.306306306306306286e-01 2.595515011800046636e+02
6.315065065065065264e-01 2.595098273013424546e+02
6.323823823823824242e-01 2.594681534226801887e+02
6.332582582582582109e-01 2.594260568145090815e+02
6.341341341341341087e-01 2.593837353931195366e+02
6.350100100100100065e-01 2.593414139717300486e+02
6.358858858858859042e-01 2.592990925503404469e+02
6.367617617617618020e-01 2.592567711289509020e+02
6.376376376376375887e-01 2.592144497075613572e+02
6.385135135135134865e-01 2.591721282861718691e+02
6.393893893893893843e-01 2.591298068647822674e+02
6.402652652652652820e-01 2.590874854433927794e+02
6.411411411411411798e-01 2.590451143743038074e+02
6.420170170170169666e-01 2.590038944278062445e+02
6.428928928928928643e-01 2.589631624903204283e+02
6.437687687687687621e-01 2.589222718590499426e+02
6.446446446446446599e-01 2.588813344063655109e+02
6.455205205205205576e-01 2.588403969536810223e+02
6.463963963963963444e-01 2.587994595009965906e+02
6.472722722722722422e-01 2.587585220483121589e+02
6.481481481481481399e-01 2.587175845956277271e+02
6.490240240240240377e-01 2.586766471429432954e+02
6.498998998998999355e-01 2.586357096902588637e+02
6.507757757757757222e-01 2.585947722375744320e+02
6.516516516516516200e-01 2.585538347848900003e+02
6.525275275275275177e-01 2.585128973322055117e+02
6.534034034034034155e-01 2.584719598795210231e+02
6.542792792792793133e-01 2.584310224268366483e+02
6.551551551551551000e-01 2.583897782272410950e+02
6.560310310310309978e-01 2.583476469626467065e+02
6.569069069069068956e-01 2.583055156980523179e+02
6.577827827827827933e-01 2.582633844334578725e+02
6.586586586586586911e-01 2.582212531688634840e+02
6.595345345345344779e-01 2.581790408461081938e+02
6.604104104104103756e-01 2.581362261649373977e+02
6.612862862862862734e-01 2.580934114837666016e+02
6.621621621621621712e-01 2.580513844772782477e+02
6.630380380380380689e-01 2.580112430080031345e+02
6.639139139139138557e-01 2.579707703421562996e+02
6.647897897897897534e-01 2.579299503304720815e+02
6.656656656656656512e-01 2.578891303187878634e+02
6.665415415415415490e-01 2.578440227736328438e+02
6.674174174174174468e-01 2.577981984745737236e+02
6.682932932932932335e-01 2.577523741755146034e+02
6.691691691691691313e-01 2.577065498764554832e+02
6.700450450450450290e-01 2.576607255773963630e+02
6.709209209209209268e-01 2.576149223814821312e+02
6.717967967967968246e-01 2.575691269984448013e+02
6.726726726726726113e-01 2.575233316154075283e+02
6.735485485485485091e-01 2.574775362323702552e+02
6.744244244244244069e-01 2.574317408493329822e+02
6.753003003003003046e-01 2.573862303840444383e+02
6.761761761761762024e-01 2.573409107502127426e+02
6.770520520520521002e-01 2.572955911163811038e+02
6.779279279279278869e-01 2.572502714825494081e+02
6.788038038038037847e-01 2.572049518487177124e+02
6.796796796796796825e-01 2.571596322148860736e+02
6.805555555555555802e-01 2.571143125810543779e+02
6.814314314314314780e-01 2.570689929472226822e+02
6.823073073073072647e-01 2.570236733133910434e+02
6.831831831831831625e-01 2.569783536795593477e+02
6.840590590590590603e-01 2.569330340457277089e+02
6.849349349349349581e-01 2.568877144118960132e+02
6.858108108108108558e-01 2.568423947780643175e+02
6.866866866866866426e-01 2.567970751442326787e+02
6.875625625625625403e-01 2.567517555104009830e+02
6.884384384384384381e-01 2.567064358765692873e+02
6.893143143143143359e-01 2.566611162427375916e+02
6.901901901901902336e-01 2.566157966089059528e+02
6.910660660660660204e-01 2.565713592145659732e+02
6.919419419419419182e-01 2.565269351474042310e+02
6.928178178178178159e-01 2.564825110802424888e+02
6.936936936936937137e-01 2.564380870130807466e+02
6.945695695695696115e-01 2.563936629459190044e+02
6.954454454454453982e-01 2.563487749337966193e+02
6.963213213213212960e-01 2.563017152007648747e+02
6.971971971971971938e-01 2.562546554677331869e+02
6.980730730730730915e-01 2.562075957347014423e+02
6.989489489489489893e-01 2.561605360016697546e+02
6.998248248248247760e-01 2.561134762686380100e+02
7.007007007007006738e-01 2.560664165356063222e+02
7.015765765765765716e-01 2.560193568025746345e+02
7.024524524524524693e-01 2.559722970695429183e+02
7.033283283283283671e-01 2.559252373365112021e+02
7.042042042042041539e-01 2.558781776034794859e+02
7.050800800800800516e-01 2.558310121730829394e+02
7.059559559559559494e-01 2.557838165791340828e+02
7.068318318318318472e-01 2.557366209851852261e+02
7.077077077077077449e-01 2.556894253912363695e+02
7.085835835835835317e-01 2.556422297972875128e+02
7.094594594594594295e-01 2.555950342033386846e+02
7.103353353353353272e-01 2.555478386093898280e+02
7.112112112112112250e-01 2.555006430154409713e+02
7.120870870870871228e-01 2.554531775204179098e+02
7.129629629629629095e-01 2.554056271339465241e+02
7.138388388388388073e-01 2.553580767474751951e+02
7.147147147147147050e-01 2.553105263610038094e+02
7.155905905905906028e-01 2.552629759745324520e+02
7.164664664664665006e-01 2.552154255880610947e+02
7.173423423423422873e-01 2.551678752015897658e+02
7.182182182182181851e-01 2.551203248151183516e+02
7.190940940940940829e-01 2.550727744286469942e+02
7.199699699699699806e-01 2.550252240421756369e+02
7.208458458458458784e-01 2.549776736557042796e+02
7.217217217217216652e-01 2.549301232692329222e+02
7.225975975975975629e-01 2.548825728827615649e+02
7.234734734734734607e-01 2.548350224962902075e+02
7.243493493493493585e-01 2.547874721098188218e+02
7.252252252252252562e-01 2.547399217233474928e+02
7.261011011011010430e-01 2.546923713368761071e+02
7.269769769769769407e-01 2.546448209504047782e+02
7.278528528528528385e-01 2.545972705639333924e+02
7.287287287287287363e-01 2.545497201774620066e+02
7.296046046046046341e-01 2.545021035868916783e+02
7.304804804804804208e-01 2.544541152570534450e+02
7.313563563563563186e-01 2.544057943612045278e+02
7.322322322322322163e-01 2.543551238271641353e+02
7.331081081081081141e-01 2.543043143921251499e+02
7.339839839839840119e-01 2.542484553227756692e+02
7.348598598598597986e-01 2.541959582746555668e+02
7.357357357357356964e-01 2.541434612265354644e+02
7.366116116116115942e-01 2.540910476210326863e+02
7.374874874874874919e-01 2.540399083022197146e+02
7.383633633633633897e-01 2.539887689834066862e+02
7.392392392392392875e-01 2.539376296645937146e+02
7.401151151151150742e-01 2.538864903457807429e+02
7.409909909909909720e-01 2.538353510269677145e+02
7.418668668668668698e-01 2.537842117081547428e+02
7.427427427427427675e-01 2.537330723893417144e+02
7.436186186186186653e-01 2.536819330705287712e+02
7.444944944944944520e-01 2.536307937517157711e+02
7.453703703703703498e-01 2.535796544329027711e+02
7.462462462462462476e-01 2.535285151140897710e+02
7.471221221221221453e-01 2.534773757952767710e+02
7.479979979979980431e-01 2.534262364764637994e+02
7.488738738738738299e-01 2.533750971576508277e+02
7.497497497497497276e-01 2.533239578388378277e+02
7.506256256256256254e-01 2.532728185200248276e+02
7.515015015015015232e-01 2.532227145252938385e+02
7.523773773773774209e-01 2.531782324954532442e+02
7.532532532532532077e-01 2.531320817883887173e+02
7.541291291291291055e-01 2.530839268527007562e+02
7.550050050050050032e-01 2.530357719170127382e+02
7.558808808808809010e-01 2.529876169813247770e+02
7.567567567567567988e-01 2.529394620456367875e+02
7.576326326326325855e-01 2.528913071099488263e+02
7.585085085085084833e-01 2.528431521742608936e+02
7.593843843843843811e-01 2.527940865109206925e+02
7.602602602602602788e-01 2.527449558968573058e+02
7.611361361361361766e-01 2.526964861994865714e+02
7.620120120120119633e-01 2.526491420877724750e+02
7.628878878878878611e-01 2.526017979760584069e+02
7.637637637637637589e-01 2.525544538643443389e+02
7.646396396396396566e-01 2.525071097526302424e+02
7.655155155155155544e-01 2.524597656409162028e+02
7.663913913913913412e-01 2.524124215292021631e+02
7.672672672672672389e-01 2.523650774174880667e+02
7.681431431431431367e-01 2.523177333057739986e+02
7.690190190190190345e-01 2.522703891940599021e+02
7.698948948948949322e-01 2.522230450823458341e+02
7.707707707707707190e-01 2.521757009706317660e+02
7.716466466466466168e-01 2.521283568589176980e+02
7.725225225225225145e-01 2.520810127472036584e+02
7.733983983983984123e-01 2.520336686354895619e+02
7.742742742742743101e-01 2.519863245237754938e+02
7.751501501501500968e-01 2.519383040321270073e+02
7.760260260260259946e-01 2.518887331602169866e+02
7.769019019019018923e-01 2.518391622883069090e+02
7.777777777777777901e-01 2.517895914163968882e+02
7.786536536536536879e-01 2.517400205444868675e+02
7.795295295295294746e-01 2.516904496725767899e+02
7.804054054054053724e-01 2.516408788006667692e+02
7.812812812812812702e-01 2.515913079287567200e+02
7.821571571571571679e-01 2.515417869420761008e+02
7.830330330330330657e-01 2.514923490754521254e+02
7.839089089089088525e-01 2.514429112088280931e+02
7.847847847847847502e-01 2.513934733422041177e+02
7.856606606606606480e-01 2.513439101460591587e+02
7.865365365365365458e-01 2.512941634402635032e+02
7.874124124124124435e-01 2.512444167344678760e+02
7.882882882882882303e-01 2.511946700286721921e+02
7.891641641641641280e-01 2.511449233228765081e+02
7.900400400400400258e-01 2.510951766170808526e+02
7.909159159159159236e-01 2.510454299112852254e+02
7.917917917917918214e-01 2.509950648028918749e+02
7.926676676676676081e-01 2.509442848634310508e+02
7.935435435435435059e-01 2.508935049239701982e+02
7.944194194194194036e-01 2.508427249845093741e+02
7.952952952952953014e-01 2.507919450450485215e+02
7.961711711711711992e-01 2.507411651055876973e+02
7.970470470470469859e-01 2.506903851661268732e+02
7.979229229229228837e-01 2.506396052266660206e+02
7.987987987987987815e-01 2.505888252872051680e+02
7.996746746746746792e-01 2.505380453477443439e+02
8.005505505505505770e-01 2.504872654082834913e+02
8.014264264264264748e-01 2.504364253947631482e+02
8.023023023023022615e-01 2.503855183939049027e+02
8.031781781781781593e-01 2.503346113930466572e+02
8.040540540540540571e-01 2.502845929176984043e+02
8.049299299299299548e-01 2.502346017625606578e+02
8.058058058058058526e-01 2.501846106074229681e+02
8.066816816816816393e-01 2.501346194522852500e+02
8.075575575575575371e-01 2.500846282971475603e+02
8.084334334334334349e-01 2.500346371420098137e+02
8.093093093093093326e-01 2.499842312333170185e+02
8.101851851851852304e-01 2.499332742245432541e+02
8.110610610610610172e-01 2.498823172157695467e+02
8.119369369369369149e-01 2.498313602069957824e+02
8.128128128128128127e-01 2.497804031982220749e+02
8.136886886886887105e-01 2.497294461894483106e+02
8.145645645645646082e-01 2.496784891806746032e+02
8.154404404404403950e-01 2.496275321719008389e+02
8.163163163163162928e-01 2.495765751631271314e+02
8.171921921921921905e-01 2.495256181543533671e+02
8.180680680680680883e-01 2.494746611455796597e+02
8.189439439439439861e-01 2.494237041368058954e+02
8.198198198198197728e-01 2.493727471280321879e+02
8.206956956956956706e-01 2.493217901192584236e+02
8.215715715715715683e-01 2.492708331104846877e+02
8.224474474474474661e-01 2.492198761017109518e+02
8.233233233233233639e-01 2.491689190929372160e+02
8.241991991991991506e-01 2.491179620841634801e+02
8.250750750750750484e-01 2.490673448691221665e+02
8.259509509509509462e-01 2.490192290385098772e+02
8.268268268268268439e-01 2.489711132078976448e+02
8.277027027027027417e-01 2.489229973772853839e+02
8.285785785785785285e-01 2.488748815466731514e+02
8.294544544544544262e-01 2.488215387679082369e+02
8.303303303303303240e-01 2.487680905664059310e+02
8.312062062062062218e-01 2.487146423649036819e+02
8.320820820820821195e-01 2.486622482630463367e+02
8.329579579579579063e-01 2.486100367081980664e+02
8.338338338338338041e-01 2.485580944292315166e+02
8.347097097097097018e-01 2.485062088034935641e+02
8.355855855855855996e-01 2.484543231777555832e+02
8.364614614614614974e-01 2.484024375520176591e+02
8.373373373373372841e-01 2.483505519262796781e+02
8.382132132132131819e-01 2.482986663005417824e+02
8.390890890890890796e-01 2.482467806748038015e+02
8.399649649649649774e-01 2.481948950490658490e+02
8.408408408408408752e-01 2.481425771540136225e+02
8.417167167167166619e-01 2.480899281941340178e+02
8.425925925925925597e-01 2.480372792342544130e+02
8.434684684684684575e-01 2.479844581910625436e+02
8.443443443443443552e-01 2.479313010800304085e+02
8.452202202202202530e-01 2.478781439689983017e+02
8.460960960960960398e-01 2.478249868579662234e+02
8.469719719719719375e-01 2.477718297469340882e+02
8.478478478478478353e-01 2.477186726359019531e+02
8.487237237237237331e-01 2.476655155248698463e+02
8.495995995995996308e-01 2.476123584138377396e+02
8.504754754754754176e-01 2.475592013028056328e+02
8.513513513513513153e-01 2.475060441917734977e+02
8.522272272272272131e-01 2.474528870807413625e+02
8.531031031031031109e-01 2.474021714243855854e+02
8.539789789789790087e-01 2.473519879158438357e+02
8.548548548548547954e-01 2.473018044073020292e+02
8.557307307307306932e-01 2.472516208987602511e+02
8.566066066066065909e-01 2.472014373902184445e+02
8.574824824824824887e-01 2.471512893454076334e+02
8.583583583583583865e-01 2.471012186359963323e+02
8.592342342342341732e-01 2.470511479265850312e+02
8.601101101101100710e-01 2.470010772171737017e+02
8.609859859859859688e-01 2.469510133524274238e+02
8.618618618618618665e-01 2.469009500179006977e+02
8.627377377377377643e-01 2.468508866833739717e+02
8.636136136136135510e-01 2.468008233488473024e+02
8.644894894894894488e-01 2.467507600143205764e+02
8.653653653653653466e-01 2.467006966797938503e+02
8.662412412412412444e-01 2.466506333452671527e+02
8.671171171171171421e-01 2.466005700107403982e+02
8.679929929929930399e-01 2.465505066762137290e+02
8.688688688688688266e-01 2.465004433416870029e+02
8.697447447447447244e-01 2.464503800071602768e+02
8.706206206206206222e-01 2.464003166726335508e+02
8.714964964964965199e-01 2.463502533381068247e+02
8.723723723723724177e-01 2.463001900035801555e+02
8.732482482482482045e-01 2.462501266690534294e+02
8.741241241241241022e-01 2.462000633345267033e+02
8.750000000000000000e-01 2.461499999999999773e+02
