LineProbe
number of points: 1000 (fixed)
point 0: [0. 0. 0.]
point 1: [0.875 0.    0.   ]
-----

# T 1000
0.000000000000000000e+00 2.754702588671935359e+02
8.758758758758758683e-04 2.754994630541231118e+02
1.751751751751751737e-03 2.755286672410526876e+02
2.627627627627627388e-03 2.755577948104298684e+02
3.503503503503503473e-03 2.755865711502711974e+02
4.379379379379379558e-03 2.756153474901124696e+02
5.255255255255254776e-03 2.756441238299537417e+02
6.131131131131130861e-03 2.756729001697950707e+02
7.007007007007006946e-03 2.757016765096363997e+02
7.882882882882882164e-03 2.757304528494777287e+02
8.758758758758759116e-03 2.757592291893190009e+02
9.634634634634634334e-03 2.757880055291603867e+02
1.051051051051050955e-02 2.758167818690016588e+02
1.138638638638638650e-02 2.758455582088429310e+02
1.226226226226226172e-02 2.758741085539755886e+02
1.313813813813813867e-02 2.759025415010756888e+02
1.401401401401401389e-02 2.759309744481757889e+02
1.488988988988988911e-02 2.759594073952758890e+02
1.576576576576576433e-02 2.759878403423759892e+02
1.664164164164164128e-02 2.760162732894760893e+02
1.751751751751751823e-02 2.760447062365761326e+02
1.839339339339339172e-02 2.760731038478411961e+02
1.926926926926926867e-02 2.761011310392470364e+02
2.014514514514514562e-02 2.761291582306529335e+02
2.102102102102101910e-02 2.761571854220588307e+02
2.189689689689689606e-02 2.761838643609007136e+02
2.277277277277277301e-02 2.762084050199533181e+02
2.364864864864864996e-02 2.762323143972349726e+02
2.452452452452452344e-02 2.762560012113090124e+02
2.540040040040040040e-02 2.762796880253831091e+02
2.627627627627627735e-02 2.763033748394572058e+02
2.715215215215215083e-02 2.763270616535312456e+02
2.802802802802802778e-02 2.763507484676053991e+02
2.890390390390390474e-02 2.763744352816794390e+02
2.977977977977977822e-02 2.763981220957535356e+02
3.065565565565565517e-02 2.764218089098276323e+02
3.153153153153152866e-02 2.764454957239016721e+02
3.240740740740740561e-02 2.764691825379757688e+02
3.328328328328328256e-02 2.764928693520498086e+02
3.415915915915915951e-02 2.765164949585386012e+02
3.503503503503503647e-02 2.765395916147448361e+02
3.591091091091091342e-02 2.765626882709510710e+02
3.678678678678678343e-02 2.765857849271573059e+02
3.766266266266266038e-02 2.766088815833634840e+02
3.853853853853853734e-02 2.766319782395697189e+02
3.941441441441441429e-02 2.766550748957758969e+02
4.029029029029029124e-02 2.766781715519820750e+02
4.116616616616616819e-02 2.767017931679546905e+02
4.204204204204203821e-02 2.767256329822094472e+02
4.291791791791791516e-02 2.767497577788545868e+02
4.379379379379379211e-02 2.767738825754997265e+02
4.466966966966966907e-02 2.767980073721448093e+02
4.554554554554554602e-02 2.768221321687899490e+02
4.642142142142142297e-02 2.768462569654350887e+02
4.729729729729729992e-02 2.768703817620802283e+02
4.817317317317316994e-02 2.768945065587253112e+02
4.904904904904904689e-02 2.769186313553703940e+02
4.992492492492492384e-02 2.769427561520155336e+02
5.080080080080080079e-02 2.769644081629837729e+02
5.167667667667667775e-02 2.769844414848429324e+02
5.255255255255255470e-02 2.770044748067022056e+02
5.342842842842842471e-02 2.770245081285614219e+02
5.430430430430430166e-02 2.770445414504206383e+02
5.518018018018017862e-02 2.770645747722798546e+02
5.605605605605605557e-02 2.770845282433558623e+02
5.693193193193193252e-02 2.771044410187843710e+02
5.780780780780780947e-02 2.771243537942128796e+02
5.868368368368368643e-02 2.771442665696414451e+02
5.955955955955955644e-02 2.771641793450699538e+02
6.043543543543543339e-02 2.771840921204984625e+02
6.131131131131131035e-02 2.772040048959270280e+02
6.218718718718718730e-02 2.772239176713555935e+02
6.306306306306305731e-02 2.772438304467840453e+02
6.393893893893894120e-02 2.772637432222126108e+02
6.481481481481481122e-02 2.772832931660319673e+02
6.569069069069069511e-02 2.773008284694950589e+02
6.656656656656656512e-02 2.773183637729582642e+02
6.744244244244243514e-02 2.773358990764214127e+02
6.831831831831831903e-02 2.773534343798846180e+02
6.919419419419418904e-02 2.773709696833477665e+02
7.007007007007007293e-02 2.773878638553125029e+02
7.094594594594594295e-02 2.774029763788595346e+02
7.182182182182182684e-02 2.774180889024065095e+02
7.269769769769769685e-02 2.774332014259535981e+02
7.357357357357356686e-02 2.774483139495006299e+02
7.444944944944945076e-02 2.774636314307167595e+02
7.532532532532532077e-02 2.774792385410465840e+02
7.620120120120120466e-02 2.774948456513764654e+02
7.707707707707707467e-02 2.775105000061926148e+02
7.795295295295295857e-02 2.775265472111350391e+02
7.882882882882882858e-02 2.775425944160775202e+02
7.970470470470469859e-02 2.775586416210199445e+02
8.058058058058058248e-02 2.775746888259624257e+02
8.145645645645645250e-02 2.775907360309048499e+02
8.233233233233233639e-02 2.776067832358472742e+02
8.320820820820820640e-02 2.776228304407897554e+02
8.408408408408407642e-02 2.776388776457321796e+02
8.495995995995996031e-02 2.776549248506746608e+02
8.583583583583583032e-02 2.776704242369705185e+02
8.671171171171171421e-02 2.776841176369929372e+02
8.758758758758758423e-02 2.776978110370153559e+02
8.846346346346346812e-02 2.777115044370377177e+02
8.933933933933933813e-02 2.777251978370601364e+02
9.021521521521520814e-02 2.777388912370825551e+02
9.109109109109109204e-02 2.777524450492523442e+02
9.196696696696696205e-02 2.777646551743207510e+02
9.284284284284284594e-02 2.777768652993889305e+02
9.371871871871871595e-02 2.777890754244572804e+02
9.459459459459459985e-02 2.778012855495255167e+02
9.547047047047046986e-02 2.778134956745938666e+02
9.634634634634633987e-02 2.778257057996621597e+02
9.722222222222222376e-02 2.778379159247303960e+02
9.809809809809809378e-02 2.778501260497987460e+02
9.897397397397397767e-02 2.778623361748670391e+02
9.984984984984984768e-02 2.778745462999353322e+02
1.007257257257257316e-01 2.778867564250036253e+02
1.016016016016016016e-01 2.778989665500719184e+02
1.024774774774774716e-01 2.779111766751401547e+02
1.033533533533533555e-01 2.779233868002085046e+02
1.042292292292292255e-01 2.779354999507582420e+02
1.051051051051051094e-01 2.779476231948655141e+02
1.059809809809809794e-01 2.779599786678080591e+02
1.068568568568568494e-01 2.779723341407506609e+02
1.077327327327327333e-01 2.779846896136932628e+02
1.086086086086086033e-01 2.779970450866358078e+02
1.094844844844844872e-01 2.780094005595783528e+02
1.103603603603603572e-01 2.780217560325208979e+02
1.112362362362362411e-01 2.780341115054634429e+02
1.121121121121121111e-01 2.780464669784060447e+02
1.129879879879879812e-01 2.780588224513485898e+02
1.138638638638638650e-01 2.780715262392247382e+02
1.147397397397397351e-01 2.780846671456549188e+02
1.156156156156156189e-01 2.780978080520850426e+02
1.164914914914914890e-01 2.781109489585152232e+02
1.173673673673673729e-01 2.781240898649454039e+02
1.182432432432432429e-01 2.781372307713755845e+02
1.191191191191191129e-01 2.781503716778057083e+02
1.199949949949949968e-01 2.781635125842358889e+02
1.208708708708708668e-01 2.781766534906660127e+02
1.217467467467467507e-01 2.781897943970961933e+02
1.226226226226226207e-01 2.782029353035263739e+02
1.234984984984984907e-01 2.782142722485700119e+02
1.243743743743743746e-01 2.782250395750697294e+02
1.252502502502502446e-01 2.782358069015693900e+02
1.261261261261261146e-01 2.782465742280689938e+02
1.270020020020020124e-01 2.782573415545687112e+02
1.278778778778778824e-01 2.782681088810683718e+02
1.287537537537537524e-01 2.782788762075680324e+02
1.296296296296296224e-01 2.782896435340676931e+02
1.305055055055054924e-01 2.783004108605673537e+02
1.313813813813813902e-01 2.783111781870670711e+02
1.322572572572572602e-01 2.783216903984676378e+02
1.331331331331331302e-01 2.783321068715284810e+02
1.340090090090090003e-01 2.783425233445893241e+02
1.348848848848848703e-01 2.783529398176501672e+02
1.357607607607607680e-01 2.783633562907110104e+02
1.366366366366366381e-01 2.783737727637718535e+02
1.375125125125125081e-01 2.783841892368326967e+02
1.383883883883883781e-01 2.783946057098935967e+02
1.392642642642642758e-01 2.784038761876007015e+02
1.401401401401401459e-01 2.784128415234321778e+02
1.410160160160160159e-01 2.784218068592637678e+02
1.418918918918918859e-01 2.784307721950953578e+02
1.427677677677677559e-01 2.784397375309268909e+02
1.436436436436436537e-01 2.784487028667584809e+02
1.445195195195195237e-01 2.784576682025900141e+02
1.453953953953953937e-01 2.784666335384215472e+02
1.462712712712712637e-01 2.784755988742531372e+02
1.471471471471471337e-01 2.784845642100847272e+02
1.480230230230230315e-01 2.784935295459163171e+02
1.488988988988989015e-01 2.785024948817477934e+02
1.497747747747747715e-01 2.785114602175793834e+02
1.506506506506506415e-01 2.785204255534109734e+02
1.515265265265265116e-01 2.785293908892425634e+02
1.524024024024024093e-01 2.785383562250740965e+02
1.532782782782782793e-01 2.785473215609056297e+02
1.541541541541541493e-01 2.785562868967372196e+02
1.550300300300300194e-01 2.785646713498669556e+02
1.559059059059059171e-01 2.785724107242130572e+02
1.567817817817817871e-01 2.785801119032928455e+02
1.576576576576576572e-01 2.785877540753771200e+02
1.585335335335335272e-01 2.785953950355523716e+02
1.594094094094093972e-01 2.786030359957276232e+02
1.602852852852852950e-01 2.786106769559028749e+02
1.611611611611611650e-01 2.786183179160781265e+02
1.620370370370370350e-01 2.786259588762533213e+02
1.629129129129129050e-01 2.786335998364285729e+02
1.637887887887887750e-01 2.786412407966038245e+02
1.646646646646646728e-01 2.786488817567790761e+02
1.655405405405405428e-01 2.786565227169543277e+02
1.664164164164164128e-01 2.786641636771295794e+02
1.672922922922922828e-01 2.786718046373048310e+02
1.681681681681681528e-01 2.786794455974800826e+02
1.690440440440440506e-01 2.786870865576553342e+02
1.699199199199199206e-01 2.786947275178305290e+02
1.707957957957957906e-01 2.787021505393099687e+02
1.716716716716716606e-01 2.787095665239350524e+02
1.725475475475475584e-01 2.787169825085601360e+02
1.734234234234234284e-01 2.787243984931851628e+02
1.742992992992992984e-01 2.787318144778101896e+02
1.751751751751751685e-01 2.787392304624352164e+02
1.760510510510510385e-01 2.787466464470603000e+02
1.769269269269269362e-01 2.787540570843572709e+02
1.778028028028028062e-01 2.787613693095748886e+02
1.786786786786786763e-01 2.787686815347925631e+02
1.795545545545545463e-01 2.787759937600101807e+02
1.804304304304304163e-01 2.787833059852277984e+02
1.813063063063063141e-01 2.787906182104454160e+02
1.821821821821821841e-01 2.787979304356630337e+02
1.830580580580580541e-01 2.788052426608806513e+02
1.839339339339339241e-01 2.788124928641987594e+02
1.848098098098098219e-01 2.788189531434020978e+02
1.856856856856856919e-01 2.788245125914818914e+02
1.865615615615615619e-01 2.788293616742616905e+02
1.874374374374374319e-01 2.788343258913686213e+02
1.883133133133133019e-01 2.788393100557763091e+02
1.891891891891891997e-01 2.788442942201839969e+02
1.900650650650650697e-01 2.788492783845916847e+02
1.909409409409409397e-01 2.788542625489993725e+02
1.918168168168168097e-01 2.788592467134070603e+02
1.926926926926926797e-01 2.788642308778147481e+02
1.935685685685685775e-01 2.788692150422224927e+02
1.944444444444444475e-01 2.788741992066301805e+02
1.953203203203203175e-01 2.788791833710378683e+02
1.961961961961961876e-01 2.788841675354455560e+02
1.970720720720720576e-01 2.788891516998532438e+02
1.979479479479479553e-01 2.788941358642609885e+02
1.988238238238238254e-01 2.788991200286686762e+02
1.996996996996996954e-01 2.789041041930763072e+02
2.005755755755755654e-01 2.789090883574840518e+02
2.014514514514514631e-01 2.789140725218917396e+02
2.023273273273273332e-01 2.789190566862994274e+02
2.032032032032032032e-01 2.789240408507071152e+02
2.040790790790790732e-01 2.789290250151148030e+02
2.049549549549549432e-01 2.789342408926380017e+02
2.058308308308308410e-01 2.789401756340702150e+02
2.067067067067067110e-01 2.789461103755024283e+02
2.075825825825825810e-01 2.789520451169346416e+02
2.084584584584584510e-01 2.789579798583668548e+02
2.093343343343343210e-01 2.789637856276640377e+02
2.102102102102102188e-01 2.789689296355671786e+02
2.110860860860860888e-01 2.789740736434703194e+02
2.119619619619619588e-01 2.789792176513734603e+02
2.128378378378378288e-01 2.789843616592766011e+02
2.137137137137136988e-01 2.789895056671797988e+02
2.145895895895895966e-01 2.789946496750829965e+02
2.154654654654654666e-01 2.789997936829861374e+02
2.163413413413413366e-01 2.790049376908892782e+02
2.172172172172172067e-01 2.790105929374239508e+02
2.180930930930931044e-01 2.790171029105680418e+02
2.189689689689689744e-01 2.790236128837121328e+02
2.198448448448448445e-01 2.790301228568561669e+02
2.207207207207207145e-01 2.790366328300002579e+02
2.215965965965965845e-01 2.790431428031442920e+02
2.224724724724724823e-01 2.790496527762883261e+02
2.233483483483483523e-01 2.790561627494324171e+02
2.242242242242242223e-01 2.790626727225765080e+02
2.251001001001000923e-01 2.790691826957205990e+02
2.259759759759759623e-01 2.790756926688646331e+02
2.268518518518518601e-01 2.790822026420086672e+02
2.277277277277277301e-01 2.790887126151527582e+02
2.286036036036036001e-01 2.790952225882967923e+02
2.294794794794794701e-01 2.791017325614408833e+02
2.303553553553553401e-01 2.791082425345849742e+02
2.312312312312312379e-01 2.791147243939959139e+02
2.321071071071071079e-01 2.791201882940414407e+02
2.329829829829829779e-01 2.791240743417426415e+02
2.338588588588588479e-01 2.791288928856166081e+02
2.347347347347347457e-01 2.791341477514386611e+02
2.356106106106106157e-01 2.791379710107371466e+02
2.364864864864864857e-01 2.791417883904568953e+02
2.373623623623623557e-01 2.791456057701767577e+02
2.382382382382382258e-01 2.791494231498965064e+02
2.391141141141141235e-01 2.791532405296163688e+02
2.399899899899899935e-01 2.791570579093361744e+02
2.408658658658658636e-01 2.791608752890559799e+02
2.417417417417417336e-01 2.791646926687757286e+02
2.426176176176176036e-01 2.791685100484955910e+02
2.434934934934935014e-01 2.791723274282153966e+02
2.443693693693693714e-01 2.791761448079352022e+02
2.452452452452452414e-01 2.791799621876550077e+02
2.461211211211211114e-01 2.791837795673747564e+02
2.469969969969969814e-01 2.791875969470945620e+02
2.478728728728728792e-01 2.791914143268143675e+02
2.487487487487487492e-01 2.791952317065341731e+02
2.496246246246246192e-01 2.791990490862540355e+02
2.505005005005004892e-01 2.792028664659737842e+02
2.513763763763763870e-01 2.792070484946881379e+02
2.522522522522522292e-01 2.792112856179871869e+02
2.531281281281281270e-01 2.792155227412861791e+02
2.540040040040040248e-01 2.792197598645851713e+02
2.548798798798798670e-01 2.792239969878841634e+02
2.557557557557557648e-01 2.792282341111831556e+02
2.566316316316316071e-01 2.792312272074138946e+02
2.575075075075075048e-01 2.792338715372322326e+02
2.583833833833834026e-01 2.792365158670506275e+02
2.592592592592592449e-01 2.792391601968689656e+02
2.601351351351351426e-01 2.792418045266873037e+02
2.610110110110109849e-01 2.792444488565056417e+02
2.618868868868868827e-01 2.792470931863239798e+02
2.627627627627627804e-01 2.792497375161423179e+02
2.636386386386386227e-01 2.792523818459607128e+02
2.645145145145145205e-01 2.792549828328484978e+02
2.653903903903903627e-01 2.792571641914708493e+02
2.662662662662662605e-01 2.792593455500931441e+02
2.671421421421421583e-01 2.792615269087154957e+02
2.680180180180180005e-01 2.792637082673377904e+02
2.688938938938938983e-01 2.792658896259600851e+02
2.697697697697697405e-01 2.792680709845824367e+02
2.706456456456456383e-01 2.792702523432047315e+02
2.715215215215215361e-01 2.792724337018270262e+02
2.723973973973973783e-01 2.792746150604493778e+02
2.732732732732732761e-01 2.792771109924494226e+02
2.741491491491491739e-01 2.792797077886509101e+02
2.750250250250250161e-01 2.792823045848523975e+02
2.759009009009009139e-01 2.792849013810538850e+02
2.767767767767767562e-01 2.792874981772553724e+02
2.776526526526526539e-01 2.792900949734568599e+02
2.785285285285285517e-01 2.792926917696583473e+02
2.794044044044043940e-01 2.792952885658598348e+02
2.802802802802802917e-01 2.792978853620613791e+02
2.811561561561561340e-01 2.793004821582628097e+02
2.820320320320320318e-01 2.793030789544643540e+02
2.829079079079079295e-01 2.793056757506657846e+02
2.837837837837837718e-01 2.793082725468672152e+02
2.846596596596596696e-01 2.793103513316846147e+02
2.855355355355355118e-01 2.793118224805975842e+02
2.864114114114114096e-01 2.793133246848624367e+02
2.872872872872873073e-01 2.793137111273389905e+02
2.881631631631631496e-01 2.793140795777965195e+02
2.890390390390390474e-01 2.793144480282540485e+02
2.899149149149148896e-01 2.793148164787115775e+02
2.907907907907907874e-01 2.793151849291691633e+02
2.916666666666666852e-01 2.793164797730178179e+02
2.925425425425425274e-01 2.793186242209093280e+02
2.934184184184184252e-01 2.793207686688008380e+02
2.942942942942942675e-01 2.793229131166924049e+02
2.951701701701701652e-01 2.793250575645839149e+02
2.960460460460460630e-01 2.793272020124754818e+02
2.969219219219219053e-01 2.793293464603670486e+02
2.977977977977978030e-01 2.793314909082585586e+02
2.986736736736736453e-01 2.793336353561501255e+02
2.995495495495495430e-01 2.793353223156369722e+02
3.004254254254254408e-01 2.793369592821718470e+02
3.013013013013012831e-01 2.793385962487066649e+02
3.021771771771771808e-01 2.793402332152415397e+02
3.030530530530530231e-01 2.793418701817764145e+02
3.039289289289289209e-01 2.793435071483112324e+02
3.048048048048048186e-01 2.793451441148461072e+02
3.056806806806806609e-01 2.793467810813809251e+02
3.065565565565565587e-01 2.793484180479157999e+02
3.074324324324324564e-01 2.793500550144506178e+02
3.083083083083082987e-01 2.793516919809854926e+02
3.091841841841841965e-01 2.793533289475203105e+02
3.100600600600600387e-01 2.793550365183062922e+02
3.109359359359359365e-01 2.793568137588773084e+02
3.118118118118118343e-01 2.793585118355754275e+02
3.126876876876876765e-01 2.793599921878227974e+02
3.135635635635635743e-01 2.793623487401771399e+02
3.144394394394394165e-01 2.793634279495311716e+02
3.153153153153153143e-01 2.793645071588852602e+02
3.161911911911912121e-01 2.793655863682394056e+02
3.170670670670670543e-01 2.793666655775934373e+02
3.179429429429429521e-01 2.793677447869474690e+02
3.188188188188187944e-01 2.793688239963015576e+02
3.196946946946946921e-01 2.793699032056555893e+02
3.205705705705705899e-01 2.793709824150096779e+02
3.214464464464464322e-01 2.793720616243637096e+02
3.223223223223223299e-01 2.793731408337178550e+02
3.231981981981981722e-01 2.793742200430718867e+02
3.240740740740740700e-01 2.793752992524259753e+02
3.249499499499499677e-01 2.793763784617800070e+02
3.258258258258258100e-01 2.793774576711340956e+02
3.267017017017017078e-01 2.793785368804881841e+02
3.275775775775775500e-01 2.793796160898422158e+02
3.284534534534534478e-01 2.793806952991963044e+02
3.293293293293293456e-01 2.793817745085503361e+02
3.302052052052051878e-01 2.793828537179044815e+02
3.310810810810810856e-01 2.793839329272584564e+02
3.319569569569569278e-01 2.793850121366126018e+02
3.328328328328328256e-01 2.793860913459666335e+02
3.337087087087087234e-01 2.793871705553207221e+02
3.345845845845845656e-01 2.793882497646747538e+02
3.354604604604604634e-01 2.793893289740288424e+02
3.363363363363363057e-01 2.793904081833828741e+02
3.372122122122122034e-01 2.793914873927370195e+02
3.380880880880881012e-01 2.793925318148060342e+02
3.389639639639639435e-01 2.793935683648123245e+02
3.398398398398398412e-01 2.793946049148185580e+02
3.407157157157157390e-01 2.793956414648248483e+02
3.415915915915915813e-01 2.793966780148310818e+02
3.424674674674674790e-01 2.793977145648373153e+02
3.433433433433433213e-01 2.793977175370527561e+02
3.442192192192192191e-01 2.793961550465662640e+02
3.450950950950951168e-01 2.793941339019118573e+02
3.459709709709709591e-01 2.793921127572573937e+02
3.468468468468468568e-01 2.793900916126029301e+02
3.477227227227226991e-01 2.793880704679485234e+02
3.485985985985985969e-01 2.793860493232941167e+02
3.494744744744744946e-01 2.793840281786395963e+02
3.503503503503503369e-01 2.793820070339852464e+02
3.512262262262262347e-01 2.793799858893307828e+02
3.521021021021020769e-01 2.793779647446763192e+02
3.529779779779779747e-01 2.793759436000219125e+02
3.538538538538538725e-01 2.793739224553674489e+02
3.547297297297297147e-01 2.793719013107129854e+02
3.556056056056056125e-01 2.793698801660585787e+02
3.564814814814814548e-01 2.793678590214041151e+02
3.573573573573573525e-01 2.793658378767496515e+02
3.582332332332332503e-01 2.793638167320952448e+02
3.591091091091090926e-01 2.793617955874407812e+02
3.599849849849849903e-01 2.793597744427863745e+02
3.608608608608608326e-01 2.793577532981319109e+02
3.617367367367367303e-01 2.793557321534774474e+02
3.626126126126126281e-01 2.793558387521438817e+02
3.634884884884884704e-01 2.793561808131593125e+02
3.643643643643643681e-01 2.793565228741746864e+02
3.652402402402402104e-01 2.793568649351900604e+02
3.661161161161161082e-01 2.793572069962054911e+02
3.669919919919920059e-01 2.793565019360409565e+02
3.678678678678678482e-01 2.793557596646472234e+02
3.687437437437437460e-01 2.793550173932534335e+02
3.696196196196196437e-01 2.793542751218596436e+02
3.704954954954954860e-01 2.793535328504658537e+02
3.713713713713713838e-01 2.793527905790720638e+02
3.722472472472472260e-01 2.793520483076782739e+02
3.731231231231231238e-01 2.793513060362844840e+02
3.739989989989990216e-01 2.793505637648906941e+02
3.748748748748748638e-01 2.793498214934969042e+02
3.757507507507507616e-01 2.793490792221031143e+02
3.766266266266266038e-01 2.793483369507093244e+02
3.775025025025025016e-01 2.793475946793155344e+02
3.783783783783783994e-01 2.793468524079216877e+02
3.792542542542542416e-01 2.793461101365279546e+02
3.801301301301301394e-01 2.793454145059789653e+02
3.810060060060059817e-01 2.793451416387287054e+02
3.818818818818818794e-01 2.793448687714783887e+02
3.827577577577577772e-01 2.793446105092611447e+02
3.836336336336336195e-01 2.793444275395770546e+02
3.845095095095095172e-01 2.793438424209238633e+02
3.853853853853853595e-01 2.793430940330615044e+02
3.862612612612612573e-01 2.793423456451992024e+02
3.871371371371371550e-01 2.793415972573368435e+02
3.880130130130129973e-01 2.793408488694744847e+02
3.888888888888888951e-01 2.793401004816121826e+02
3.897647647647647373e-01 2.793387839782336073e+02
3.906406406406406351e-01 2.793372527929733451e+02
3.915165165165165329e-01 2.793357216077129124e+02
3.923923923923923751e-01 2.793341904224525365e+02
3.932682682682682729e-01 2.793326592371921606e+02
3.941441441441441151e-01 2.793311280519318416e+02
3.950200200200200129e-01 2.793295968666714657e+02
3.958958958958959107e-01 2.793280656814110898e+02
3.967717717717717529e-01 2.793263518737031745e+02
3.976476476476476507e-01 2.793235010302895489e+02
3.985235235235234930e-01 2.793206501868758664e+02
3.993993993993993907e-01 2.793177993434622408e+02
4.002752752752752885e-01 2.793149485000486720e+02
4.011511511511511308e-01 2.793120976566350464e+02
4.020270270270270285e-01 2.793092468132213639e+02
4.029029029029029263e-01 2.793063959698077952e+02
4.037787787787787686e-01 2.793035451263941127e+02
4.046546546546546663e-01 2.793006942829804871e+02
4.055305305305305086e-01 2.792978434395669183e+02
4.064064064064064064e-01 2.792949925961532927e+02
4.072822822822823041e-01 2.792921417527396102e+02
4.081581581581581464e-01 2.792892909093260414e+02
4.090340340340340441e-01 2.792864400659124158e+02
4.099099099099098864e-01 2.792835892224987901e+02
4.107857857857857842e-01 2.792807383790851645e+02
4.116616616616616819e-01 2.792778875356715389e+02
4.125375375375375242e-01 2.792750366922578564e+02
4.134134134134134220e-01 2.792721858488442876e+02
4.142892892892892642e-01 2.792693350054306052e+02
4.151651651651651620e-01 2.792664841620169796e+02
4.160410410410410598e-01 2.792636333186033539e+02
4.169169169169169020e-01 2.792607824751897283e+02
4.177927927927927998e-01 2.792578449361170669e+02
4.186686686686686421e-01 2.792549628723131718e+02
4.195445445445445398e-01 2.792520808085092767e+02
4.204204204204204376e-01 2.792491987447053248e+02
4.212962962962962798e-01 2.792463166809013728e+02
4.221721721721721776e-01 2.792434346170974777e+02
4.230480480480480199e-01 2.792404796643230043e+02
4.239239239239239176e-01 2.792370958565529691e+02
4.247997997997998154e-01 2.792337120487830475e+02
4.256756756756756577e-01 2.792305084273564262e+02
4.265515515515515554e-01 2.792277701092255029e+02
4.274274274274273977e-01 2.792248532200894715e+02
4.283033033033032955e-01 2.792214807644140251e+02
4.291791791791791932e-01 2.792181083087385787e+02
4.300550550550550355e-01 2.792147358530631323e+02
4.309309309309309333e-01 2.792113633973876858e+02
4.318068068068067755e-01 2.792079909417121826e+02
4.326826826826826733e-01 2.792046184860367362e+02
4.335585585585585711e-01 2.792012460303612897e+02
4.344344344344344133e-01 2.791978735746858433e+02
4.353103103103103111e-01 2.791945011190103969e+02
4.361861861861862089e-01 2.791911286633349505e+02
4.370620620620620511e-01 2.791877562076594472e+02
4.379379379379379489e-01 2.791843837519840008e+02
4.388138138138137911e-01 2.791810112963086112e+02
4.396896896896896889e-01 2.791776388406331080e+02
4.405655655655655867e-01 2.791742663849576616e+02
4.414414414414414289e-01 2.791708939292822151e+02
4.423173173173173267e-01 2.791675214736067119e+02
4.431931931931931690e-01 2.791639352808791159e+02
4.440690690690690667e-01 2.791600002238665184e+02
4.449449449449449645e-01 2.791560651668539208e+02
4.458208208208208068e-01 2.791521301098413801e+02
4.466966966966967045e-01 2.791483689361602956e+02
4.475725725725725468e-01 2.791456772593722917e+02
4.484484484484484446e-01 2.791430467836464686e+02
4.493243243243243423e-01 2.791404163079206455e+02
4.502002002002001846e-01 2.791377858321948793e+02
4.510760760760760824e-01 2.791351553564690562e+02
4.519519519519519246e-01 2.791325248807432899e+02
4.528278278278278224e-01 2.791298944050174669e+02
4.537037037037037202e-01 2.791272639292917006e+02
4.545795795795795624e-01 2.791246126912463410e+02
4.554554554554554602e-01 2.791218678006601408e+02
4.563313313313313024e-01 2.791186133518015708e+02
4.572072072072072002e-01 2.791144344680706695e+02
4.580830830830830980e-01 2.791102555843398818e+02
4.589589589589589402e-01 2.791060767006090941e+02
4.598348348348348380e-01 2.791018978168782496e+02
4.607107107107106803e-01 2.790977189331474619e+02
4.615865865865865780e-01 2.790935400494166174e+02
4.624624624624624758e-01 2.790893611656858297e+02
4.633383383383383181e-01 2.790851822819549852e+02
4.642142142142142158e-01 2.790810033982241976e+02
4.650900900900901136e-01 2.790768245144934099e+02
4.659659659659659559e-01 2.790726456307626222e+02
4.668418418418418536e-01 2.790684667470317777e+02
4.677177177177176959e-01 2.790642878633009900e+02
4.685935935935935936e-01 2.790601089795701455e+02
4.694694694694694914e-01 2.790559300958393578e+02
4.703453453453453337e-01 2.790517512121085133e+02
4.712212212212212314e-01 2.790478762478545036e+02
4.720970970970970737e-01 2.790449786546238897e+02
4.729729729729729715e-01 2.790420810613933895e+02
4.738488488488488692e-01 2.790391836898671727e+02
4.747247247247247115e-01 2.790363096413894937e+02
4.756006006006006093e-01 2.790334355929117010e+02
4.764764764764764515e-01 2.790305615444339651e+02
4.773523523523523493e-01 2.790276874959561724e+02
4.782282282282282471e-01 2.790248134474784933e+02
4.791041041041040893e-01 2.790219393990007006e+02
4.799799799799799871e-01 2.790190653505229648e+02
4.808558558558558294e-01 2.790161913020451721e+02
4.817317317317317271e-01 2.790133172535674362e+02
4.826076076076076249e-01 2.790104432050897003e+02
4.834834834834834671e-01 2.790075691566119644e+02
4.843593593593593649e-01 2.790046951081341717e+02
4.852352352352352072e-01 2.790018210596564359e+02
4.861111111111111049e-01 2.789989442197916674e+02
4.869869869869870027e-01 2.789960318419143164e+02
4.878628628628628450e-01 2.789931194640369654e+02
4.887387387387387427e-01 2.789902070861596144e+02
4.896146146146145850e-01 2.789867190521722478e+02
4.904904904904904828e-01 2.789820712900210538e+02
4.913663663663663805e-01 2.789774235278699166e+02
4.922422422422422228e-01 2.789727757657187226e+02
4.931181181181181206e-01 2.789681280035675286e+02
4.939939939939939628e-01 2.789634802414162777e+02
4.948698698698698606e-01 2.789588324792651406e+02
4.957457457457457584e-01 2.789541847171139466e+02
4.966216216216216006e-01 2.789495369549627526e+02
4.974974974974974984e-01 2.789447481523394572e+02
4.983733733733733962e-01 2.789381321242048557e+02
4.992492492492492384e-01 2.789293787214918439e+02
5.001251251251250807e-01 2.789202937639014408e+02
5.010010010010009784e-01 2.789112088063110946e+02
5.018768768768768762e-01 2.789021238487207484e+02
5.027527527527527740e-01 2.788930388911303453e+02
5.036286286286286717e-01 2.788839539335399991e+02
5.045045045045044585e-01 2.788748689759496528e+02
5.053803803803803563e-01 2.788657840183592498e+02
5.062562562562562540e-01 2.788566990607688467e+02
5.071321321321321518e-01 2.788476141031785005e+02
5.080080080080080496e-01 2.788385291455880974e+02
5.088838838838838363e-01 2.788294441879977512e+02
5.097597597597597341e-01 2.788203592304074050e+02
5.106356356356356319e-01 2.788112742728170019e+02
5.115115115115115296e-01 2.788021893152266557e+02
5.123873873873874274e-01 2.787931043576362526e+02
5.132632632632632141e-01 2.787840194000459064e+02
5.141391391391391119e-01 2.787749344424555034e+02
5.150150150150150097e-01 2.787658494848651571e+02
5.158908908908909074e-01 2.787567645272747541e+02
5.167667667667668052e-01 2.787476795696844079e+02
5.176426426426425920e-01 2.787385946120940048e+02
5.185185185185184897e-01 2.787295096545036586e+02
5.193943943943943875e-01 2.787204246969132555e+02
5.202702702702702853e-01 2.787126263735742100e+02
5.211461461461461830e-01 2.787055650861709637e+02
5.220220220220219698e-01 2.786985037987677742e+02
5.228978978978978676e-01 2.786907070270917188e+02
5.237737737737737653e-01 2.786803389746391417e+02
5.246496496496496631e-01 2.786699709221865646e+02
5.255255255255255609e-01 2.786596028697340444e+02
5.264014014014013476e-01 2.786492475511230964e+02
5.272772772772772454e-01 2.786391419611307469e+02
5.281531531531531432e-01 2.786290268116464972e+02
5.290290290290290409e-01 2.786188796670687680e+02
5.299049049049049387e-01 2.786084974891406887e+02
5.307807807807807254e-01 2.785966366875919675e+02
5.316566566566566232e-01 2.785847758860433601e+02
5.325325325325325210e-01 2.785729150844945821e+02
5.334084084084084187e-01 2.785610542829459177e+02
5.342842842842843165e-01 2.785491934813971966e+02
5.351601601601601033e-01 2.785373326798485323e+02
5.360360360360360010e-01 2.785254718782998680e+02
5.369119119119118988e-01 2.785136110767511468e+02
5.377877877877877966e-01 2.785017502752024825e+02
5.386636636636636943e-01 2.784898894736537613e+02
5.395395395395394811e-01 2.784780286721050970e+02
5.404154154154153789e-01 2.784661678705563759e+02
5.412912912912912766e-01 2.784543070690076547e+02
5.421671671671671744e-01 2.784424462674589904e+02
5.430430430430430722e-01 2.784305854659103261e+02
5.439189189189188589e-01 2.784187246643615481e+02
5.447947947947947567e-01 2.784068638628128838e+02
5.456706706706706544e-01 2.783950030612642195e+02
5.465465465465465522e-01 2.783831422597154983e+02
5.474224224224224500e-01 2.783712814581668340e+02
5.482982982982983478e-01 2.783594206566181128e+02
5.491741741741741345e-01 2.783475598550694485e+02
5.500500500500500323e-01 2.783357419356383389e+02
5.509259259259259300e-01 2.783241642240859051e+02
5.518018018018018278e-01 2.783125865125333576e+02
5.526776776776777256e-01 2.783010088009809238e+02
5.535535535535535123e-01 2.782894310894284899e+02
5.544294294294294101e-01 2.782771583902149359e+02
5.553053053053053079e-01 2.782635642055940366e+02
5.561811811811812056e-01 2.782505013367928086e+02
5.570570570570571034e-01 2.782374384679916375e+02
5.579329329329328901e-01 2.782240601309866292e+02
5.588088088088087879e-01 2.782105420136164184e+02
5.596846846846846857e-01 2.781970238962462645e+02
5.605605605605605835e-01 2.781835057788760537e+02
5.614364364364364812e-01 2.781699876615058429e+02
5.623123123123122680e-01 2.781564695441356889e+02
5.631881881881881657e-01 2.781429514267654781e+02
5.640640640640640635e-01 2.781294333093952673e+02
5.649399399399399613e-01 2.781159151920251134e+02
5.658158158158158590e-01 2.781025098424806288e+02
5.666916916916916458e-01 2.780893623919401989e+02
5.675675675675675436e-01 2.780762149413997122e+02
5.684434434434434413e-01 2.780630674908593392e+02
5.693193193193193391e-01 2.780499200403189093e+02
5.701951951951952369e-01 2.780367725897784794e+02
5.710710710710710236e-01 2.780236251392380495e+02
5.719469469469469214e-01 2.780104776886976197e+02
5.728228228228228192e-01 2.779973302381571898e+02
5.736986986986987169e-01 2.779841827876167599e+02
5.745745745745746147e-01 2.779710353370763301e+02
5.754504504504504014e-01 2.779578878865359002e+02
5.763263263263262992e-01 2.779447404359954703e+02
5.772022022022021970e-01 2.779315929854550973e+02
5.780780780780780947e-01 2.779184455349146106e+02
5.789539539539539925e-01 2.779052980843741807e+02
5.798298298298297793e-01 2.778921506338338077e+02
5.807057057057056770e-01 2.778782052222243806e+02
5.815815815815815748e-01 2.778641171769355083e+02
5.824574574574574726e-01 2.778500291316465791e+02
5.833333333333333703e-01 2.778359410863577068e+02
5.842092092092091571e-01 2.778219051503627384e+02
5.850850850850850549e-01 2.778081784392830968e+02
5.859609609609609526e-01 2.777944517282033985e+02
5.868368368368368504e-01 2.777807250171236433e+02
5.877127127127127482e-01 2.777669983060439449e+02
5.885885885885885349e-01 2.777532715949643034e+02
5.894644644644644327e-01 2.777390189801911902e+02
5.903403403403403304e-01 2.777246961642044312e+02
5.912162162162162282e-01 2.777103733482177290e+02
5.920920920920921260e-01 2.776960505322309700e+02
5.929679679679679127e-01 2.776812392593791401e+02
5.938438438438438105e-01 2.776636287525054740e+02
5.947197197197197083e-01 2.776460182456318080e+02
5.955955955955956060e-01 2.776284077387581988e+02
5.964714714714715038e-01 2.776107972318845896e+02
5.973473473473472906e-01 2.775931867250109235e+02
5.982232232232231883e-01 2.775755762181372575e+02
5.990990990990990861e-01 2.775579657112635914e+02
5.999749749749749839e-01 2.775403552043899253e+02
6.008508508508508816e-01 2.775227446975163161e+02
6.017267267267266684e-01 2.775051341906427069e+02
6.026026026026025662e-01 2.774875236837689840e+02
6.034784784784784639e-01 2.774684548056706035e+02
6.043543543543543617e-01 2.774492289936762290e+02
6.052302302302302595e-01 2.774300031816819683e+02
6.061061061061060462e-01 2.774107773696875938e+02
6.069819819819819440e-01 2.773915515576932762e+02
6.078578578578578417e-01 2.773723257456990154e+02
6.087337337337337395e-01 2.773530999337046410e+02
6.096096096096096373e-01 2.773338741217103234e+02
6.104854854854855351e-01 2.773135872764634655e+02
6.113613613613613218e-01 2.772911526993894427e+02
6.122372372372372196e-01 2.772687181223154766e+02
6.131131131131131173e-01 2.772462835452413970e+02
6.139889889889890151e-01 2.772238489681673741e+02
6.148648648648649129e-01 2.772014143910933512e+02
6.157407407407406996e-01 2.771789798140193852e+02
6.166166166166165974e-01 2.771565452369453624e+02
6.174924924924924952e-01 2.771341106598713395e+02
6.183683683683683929e-01 2.771123763567775313e+02
6.192442442442442907e-01 2.770919678456124871e+02
6.201201201201200774e-01 2.770715593344474428e+02
6.209959959959959752e-01 2.770508714789474993e+02
6.218718718718718730e-01 2.770282953087343571e+02
6.227477477477477708e-01 2.770057191385212718e+02
6.236236236236236685e-01 2.769831429683081865e+02
6.244994994994994553e-01 2.769605667980951011e+02
6.253753753753753530e-01 2.769379906278819590e+02
6.262512512512512508e-01 2.769144532908118208e+02
6.271271271271271486e-01 2.768903802024598804e+02
6.280030030030030463e-01 2.768631422670006259e+02
6.288788788788788331e-01 2.768362035262297240e+02
6.297547547547547309e-01 2.768092647854588222e+02
6.306306306306306286e-01 2.767823260446879203e+02
6.315065065065065264e-01 2.767553873039170753e+02
6.323823823823824242e-01 2.767284485631461166e+02
6.332582582582582109e-01 2.767015098223752148e+02
6.341341341341341087e-01 2.766747943045999136e+02
6.350100100100100065e-01 2.766482752310300270e+02
6.358858858858859042e-01 2.766217561574601405e+02
6.367617617617618020e-01 2.765952370838901970e+02
6.376376376376375887e-01 2.765687180103203104e+02
6.385135135135134865e-01 2.765421989367504239e+02
6.393893893893893843e-01 2.765156798631805373e+02
6.402652652652652820e-01 2.764891607896105938e+02
6.411411411411411798e-01 2.764626417160407073e+02
6.420170170170169666e-01 2.764361226424708207e+02
6.428928928928928643e-01 2.764093228935498701e+02
6.437687687687687621e-01 2.763824737431165204e+02
6.446446446446446599e-01 2.763555984151362850e+02
6.455205205205205576e-01 2.763286223688564860e+02
6.463963963963963444e-01 2.763016463225766302e+02
6.472722722722722422e-01 2.762746702762968312e+02
6.481481481481481399e-01 2.762476942300170322e+02
6.490240240240240377e-01 2.762207181837372332e+02
6.498998998998999355e-01 2.761937421374573773e+02
6.507757757757757222e-01 2.761667660911775783e+02
6.516516516516516200e-01 2.761397900448977794e+02
6.525275275275275177e-01 2.761128139986179235e+02
6.534034034034034155e-01 2.760853811001479130e+02
6.542792792792793133e-01 2.760558900882749072e+02
6.551551551551551000e-01 2.760240636004875796e+02
6.560310310310309978e-01 2.759922371127001952e+02
6.569069069069068956e-01 2.759604106249128108e+02
6.577827827827827933e-01 2.759285841371254833e+02
6.586586586586586911e-01 2.758967576493381557e+02
6.595345345345344779e-01 2.758649311615507713e+02
6.604104104104103756e-01 2.758331046737633869e+02
6.612862862862862734e-01 2.758012781859760025e+02
6.621621621621621712e-01 2.757694516981886750e+02
6.630380380380380689e-01 2.757376252104012906e+02
6.639139139139138557e-01 2.757057987226139630e+02
6.647897897897897534e-01 2.756625843427506766e+02
6.656656656656656512e-01 2.756191900008655011e+02
6.665415415415415490e-01 2.755757956589802689e+02
6.674174174174174468e-01 2.755324013170951503e+02
6.682932932932932335e-01 2.754890069752099748e+02
6.691691691691691313e-01 2.754456126333247994e+02
6.700450450450450290e-01 2.754022182914396240e+02
6.709209209209209268e-01 2.753588239495544485e+02
6.717967967967968246e-01 2.753154296076692731e+02
6.726726726726726113e-01 2.752720352657840976e+02
6.735485485485485091e-01 2.752278225316418911e+02
6.744244244244244069e-01 2.751807454658906522e+02
6.753003003003003046e-01 2.751336684001394133e+02
6.761761761761762024e-01 2.750865913343881743e+02
6.770520520520521002e-01 2.750395142686369354e+02
6.779279279279278869e-01 2.749924372028856965e+02
6.788038038038037847e-01 2.749453601371345144e+02
6.796796796796796825e-01 2.748982830713832755e+02
6.805555555555555802e-01 2.748512323166447686e+02
6.814314314314314780e-01 2.748042494422429627e+02
6.823073073073072647e-01 2.747572665678410999e+02
6.831831831831831625e-01 2.747102836934392371e+02
6.840590590590590603e-01 2.746633008190373744e+02
6.849349349349349581e-01 2.746163179446355684e+02
6.858108108108108558e-01 2.745693350702336488e+02
6.866866866866866426e-01 2.745223521958318429e+02
6.875625625625625403e-01 2.744753693214299801e+02
6.884384384384384381e-01 2.744283864470281173e+02
6.893143143143143359e-01 2.743814035726262546e+02
6.901901901901902336e-01 2.743350924095676078e+02
6.910660660660660204e-01 2.742898878425098701e+02
6.919419419419419182e-01 2.742446832754520756e+02
6.928178178178178159e-01 2.741994787083943379e+02
6.936936936936937137e-01 2.741542741413365434e+02
6.945695695695696115e-01 2.741090695742788057e+02
6.954454454454453982e-01 2.740638650072210680e+02
6.963213213213212960e-01 2.740186604401633303e+02
6.971971971971971938e-01 2.739734558731055358e+02
6.980730730730730915e-01 2.739267138602422733e+02
6.989489489489489893e-01 2.738767388613862295e+02
6.998248248248247760e-01 2.738244540369199171e+02
7.007007007007006738e-01 2.737721692124536048e+02
7.015765765765765716e-01 2.737198843879872356e+02
7.024524524524524693e-01 2.736675995635209233e+02
7.033283283283283671e-01 2.736153147390546110e+02
7.042042042042041539e-01 2.735630299145882418e+02
7.050800800800800516e-01 2.735107450901219295e+02
7.059559559559559494e-01 2.734579993920437460e+02
7.068318318318318472e-01 2.734047385202588885e+02
7.077077077077077449e-01 2.733514776484740878e+02
7.085835835835835317e-01 2.732982167766892303e+02
7.094594594594594295e-01 2.732449559049043728e+02
7.103353353353353272e-01 2.731916950331195153e+02
7.112112112112112250e-01 2.731384341613346578e+02
7.120870870870871228e-01 2.730851732895497435e+02
7.129629629629629095e-01 2.730319124177649428e+02
7.138388388388388073e-01 2.729786515459801421e+02
7.147147147147147050e-01 2.729230979801930630e+02
7.155905905905906028e-01 2.728659830307319680e+02
7.164664664664665006e-01 2.728088680812708731e+02
7.173423423423422873e-01 2.727517531318097781e+02
7.182182182182181851e-01 2.726946381823486263e+02
7.190940940940940829e-01 2.726375232328875882e+02
7.199699699699699806e-01 2.725804082834264364e+02
7.208458458458458784e-01 2.725232933339653414e+02
7.217217217217216652e-01 2.724661783845042464e+02
7.225975975975975629e-01 2.724084700740784228e+02
7.234734734734734607e-01 2.723503820480297009e+02
7.243493493493493585e-01 2.722922940219810357e+02
7.252252252252252562e-01 2.722319622132850441e+02
7.261011011011010430e-01 2.721605147381114875e+02
7.269769769769769407e-01 2.720890672629379310e+02
7.278528528528528385e-01 2.720176197877643745e+02
7.287287287287287363e-01 2.719461723125908179e+02
7.296046046046046341e-01 2.718747248374172614e+02
7.304804804804804208e-01 2.718032773622437048e+02
7.313563563563563186e-01 2.717318298870701483e+02
7.322322322322322163e-01 2.716603824118966486e+02
7.331081081081081141e-01 2.715889349367230352e+02
7.339839839839840119e-01 2.715174874615494787e+02
7.348598598598597986e-01 2.714460399863759221e+02
7.357357357357356964e-01 2.713745925112023656e+02
7.366116116116115942e-01 2.713031450360288090e+02
7.374874874874874919e-01 2.712316975608552525e+02
7.383633633633633897e-01 2.711602500856816960e+02
7.392392392392392875e-01 2.710888026105081394e+02
7.401151151151150742e-01 2.710173551353346397e+02
7.409909909909909720e-01 2.709459076601610832e+02
7.418668668668668698e-01 2.708750378925584528e+02
7.427427427427427675e-01 2.708049588387292488e+02
7.436186186186186653e-01 2.707348797848999311e+02
7.444944944944944520e-01 2.706593736479614449e+02
7.453703703703703498e-01 2.705674088807866156e+02
7.462462462462462476e-01 2.704754441136118999e+02
7.471221221221221453e-01 2.703834793464370705e+02
7.479979979979980431e-01 2.702917397961336405e+02
7.488738738738738299e-01 2.702023808015910618e+02
7.497497497497497276e-01 2.701130218070484261e+02
7.506256256256256254e-01 2.700267101645802654e+02
7.515015015015015232e-01 2.699458064838818814e+02
7.523773773773774209e-01 2.698649028031834405e+02
7.532532532532532077e-01 2.697839991224850564e+02
7.541291291291291055e-01 2.697030954417866155e+02
7.550050050050050032e-01 2.696221917610881746e+02
7.558808808808809010e-01 2.695412880803897906e+02
7.567567567567567988e-01 2.694603843996913497e+02
7.576326326326325855e-01 2.693794807189929088e+02
7.585085085085084833e-01 2.692985770382945248e+02
7.593843843843843811e-01 2.692176733575961407e+02
7.602602602602602788e-01 2.691367696768976998e+02
7.611361361361361766e-01 2.690558659961992589e+02
7.620120120120119633e-01 2.689749623155008749e+02
7.628878878878878611e-01 2.688940586348023771e+02
7.637637637637637589e-01 2.688149267101213695e+02
7.646396396396396566e-01 2.687366762443535890e+02
7.655155155155155544e-01 2.686584257785858654e+02
7.663913913913913412e-01 2.685801753128181417e+02
7.672672672672672389e-01 2.685019248470504181e+02
7.681431431431431367e-01 2.684108123234420304e+02
7.690190190190190345e-01 2.683113610969983824e+02
7.698948948948949322e-01 2.682119098705546776e+02
7.707707707707707190e-01 2.681124586441110296e+02
7.716466466466466168e-01 2.680130074176673816e+02
7.725225225225225145e-01 2.679135561912237335e+02
7.733983983983984123e-01 2.678141049647800287e+02
7.742742742742743101e-01 2.677146537383363807e+02
7.751501501501500968e-01 2.676152025118927327e+02
7.760260260260259946e-01 2.675157512854490278e+02
7.769019019019018923e-01 2.674163000590053798e+02
7.777777777777777901e-01 2.673168488325616750e+02
7.786536536536536879e-01 2.672173976061180269e+02
7.795295295295294746e-01 2.671179463796743789e+02
7.804054054054053724e-01 2.670184951532306741e+02
7.812812812812812702e-01 2.669190439267870261e+02
7.821571571571571679e-01 2.668195927003433781e+02
7.830330330330330657e-01 2.667202143016263562e+02
7.839089089089088525e-01 2.666220377940914545e+02
7.847847847847847502e-01 2.665238612865564960e+02
7.856606606606606480e-01 2.664241861612639468e+02
7.865365365365365458e-01 2.663174896113841896e+02
7.874124124124124435e-01 2.662107930615044324e+02
7.882882882882882303e-01 2.661040965116246753e+02
7.891641641641641280e-01 2.659973999617448612e+02
7.900400400400400258e-01 2.658816707999758364e+02
7.909159159159159236e-01 2.657646611014140490e+02
7.917917917917918214e-01 2.656299744185707823e+02
7.926676676676676081e-01 2.654913383574539694e+02
7.935435435435435059e-01 2.653527022963372133e+02
7.944194194194194036e-01 2.652140662352204572e+02
7.952952952952953014e-01 2.650754301741035874e+02
7.961711711711711992e-01 2.649367941129868314e+02
7.970470470470469859e-01 2.647981580518699616e+02
7.979229229229228837e-01 2.646595219907532055e+02
7.987987987987987815e-01 2.645208859296363926e+02
7.996746746746746792e-01 2.643822498685195796e+02
8.005505505505505770e-01 2.642436138074027667e+02
8.014264264264264748e-01 2.641049777462859538e+02
8.023023023023022615e-01 2.639663416851691409e+02
8.031781781781781593e-01 2.638277056240523848e+02
8.040540540540540571e-01 2.636890695629355719e+02
8.049299299299299548e-01 2.635504335018188158e+02
8.058058058058058526e-01 2.634117974407020029e+02
8.066816816816816393e-01 2.632731613795851899e+02
8.075575575575575371e-01 2.631345253184683770e+02
8.084334334334334349e-01 2.629958892573515641e+02
8.093093093093093326e-01 2.628572531962347512e+02
8.101851851851852304e-01 2.627186171351179382e+02
8.110610610610610172e-01 2.625798151216632732e+02
8.119369369369369149e-01 2.624228047264368229e+02
8.128128128128128127e-01 2.622605733322762376e+02
8.136886886886887105e-01 2.620981652888457347e+02
8.145645645645646082e-01 2.619357572454151750e+02
8.154404404404403950e-01 2.617733492019846153e+02
8.163163163163162928e-01 2.616109411585541125e+02
8.171921921921921905e-01 2.614485331151235528e+02
8.180680680680680883e-01 2.612852134633633909e+02
8.189439439439439861e-01 2.611069931065535457e+02
8.198198198198197728e-01 2.609287727497437572e+02
8.206956956956956706e-01 2.607505523929339688e+02
8.215715715715715683e-01 2.605715724457458577e+02
8.224474474474474661e-01 2.603922630012742161e+02
8.233233233233233639e-01 2.602129535568025744e+02
8.241991991991991506e-01 2.600336441123309328e+02
8.250750750750750484e-01 2.598543346678592911e+02
8.259509509509509462e-01 2.596750252233876495e+02
8.268268268268268439e-01 2.594957157789159510e+02
8.277027027027027417e-01 2.593164063344443093e+02
8.285785785785785285e-01 2.591370968899727245e+02
8.294544544544544262e-01 2.589576043451830856e+02
8.303303303303303240e-01 2.587776369965199024e+02
8.312062062062062218e-01 2.585976696478568329e+02
8.320820820820821195e-01 2.584177022991936497e+02
8.329579579579579063e-01 2.582377349505305233e+02
8.338338338338338041e-01 2.580424645860978785e+02
8.347097097097097018e-01 2.578136898622666990e+02
8.355855855855855996e-01 2.575849151384355764e+02
8.364614614614614974e-01 2.573561404146044538e+02
8.373373373373372841e-01 2.571267383583448236e+02
8.382132132132131819e-01 2.568939715330943727e+02
8.390890890890890796e-01 2.566612047078438650e+02
8.399649649649649774e-01 2.564284378825933572e+02
8.408408408408408752e-01 2.561956710573429064e+02
8.417167167167166619e-01 2.559629042320923986e+02
8.425925925925925597e-01 2.557301374068419193e+02
8.434684684684684575e-01 2.554973705815914684e+02
8.443443443443443552e-01 2.552646037563409607e+02
8.452202202202202530e-01 2.550318369310905382e+02
8.460960960960960398e-01 2.547990701058400305e+02
8.469719719719719375e-01 2.545663032805895227e+02
8.478478478478478353e-01 2.543240153187520605e+02
8.487237237237237331e-01 2.540795424663565427e+02
8.495995995995996308e-01 2.538350696139609965e+02
8.504754754754754176e-01 2.535905967615653935e+02
8.513513513513513153e-01 2.533461239091698758e+02
8.522272272272272131e-01 2.531016510567743296e+02
8.531031031031031109e-01 2.528571782043787266e+02
8.539789789789790087e-01 2.526127053519832089e+02
8.548548548548547954e-01 2.523682324995876911e+02
8.557307307307306932e-01 2.521237596471921449e+02
8.566066066066065909e-01 2.518792867947965419e+02
8.574824824824824887e-01 2.516348139424009958e+02
8.583583583583583865e-01 2.513903410900054496e+02
8.592342342342341732e-01 2.511458682376099318e+02
8.601101101101100710e-01 2.509013953852143857e+02
8.609859859859859688e-01 2.506569225328188395e+02
8.618618618618618665e-01 2.504124496804232649e+02
8.627377377377377643e-01 2.501679768280277187e+02
8.636136136136135510e-01 2.499235039756322294e+02
8.644894894894894488e-01 2.496790311232366548e+02
8.653653653653653466e-01 2.494263885668961791e+02
8.662412412412412444e-01 2.491726182606326461e+02
8.671171171171171421e-01 2.489188479543691983e+02
8.679929929929930399e-01 2.486650776481056937e+02
8.688688688688688266e-01 2.484113073418421891e+02
8.697447447447447244e-01 2.481575370355786845e+02
8.706206206206206222e-01 2.479037667293151515e+02
8.714964964964965199e-01 2.476499964230516468e+02
8.723723723723724177e-01 2.473962261167881138e+02
8.732482482482482045e-01 2.471424558105246660e+02
8.741241241241241022e-01 2.468937906617981071e+02
8.750000000000000000e-01 2.466500000000000341e+02
