LineProbe
number of points: 1000 (fixed)
point 0: [0. 0. 0.]
point 1: [0.875 0.    0.   ]
-----

# T 1000
0.000000000000000000e+00 2.607619136472811192e+02
8.758758758758758683e-04 2.607700804017617315e+02
1.751751751751751737e-03 2.607782471562421733e+02
2.627627627627627388e-03 2.607863982581766322e+02
3.503503503503503473e-03 2.607944776058413368e+02
4.379379379379379558e-03 2.608025569535059844e+02
5.255255255255254776e-03 2.608106363011705753e+02
6.131131131131130861e-03 2.608187156488352798e+02
7.007007007007006946e-03 2.608267949964999843e+02
7.882882882882882164e-03 2.608348743441646320e+02
8.758758758758759116e-03 2.608429536918292797e+02
9.634634634634634334e-03 2.608510330394939274e+02
1.051051051051050955e-02 2.608591123871585751e+02
1.138638638638638650e-02 2.608671917348232796e+02
1.226226226226226172e-02 2.608753782925961104e+02
1.313813813813813867e-02 2.608836205430701511e+02
1.401401401401401389e-02 2.608918627935441350e+02
1.488988988988988911e-02 2.609001050440181189e+02
1.576576576576576433e-02 2.609083472944921596e+02
1.664164164164164128e-02 2.609165895449660866e+02
1.751751751751751823e-02 2.609248317954401273e+02
1.839339339339339172e-02 2.609330373668979064e+02
1.926926926926926867e-02 2.609408584381449714e+02
2.014514514514514562e-02 2.609486795093920364e+02
2.102102102102101910e-02 2.609565005806391582e+02
2.189689689689689606e-02 2.609642734747764621e+02
2.277277277277277301e-02 2.609719699617608057e+02
2.364864864864864996e-02 2.609794410394241595e+02
2.452452452452452344e-02 2.609868326473106208e+02
2.540040040040040040e-02 2.609942242551970821e+02
2.627627627627627735e-02 2.610016158630835434e+02
2.715215215215215083e-02 2.610090074709700048e+02
2.802802802802802778e-02 2.610163990788565229e+02
2.890390390390390474e-02 2.610237906867429842e+02
2.977977977977977822e-02 2.610311822946294456e+02
3.065565565565565517e-02 2.610385739025159069e+02
3.153153153153152866e-02 2.610459655104023682e+02
3.240740740740740561e-02 2.610533571182888863e+02
3.328328328328328256e-02 2.610607487261752908e+02
3.415915915915915951e-02 2.610681113728313107e+02
3.503503503503503647e-02 2.610752237392160282e+02
3.591091091091091342e-02 2.610823361056008025e+02
3.678678678678678343e-02 2.610894484719855200e+02
3.766266266266266038e-02 2.610965608383702374e+02
3.853853853853853734e-02 2.611036732047549549e+02
3.941441441441441429e-02 2.611107855711397292e+02
4.029029029029029124e-02 2.611178979375243898e+02
4.116616616616616819e-02 2.611253935788465128e+02
4.204204204204203821e-02 2.611330485274874036e+02
4.291791791791791516e-02 2.611409115427551342e+02
4.379379379379379211e-02 2.611487745580228648e+02
4.466966966966966907e-02 2.611566375732905954e+02
4.554554554554554602e-02 2.611645005885583828e+02
4.642142142142142297e-02 2.611723636038260565e+02
4.729729729729729992e-02 2.611802266190938440e+02
4.817317317317316994e-02 2.611880896343615746e+02
4.904904904904904689e-02 2.611959526496292483e+02
4.992492492492492384e-02 2.612038156648969789e+02
5.080080080080080079e-02 2.612116313442579667e+02
5.167667667667667775e-02 2.612194160374653507e+02
5.255255255255255470e-02 2.612272007306727346e+02
5.342842842842842471e-02 2.612349854238801186e+02
5.430430430430430166e-02 2.612427701170875025e+02
5.518018018018017862e-02 2.612505548102948865e+02
5.605605605605605557e-02 2.612580017739203413e+02
5.693193193193193252e-02 2.612652766149509489e+02
5.780780780780780947e-02 2.612725514559816702e+02
5.868368368368368643e-02 2.612798262970122778e+02
5.955955955955955644e-02 2.612871011380429991e+02
6.043543543543543339e-02 2.612943759790736067e+02
6.131131131131131035e-02 2.613016508201043280e+02
6.218718718718718730e-02 2.613089256611349356e+02
6.306306306306305731e-02 2.613162005021656569e+02
6.393893893893894120e-02 2.613234753431962645e+02
6.481481481481481122e-02 2.613306476707434740e+02
6.569069069069069511e-02 2.613372507871311541e+02
6.656656656656656512e-02 2.613438539035189478e+02
6.744244244244243514e-02 2.613504570199067416e+02
6.831831831831831903e-02 2.613570601362945354e+02
6.919419419419418904e-02 2.613636632526822723e+02
7.007007007007007293e-02 2.613702722228558741e+02
7.094594594594594295e-02 2.613768974601889568e+02
7.182182182182182684e-02 2.613835226975219825e+02
7.269769769769769685e-02 2.613901479348550652e+02
7.357357357357356686e-02 2.613967731721880909e+02
7.444944944944945076e-02 2.614033070219737738e+02
7.532532532532532077e-02 2.614097117304863787e+02
7.620120120120120466e-02 2.614161164389988699e+02
7.707707707707707467e-02 2.614225000819043885e+02
7.795295295295295857e-02 2.614287085588369450e+02
7.882882882882882858e-02 2.614349170357695584e+02
7.970470470470469859e-02 2.614411255127021150e+02
8.058058058058058248e-02 2.614473339896347284e+02
8.145645645645645250e-02 2.614535424665672849e+02
8.233233233233233639e-02 2.614597509434998983e+02
8.320820820820820640e-02 2.614659594204324549e+02
8.408408408408407642e-02 2.614721678973650114e+02
8.495995995995996031e-02 2.614783763742976248e+02
8.583583583583583032e-02 2.614845811023945430e+02
8.671171171171171421e-02 2.614907734717557446e+02
8.758758758758758423e-02 2.614969658411169462e+02
8.846346346346346812e-02 2.615031582104781478e+02
8.933933933933933813e-02 2.615093505798393494e+02
9.021521521521520814e-02 2.615155429492005510e+02
9.109109109109109204e-02 2.615217501186447748e+02
9.196696696696696205e-02 2.615280997552187614e+02
9.284284284284284594e-02 2.615344493917926911e+02
9.371871871871871595e-02 2.615407990283666209e+02
9.459459459459459985e-02 2.615471486649405506e+02
9.547047047047046986e-02 2.615534983015145372e+02
9.634634634634633987e-02 2.615598479380884100e+02
9.722222222222222376e-02 2.615661975746623398e+02
9.809809809809809378e-02 2.615725472112363263e+02
9.897397397397397767e-02 2.615788968478102561e+02
9.984984984984984768e-02 2.615852464843841858e+02
1.007257257257257316e-01 2.615915961209581155e+02
1.016016016016016016e-01 2.615979457575320453e+02
1.024774774774774716e-01 2.616042953941059750e+02
1.033533533533533555e-01 2.616106450306799047e+02
1.042292292292292255e-01 2.616170410004121436e+02
1.051051051051051094e-01 2.616234457973661165e+02
1.059809809809809794e-01 2.616298280605296327e+02
1.068568568568568494e-01 2.616362103236932626e+02
1.077327327327327333e-01 2.616425925868568356e+02
1.086086086086086033e-01 2.616489748500204087e+02
1.094844844844844872e-01 2.616553571131839817e+02
1.103603603603603572e-01 2.616617393763475548e+02
1.112362362362362411e-01 2.616681216395111278e+02
1.121121121121121111e-01 2.616745039026746440e+02
1.129879879879879812e-01 2.616808861658382739e+02
1.138638638638638650e-01 2.616874879223921084e+02
1.147397397397397351e-01 2.616943651326349709e+02
1.156156156156156189e-01 2.617012423428777765e+02
1.164914914914914890e-01 2.617081195531206390e+02
1.173673673673673729e-01 2.617149967633635015e+02
1.182432432432432429e-01 2.617218739736063640e+02
1.191191191191191129e-01 2.617287511838491696e+02
1.199949949949949968e-01 2.617356283940920321e+02
1.208708708708708668e-01 2.617425056043348377e+02
1.217467467467467507e-01 2.617493828145777570e+02
1.226226226226226207e-01 2.617562600248205626e+02
1.234984984984984907e-01 2.617622641347073227e+02
1.243743743743743746e-01 2.617679925545724586e+02
1.252502502502502446e-01 2.617737209744376514e+02
1.261261261261261146e-01 2.617794493943028442e+02
1.270020020020020124e-01 2.617851778141679802e+02
1.278778778778778824e-01 2.617909062340331730e+02
1.287537537537537524e-01 2.617966346538983089e+02
1.296296296296296224e-01 2.618023630737635017e+02
1.305055055055054924e-01 2.618080914936286945e+02
1.313813813813813902e-01 2.618138199134938304e+02
1.322572572572572602e-01 2.618194280463029600e+02
1.331331331331331302e-01 2.618249910383772772e+02
1.340090090090090003e-01 2.618305540304515944e+02
1.348848848848848703e-01 2.618361170225258547e+02
1.357607607607607680e-01 2.618416800146001719e+02
1.366366366366366381e-01 2.618472430066744892e+02
1.375125125125125081e-01 2.618528059987488064e+02
1.383883883883883781e-01 2.618583689908230667e+02
1.392642642642642758e-01 2.618635636114397016e+02
1.401401401401401459e-01 2.618686601465299191e+02
1.410160160160160159e-01 2.618737566816201934e+02
1.418918918918918859e-01 2.618788532167103540e+02
1.427677677677677559e-01 2.618839497518006283e+02
1.436436436436436537e-01 2.618890462868908457e+02
1.445195195195195237e-01 2.618941428219810632e+02
1.453953953953953937e-01 2.618992393570712807e+02
1.462712712712712637e-01 2.619043358921614981e+02
1.471471471471471337e-01 2.619094324272517724e+02
1.480230230230230315e-01 2.619145289623419899e+02
1.488988988988989015e-01 2.619196254974322073e+02
1.497747747747747715e-01 2.619247220325224816e+02
1.506506506506506415e-01 2.619298185676126991e+02
1.515265265265265116e-01 2.619349151027029166e+02
1.524024024024024093e-01 2.619400116377931340e+02
1.532782782782782793e-01 2.619451081728834083e+02
1.541541541541541493e-01 2.619502047079736258e+02
1.550300300300300194e-01 2.619548410256670650e+02
1.559059059059059171e-01 2.619589024365820364e+02
1.567817817817817871e-01 2.619631243100876645e+02
1.576576576576576572e-01 2.619675163178634421e+02
1.585335335335335272e-01 2.619719595507044687e+02
1.594094094094093972e-01 2.619764027835454385e+02
1.602852852852852950e-01 2.619808460163864083e+02
1.611611611611611650e-01 2.619852892492273781e+02
1.620370370370370350e-01 2.619897324820683480e+02
1.629129129129129050e-01 2.619941757149093746e+02
1.637887887887887750e-01 2.619986189477503444e+02
1.646646646646646728e-01 2.620030621805913142e+02
1.655405405405405428e-01 2.620075054134323409e+02
1.664164164164164128e-01 2.620119486462732539e+02
1.672922922922922828e-01 2.620163918791142805e+02
1.681681681681681528e-01 2.620208351119552503e+02
1.690440440440440506e-01 2.620252783447962770e+02
1.699199199199199206e-01 2.620297215776372468e+02
1.707957957957957906e-01 2.620339778262546133e+02
1.716716716716716606e-01 2.620382280374826678e+02
1.725475475475475584e-01 2.620424782487107223e+02
1.734234234234234284e-01 2.620467284599387767e+02
1.742992992992992984e-01 2.620509786711667175e+02
1.751751751751751685e-01 2.620552288823947720e+02
1.760510510510510385e-01 2.620594790936228264e+02
1.769269269269269362e-01 2.620637252119659593e+02
1.778028028028028062e-01 2.620678960049679631e+02
1.786786786786786763e-01 2.620720667979699670e+02
1.795545545545545463e-01 2.620762375909719140e+02
1.804304304304304163e-01 2.620804083839738610e+02
1.813063063063063141e-01 2.620845791769759217e+02
1.821821821821821841e-01 2.620887499699778687e+02
1.830580580580580541e-01 2.620929207629798157e+02
1.839339339339339241e-01 2.620970084616849363e+02
1.848098098098098219e-01 2.621005512701825637e+02
1.856856856856856919e-01 2.621033441149300529e+02
1.865615615615615619e-01 2.621055125769760252e+02
1.874374374374374319e-01 2.621076946155725977e+02
1.883133133133133019e-01 2.621098790063393835e+02
1.891891891891891997e-01 2.621120633971061693e+02
1.900650650650650697e-01 2.621142477878730119e+02
1.909409409409409397e-01 2.621164321786397977e+02
1.918168168168168097e-01 2.621186165694065835e+02
1.926926926926926797e-01 2.621208009601733693e+02
1.935685685685685775e-01 2.621229853509400982e+02
1.944444444444444475e-01 2.621251697417069408e+02
1.953203203203203175e-01 2.621273541324737266e+02
1.961961961961961876e-01 2.621295385232405124e+02
1.970720720720720576e-01 2.621317229140072982e+02
1.979479479479479553e-01 2.621339073047740840e+02
1.988238238238238254e-01 2.621360916955408698e+02
1.996996996996996954e-01 2.621382760863077124e+02
2.005755755755755654e-01 2.621404604770744982e+02
2.014514514514514631e-01 2.621426448678412271e+02
2.023273273273273332e-01 2.621448292586080697e+02
2.032032032032032032e-01 2.621470136493747987e+02
2.040790790790790732e-01 2.621491980401416413e+02
2.049549549549549432e-01 2.621515019885618472e+02
2.058308308308308410e-01 2.621541768511701207e+02
2.067067067067067110e-01 2.621568517137783942e+02
2.075825825825825810e-01 2.621595265763866678e+02
2.084584584584584510e-01 2.621622014389949413e+02
2.093343343343343210e-01 2.621648097104095427e+02
2.102102102102102188e-01 2.621670762996373014e+02
2.110860860860860888e-01 2.621693428888650033e+02
2.119619619619619588e-01 2.621716094780927619e+02
2.128378378378378288e-01 2.621738760673205206e+02
2.137137137137136988e-01 2.621761426565482793e+02
2.145895895895895966e-01 2.621784092457760380e+02
2.154654654654654666e-01 2.621806758350037967e+02
2.163413413413413366e-01 2.621829424242314985e+02
2.172172172172172067e-01 2.621853735200321012e+02
2.180930930930931044e-01 2.621880796501054078e+02
2.189689689689689744e-01 2.621907857801786577e+02
2.198448448448448445e-01 2.621934919102519643e+02
2.207207207207207145e-01 2.621961980403252710e+02
2.215965965965965845e-01 2.621989041703985777e+02
2.224724724724724823e-01 2.622016103004718843e+02
2.233483483483483523e-01 2.622043164305451910e+02
2.242242242242242223e-01 2.622070225606184408e+02
2.251001001001000923e-01 2.622097286906917475e+02
2.259759759759759623e-01 2.622124348207650542e+02
2.268518518518518601e-01 2.622151409508383040e+02
2.277277277277277301e-01 2.622178470809116106e+02
2.286036036036036001e-01 2.622205532109849173e+02
2.294794794794794701e-01 2.622232593410582240e+02
2.303553553553553401e-01 2.622259654711315306e+02
2.312312312312312379e-01 2.622286176247936282e+02
2.321071071071071079e-01 2.622306311878928682e+02
2.329829829829829779e-01 2.622315824637751120e+02
2.338588588588588479e-01 2.622326738422967196e+02
2.347347347347347457e-01 2.622338587363708484e+02
2.356106106106106157e-01 2.622342163017444818e+02
2.364864864864864857e-01 2.622345704692961590e+02
2.373623623623623557e-01 2.622349246368478362e+02
2.382382382382382258e-01 2.622352788043995133e+02
2.391141141141141235e-01 2.622356329719511905e+02
2.399899899899899935e-01 2.622359871395028676e+02
2.408658658658658636e-01 2.622363413070544880e+02
2.417417417417417336e-01 2.622366954746061651e+02
2.426176176176176036e-01 2.622370496421577855e+02
2.434934934934935014e-01 2.622374038097094626e+02
2.443693693693693714e-01 2.622377579772611966e+02
2.452452452452452414e-01 2.622381121448128170e+02
2.461211211211211114e-01 2.622384663123644941e+02
2.469969969969969814e-01 2.622388204799161713e+02
2.478728728728728792e-01 2.622391746474678484e+02
2.487487487487487492e-01 2.622395288150195256e+02
2.496246246246246192e-01 2.622398829825712028e+02
2.505005005005004892e-01 2.622402371501228231e+02
2.513763763763763870e-01 2.622403195397861282e+02
2.522522522522522292e-01 2.622403608667011099e+02
2.531281281281281270e-01 2.622404021936160916e+02
2.540040040040040248e-01 2.622404435205311302e+02
2.548798798798798670e-01 2.622404848474461687e+02
2.557557557557557648e-01 2.622405261743611504e+02
2.566316316316316071e-01 2.622396310959587709e+02
2.575075075075075048e-01 2.622384734937485291e+02
2.583833833833834026e-01 2.622373158915382305e+02
2.592592592592592449e-01 2.622361582893279888e+02
2.601351351351351426e-01 2.622350006871176902e+02
2.610110110110109849e-01 2.622338430849074484e+02
2.618868868868868827e-01 2.622326854826972067e+02
2.627627627627627804e-01 2.622315278804869081e+02
2.636386386386386227e-01 2.622303702782767232e+02
2.645145145145145205e-01 2.622291160989406649e+02
2.653903903903903627e-01 2.622269268999547762e+02
2.662662662662662605e-01 2.622247377009688876e+02
2.671421421421421583e-01 2.622225485019829421e+02
2.680180180180180005e-01 2.622203593029970534e+02
2.688938938938938983e-01 2.622181701040111648e+02
2.697697697697697405e-01 2.622159809050252761e+02
2.706456456456456383e-01 2.622137917060393875e+02
2.715215215215215361e-01 2.622116025070534420e+02
2.723973973973973783e-01 2.622094133080675533e+02
2.732732732732732761e-01 2.622067392227185110e+02
2.741491491491491739e-01 2.622039096643405856e+02
2.750250250250250161e-01 2.622010801059627738e+02
2.759009009009009139e-01 2.621982505475849052e+02
2.767767767767767562e-01 2.621954209892070367e+02
2.776526526526526539e-01 2.621925914308291112e+02
2.785285285285285517e-01 2.621897618724512427e+02
2.794044044044043940e-01 2.621869323140733741e+02
2.802802802802802917e-01 2.621841027556955055e+02
2.811561561561561340e-01 2.621812731973176369e+02
2.820320320320320318e-01 2.621784436389397683e+02
2.829079079079079295e-01 2.621756140805618998e+02
2.837837837837837718e-01 2.621727845221840312e+02
2.846596596596596696e-01 2.621700109124398637e+02
2.855355355355355118e-01 2.621670126516448249e+02
2.864114114114114096e-01 2.621636703062189895e+02
2.872872872872873073e-01 2.621593134772057283e+02
2.881631631631631496e-01 2.621549402893171532e+02
2.890390390390390474e-01 2.621505671014286349e+02
2.899149149149148896e-01 2.621461939135400598e+02
2.907907907907907874e-01 2.621418207256515984e+02
2.916666666666666852e-01 2.621374971305816075e+02
2.925425425425425274e-01 2.621332190175493793e+02
2.934184184184184252e-01 2.621289409045170942e+02
2.942942942942942675e-01 2.621246627914848659e+02
2.951701701701701652e-01 2.621203846784526377e+02
2.960460460460460630e-01 2.621161065654203526e+02
2.969219219219219053e-01 2.621118284523881243e+02
2.977977977977978030e-01 2.621075503393558392e+02
2.986736736736736453e-01 2.621032722263236110e+02
2.995495495495495430e-01 2.620988982143686030e+02
3.004254254254254408e-01 2.620945137228686690e+02
3.013013013013012831e-01 2.620901292313687918e+02
3.021771771771771808e-01 2.620857447398689146e+02
3.030530530530530231e-01 2.620813602483689806e+02
3.039289289289289209e-01 2.620769757568691034e+02
3.048048048048048186e-01 2.620725912653692262e+02
3.056806806806806609e-01 2.620682067738692922e+02
3.065565565565565587e-01 2.620638222823694150e+02
3.074324324324324564e-01 2.620594377908695378e+02
3.083083083083082987e-01 2.620550532993696606e+02
3.091841841841841965e-01 2.620506688078697834e+02
3.100600600600600387e-01 2.620460303686267025e+02
3.109359359359359365e-01 2.620411413427062257e+02
3.118118118118118343e-01 2.620363068728693179e+02
3.126876876876876765e-01 2.620316224486643932e+02
3.135635635635635743e-01 2.620264790999453339e+02
3.144394394394394165e-01 2.620208664234630760e+02
3.153153153153153143e-01 2.620152537469807612e+02
3.161911911911912121e-01 2.620096410704985601e+02
3.170670670670670543e-01 2.620040283940162453e+02
3.179429429429429521e-01 2.619984157175339874e+02
3.188188188188187944e-01 2.619928030410516726e+02
3.196946946946946921e-01 2.619871903645694715e+02
3.205705705705705899e-01 2.619815776880871567e+02
3.214464464464464322e-01 2.619759650116048988e+02
3.223223223223223299e-01 2.619703523351225840e+02
3.231981981981981722e-01 2.619647396586403261e+02
3.240740740740740700e-01 2.619591269821580681e+02
3.249499499499499677e-01 2.619535143056758102e+02
3.258258258258258100e-01 2.619479016291934954e+02
3.267017017017017078e-01 2.619422889527112943e+02
3.275775775775775500e-01 2.619366762762289795e+02
3.284534534534534478e-01 2.619310635997466647e+02
3.293293293293293456e-01 2.619254509232644068e+02
3.302052052052051878e-01 2.619198382467820920e+02
3.310810810810810856e-01 2.619142255702998341e+02
3.319569569569569278e-01 2.619086128938175762e+02
3.328328328328328256e-01 2.619030002173353182e+02
3.337087087087087234e-01 2.618973875408530034e+02
3.345845845845845656e-01 2.618917748643707455e+02
3.354604604604604634e-01 2.618861621878884876e+02
3.363363363363363057e-01 2.618805495114062296e+02
3.372122122122122034e-01 2.618749368349239717e+02
3.380880880880881012e-01 2.618693173133237337e+02
3.389639639639639435e-01 2.618636962427323169e+02
3.398398398398398412e-01 2.618580751721409570e+02
3.407157157157157390e-01 2.618524541015495402e+02
3.415915915915915813e-01 2.618468330309581802e+02
3.424674674674674790e-01 2.618412119603667634e+02
3.433433433433433213e-01 2.618346703372177444e+02
3.442192192192192191e-01 2.618272070513494327e+02
3.450950950950951168e-01 2.618195707163056909e+02
3.459709709709709591e-01 2.618119343812619491e+02
3.468468468468468568e-01 2.618042980462182641e+02
3.477227227227226991e-01 2.617966617111745791e+02
3.485985985985985969e-01 2.617890253761308372e+02
3.494744744744744946e-01 2.617813890410871522e+02
3.503503503503503369e-01 2.617737527060434104e+02
3.512262262262262347e-01 2.617661163709997254e+02
3.521021021021020769e-01 2.617584800359559836e+02
3.529779779779779747e-01 2.617508437009122417e+02
3.538538538538538725e-01 2.617432073658685567e+02
3.547297297297297147e-01 2.617355710308248717e+02
3.556056056056056125e-01 2.617279346957811299e+02
3.564814814814814548e-01 2.617202983607374449e+02
3.573573573573573525e-01 2.617126620256937031e+02
3.582332332332332503e-01 2.617050256906500181e+02
3.591091091091090926e-01 2.616973893556062762e+02
3.599849849849849903e-01 2.616897530205625912e+02
3.608608608608608326e-01 2.616821166855188494e+02
3.617367367367367303e-01 2.616744803504751644e+02
3.626126126126126281e-01 2.616676544769442785e+02
3.634884884884884704e-01 2.616609182914738199e+02
3.643643643643643681e-01 2.616541821060033612e+02
3.652402402402402104e-01 2.616474459205329026e+02
3.661161161161161082e-01 2.616407097350624440e+02
3.669919919919920059e-01 2.616327629953919995e+02
3.678678678678678482e-01 2.616247732366223318e+02
3.687437437437437460e-01 2.616167834778526071e+02
3.696196196196196437e-01 2.616087937190829393e+02
3.704954954954954860e-01 2.616008039603132147e+02
3.713713713713713838e-01 2.615928142015434901e+02
3.722472472472472260e-01 2.615848244427738223e+02
3.731231231231231238e-01 2.615768346840040977e+02
3.739989989989990216e-01 2.615688449252344299e+02
3.748748748748748638e-01 2.615608551664647621e+02
3.757507507507507616e-01 2.615528654076950374e+02
3.766266266266266038e-01 2.615448756489253128e+02
3.775025025025025016e-01 2.615368858901556450e+02
3.783783783783783994e-01 2.615288961313859772e+02
3.792542542542542416e-01 2.615209063726162526e+02
3.801301301301301394e-01 2.615128444233952791e+02
3.810060060060059817e-01 2.615041281233921495e+02
3.818818818818818794e-01 2.614954118233889631e+02
3.827577577577577772e-01 2.614866803434920826e+02
3.836336336336336195e-01 2.614778706075142622e+02
3.845095095095095172e-01 2.614689300002834784e+02
3.853853853853853595e-01 2.614599362603890427e+02
3.862612612612612573e-01 2.614509425204946069e+02
3.871371371371371550e-01 2.614419487806001712e+02
3.880130130130129973e-01 2.614329550407056786e+02
3.888888888888888951e-01 2.614239613008112997e+02
3.897647647647647373e-01 2.614143313107783797e+02
3.906406406406406351e-01 2.614044608918659378e+02
3.915165165165165329e-01 2.613945904729533822e+02
3.923923923923923751e-01 2.613847200540408835e+02
3.932682682682682729e-01 2.613748496351283848e+02
3.941441441441441151e-01 2.613649792162158860e+02
3.950200200200200129e-01 2.613551087973033873e+02
3.958958958958959107e-01 2.613452383783908886e+02
3.967717717717717529e-01 2.613349559261154695e+02
3.976476476476476507e-01 2.613221080901652158e+02
3.985235235235234930e-01 2.613092602542149052e+02
3.993993993993993907e-01 2.612964124182645946e+02
4.002752752752752885e-01 2.612835645823142272e+02
4.011511511511511308e-01 2.612707167463639735e+02
4.020270270270270285e-01 2.612578689104136629e+02
4.029029029029029263e-01 2.612450210744633523e+02
4.037787787787787686e-01 2.612321732385130417e+02
4.046546546546546663e-01 2.612193254025627311e+02
4.055305305305305086e-01 2.612064775666124206e+02
4.064064064064064064e-01 2.611936297306621100e+02
4.072822822822823041e-01 2.611807818947118562e+02
4.081581581581581464e-01 2.611679340587614888e+02
4.090340340340340441e-01 2.611550862228112351e+02
4.099099099099098864e-01 2.611422383868609245e+02
4.107857857857857842e-01 2.611293905509106139e+02
4.116616616616616819e-01 2.611165427149603033e+02
4.125375375375375242e-01 2.611036948790099927e+02
4.134134134134134220e-01 2.610908470430596822e+02
4.142892892892892642e-01 2.610779992071093716e+02
4.151651651651651620e-01 2.610651513711590610e+02
4.160410410410410598e-01 2.610523035352088073e+02
4.169169169169169020e-01 2.610394556992584398e+02
4.177927927927927998e-01 2.610272565375453837e+02
4.186686686686686421e-01 2.610152518332816385e+02
4.195445445445445398e-01 2.610032471290177796e+02
4.204204204204204376e-01 2.609912424247539207e+02
4.212962962962962798e-01 2.609792377204901754e+02
4.221721721721721776e-01 2.609672330162263165e+02
4.230480480480480199e-01 2.609547607678824193e+02
4.239239239239239176e-01 2.609410296075016618e+02
4.247997997997998154e-01 2.609272984471210179e+02
4.256756756756756577e-01 2.609137376223823139e+02
4.265515515515515554e-01 2.609006166630300072e+02
4.274274274274273977e-01 2.608872837141130958e+02
4.283033033033032955e-01 2.608734099419407357e+02
4.291791791791791932e-01 2.608595361697683757e+02
4.300550550550550355e-01 2.608456623975960156e+02
4.309309309309309333e-01 2.608317886254236555e+02
4.318068068068067755e-01 2.608179148532512386e+02
4.326826826826826733e-01 2.608040410810788785e+02
4.335585585585585711e-01 2.607901673089065184e+02
4.344344344344344133e-01 2.607762935367341584e+02
4.353103103103103111e-01 2.607624197645617414e+02
4.361861861861862089e-01 2.607485459923893814e+02
4.370620620620620511e-01 2.607346722202170213e+02
4.379379379379379489e-01 2.607207984480446612e+02
4.388138138138137911e-01 2.607069246758723011e+02
4.396896896896896889e-01 2.606930509036998842e+02
4.405655655655655867e-01 2.606791771315275241e+02
4.414414414414414289e-01 2.606653033593551640e+02
4.423173173173173267e-01 2.606514295871827471e+02
4.431931931931931690e-01 2.606374476935101256e+02
4.440690690690690667e-01 2.606232893225749763e+02
4.449449449449449645e-01 2.606091309516397132e+02
4.458208208208208068e-01 2.605949725807045638e+02
4.466966966966967045e-01 2.605800748383557561e+02
4.475725725725725468e-01 2.605658405428409878e+02
4.484484484484484446e-01 2.605516806692610317e+02
4.493243243243243423e-01 2.605375207956810755e+02
4.502002002002001846e-01 2.605233609221011761e+02
4.510760760760760824e-01 2.605092010485212768e+02
4.519519519519519246e-01 2.604950411749413206e+02
4.528278278278278224e-01 2.604808813013614213e+02
4.537037037037037202e-01 2.604667214277814651e+02
4.545795795795795624e-01 2.604522461249476351e+02
4.554554554554554602e-01 2.604377487920424414e+02
4.563313313313313024e-01 2.604231485636627781e+02
4.572072072072072002e-01 2.604075996493204457e+02
4.580830830830830980e-01 2.603920507349780564e+02
4.589589589589589402e-01 2.603765018206357240e+02
4.598348348348348380e-01 2.603609529062933916e+02
4.607107107107106803e-01 2.603454039919510592e+02
4.615865865865865780e-01 2.603298550776087268e+02
4.624624624624624758e-01 2.603143061632663944e+02
4.633383383383383181e-01 2.602987572489240620e+02
4.642142142142142158e-01 2.602832083345817296e+02
4.650900900900901136e-01 2.602676594202393403e+02
4.659659659659659559e-01 2.602521105058970079e+02
4.668418418418418536e-01 2.602365615915546755e+02
4.677177177177176959e-01 2.602210126772123431e+02
4.685935935935935936e-01 2.602054637628700107e+02
4.694694694694694914e-01 2.601899148485276783e+02
4.703453453453453337e-01 2.601743659341853458e+02
4.712212212212212314e-01 2.601590109642841071e+02
4.720970970970970737e-01 2.601442796979999343e+02
4.729729729729729715e-01 2.601295484317157616e+02
4.738488488488488692e-01 2.601148005709364384e+02
4.747247247247247115e-01 2.600983069883168355e+02
4.756006006006006093e-01 2.600818134056973463e+02
4.764764764764764515e-01 2.600653198230777434e+02
4.773523523523523493e-01 2.600488262404582542e+02
4.782282282282282471e-01 2.600323326578387082e+02
4.791041041041040893e-01 2.600158390752191622e+02
4.799799799799799871e-01 2.599993454925996161e+02
4.808558558558558294e-01 2.599828519099800701e+02
4.817317317317317271e-01 2.599663583273605809e+02
4.826076076076076249e-01 2.599498647447409780e+02
4.834834834834834671e-01 2.599333711621214889e+02
4.843593593593593649e-01 2.599168775795019997e+02
4.852352352352352072e-01 2.599003839968823968e+02
4.861111111111111049e-01 2.598838705201913513e+02
4.869869869869870027e-01 2.598671037659128160e+02
4.878628628628628450e-01 2.598503370116343376e+02
4.887387387387387427e-01 2.598335702573558024e+02
4.896146146146145850e-01 2.598160693502828167e+02
4.904904904904904828e-01 2.597970894044959778e+02
4.913663663663663805e-01 2.597781094587091388e+02
4.922422422422422228e-01 2.597591295129222999e+02
4.931181181181181206e-01 2.597401495671354610e+02
4.939939939939939628e-01 2.597211696213486221e+02
4.948698698698698606e-01 2.597021896755618400e+02
4.957457457457457584e-01 2.596832097297750011e+02
4.966216216216216006e-01 2.596642297839881621e+02
4.974974974974974984e-01 2.596454584864594608e+02
4.983733733733733962e-01 2.596252608967578226e+02
4.992492492492492384e-01 2.596033972411669311e+02
5.001251251251250807e-01 2.595813312545266172e+02
5.010010010010009784e-01 2.595592652678862464e+02
5.018768768768768762e-01 2.595371992812459325e+02
5.027527527527527740e-01 2.595151332946056186e+02
5.036286286286286717e-01 2.594930673079653047e+02
5.045045045045044585e-01 2.594710013213249908e+02
5.053803803803803563e-01 2.594489353346846201e+02
5.062562562562562540e-01 2.594268693480443062e+02
5.071321321321321518e-01 2.594048033614039923e+02
5.080080080080080496e-01 2.593827373747636784e+02
5.088838838838838363e-01 2.593606713881233077e+02
5.097597597597597341e-01 2.593386054014829938e+02
5.106356356356356319e-01 2.593165394148426799e+02
5.115115115115115296e-01 2.592944734282023660e+02
5.123873873873874274e-01 2.592724074415619953e+02
5.132632632632632141e-01 2.592503414549216814e+02
5.141391391391391119e-01 2.592282754682813675e+02
5.150150150150150097e-01 2.592062094816410536e+02
5.158908908908909074e-01 2.591841434950006828e+02
5.167667667667668052e-01 2.591620775083603689e+02
5.176426426426425920e-01 2.591400115217200550e+02
5.185185185185184897e-01 2.591179455350797411e+02
5.193943943943943875e-01 2.590958795484393704e+02
5.202702702702702853e-01 2.590747947810040159e+02
5.211461461461461830e-01 2.590542720954611013e+02
5.220220220220219698e-01 2.590337494099182436e+02
5.228978978978978676e-01 2.590128641813715262e+02
5.237737737737737653e-01 2.589907114888002297e+02
5.246496496496496631e-01 2.589685587962289333e+02
5.255255255255255609e-01 2.589464061036576368e+02
5.264014014014013476e-01 2.589242384852344117e+02
5.272772772772772454e-01 2.589017781497767032e+02
5.281531531531531432e-01 2.588791417444313083e+02
5.290290290290290409e-01 2.588559160428524706e+02
5.299049049049049387e-01 2.588325752205350341e+02
5.307807807807807254e-01 2.588085101595384572e+02
5.316566566566566232e-01 2.587844450985418234e+02
5.325325325325325210e-01 2.587603800375452465e+02
5.334084084084084187e-01 2.587363149765486696e+02
5.342842842842843165e-01 2.587122499155520927e+02
5.351601601601601033e-01 2.586881848545554590e+02
5.360360360360360010e-01 2.586641197935588252e+02
5.369119119119118988e-01 2.586400547325622483e+02
5.377877877877877966e-01 2.586159896715656146e+02
5.386636636636636943e-01 2.585919246105690377e+02
5.395395395395394811e-01 2.585678595495724039e+02
5.404154154154153789e-01 2.585437944885758270e+02
5.412912912912912766e-01 2.585197294275792501e+02
5.421671671671671744e-01 2.584956643665826164e+02
5.430430430430430722e-01 2.584715993055859826e+02
5.439189189189188589e-01 2.584475342445894057e+02
5.447947947947947567e-01 2.584234691835928288e+02
5.456706706706706544e-01 2.583994041225961951e+02
5.465465465465465522e-01 2.583753390615996182e+02
5.474224224224224500e-01 2.583512740006029844e+02
5.482982982982983478e-01 2.583272089396064075e+02
5.491741741741741345e-01 2.583031438786098306e+02
5.500500500500500323e-01 2.582790405995497167e+02
5.509259259259259300e-01 2.582547232387120175e+02
5.518018018018018278e-01 2.582304058778743752e+02
5.526776776776777256e-01 2.582060885170367328e+02
5.535535535535535123e-01 2.581817711561990336e+02
5.544294294294294101e-01 2.581577329220839943e+02
5.553053053053053079e-01 2.581336661473349636e+02
5.561811811811812056e-01 2.581090047560778657e+02
5.570570570570571034e-01 2.580843433648207679e+02
5.579329329329328901e-01 2.580595674802240183e+02
5.588088088088087879e-01 2.580347408649334966e+02
5.596846846846846857e-01 2.580099142496430318e+02
5.605605605605605835e-01 2.579850876343525670e+02
5.614364364364364812e-01 2.579602610190621590e+02
5.623123123123122680e-01 2.579354344037716373e+02
5.631881881881881657e-01 2.579106077884811157e+02
5.640640640640640635e-01 2.578857811731907077e+02
5.649399399399399613e-01 2.578609545579001860e+02
5.658158158158158590e-01 2.578363137367517766e+02
5.666916916916916458e-01 2.578120978251366182e+02
5.675675675675675436e-01 2.577878819135215167e+02
5.684434434434434413e-01 2.577636660019064720e+02
5.693193193193193391e-01 2.577394500902913137e+02
5.701951951951952369e-01 2.577152341786762122e+02
5.710710710710710236e-01 2.576910182670611107e+02
5.719469469469469214e-01 2.576668023554460092e+02
5.728228228228228192e-01 2.576425864438309077e+02
5.736986986986987169e-01 2.576183705322157493e+02
5.745745745745746147e-01 2.575941546206007047e+02
5.754504504504504014e-01 2.575699387089855463e+02
5.763263263263262992e-01 2.575457227973704448e+02
5.772022022022021970e-01 2.575215068857553433e+02
5.780780780780780947e-01 2.574972909741401850e+02
5.789539539539539925e-01 2.574730750625251403e+02
5.798298298298297793e-01 2.574488591509099820e+02
5.807057057057056770e-01 2.574241791427345447e+02
5.815815815815815748e-01 2.573994161783816139e+02
5.824574574574574726e-01 2.573746532140287400e+02
5.833333333333333703e-01 2.573498902496758092e+02
5.842092092092091571e-01 2.573251979448323823e+02
5.850850850850850549e-01 2.573009249448610944e+02
5.859609609609609526e-01 2.572766519448897498e+02
5.868368368368368504e-01 2.572523789449183482e+02
5.877127127127127482e-01 2.572281059449470604e+02
5.885885885885885349e-01 2.572038329449757157e+02
5.894644644644644327e-01 2.571798296616165089e+02
5.903403403403403304e-01 2.571558623818710316e+02
5.912162162162162282e-01 2.571318951021256112e+02
5.920920920920921260e-01 2.571079278223801339e+02
5.929679679679679127e-01 2.570836539158918299e+02
5.938438438438438105e-01 2.570576228020181588e+02
5.947197197197197083e-01 2.570315916881446014e+02
5.955955955955956060e-01 2.570055605742709872e+02
5.964714714714715038e-01 2.569795294603973730e+02
5.973473473473472906e-01 2.569534983465237588e+02
5.982232232232231883e-01 2.569274672326501445e+02
5.990990990990990861e-01 2.569014361187765303e+02
5.999749749749749839e-01 2.568754050049028592e+02
6.008508508508508816e-01 2.568493738910293018e+02
6.017267267267266684e-01 2.568233427771556876e+02
6.026026026026025662e-01 2.567973116632820734e+02
6.034784784784784639e-01 2.567703689766786965e+02
6.043543543543543617e-01 2.567433281966287382e+02
6.052302302302302595e-01 2.567162874165787798e+02
6.061061061061060462e-01 2.566892466365288215e+02
6.069819819819819440e-01 2.566622058564788631e+02
6.078578578578578417e-01 2.566351650764289047e+02
6.087337337337337395e-01 2.566081242963789464e+02
6.096096096096096373e-01 2.565810835163289880e+02
6.104854854854855351e-01 2.565533516732419912e+02
6.113613613613613218e-01 2.565242209879644406e+02
6.122372372372372196e-01 2.564950903026868900e+02
6.131131131131131173e-01 2.564659596174093394e+02
6.139889889889890151e-01 2.564368289321317889e+02
6.148648648648649129e-01 2.564076982468542383e+02
6.157407407407406996e-01 2.563785675615766877e+02
6.166166166166165974e-01 2.563494368762991371e+02
6.174924924924924952e-01 2.563203061910215865e+02
6.183683683683683929e-01 2.562916263138557724e+02
6.192442442442442907e-01 2.562637999279990026e+02
6.201201201201200774e-01 2.562359735421421760e+02
6.209959959959959752e-01 2.562080085118016655e+02
6.218718718718718730e-01 2.561791062710516371e+02
6.227477477477477708e-01 2.561502040303016088e+02
6.236236236236236685e-01 2.561213017895515804e+02
6.244994994994994553e-01 2.560923995488015521e+02
6.253753753753753530e-01 2.560634973080515238e+02
6.262512512512512508e-01 2.560339056803038034e+02
6.271271271271271486e-01 2.560046672265593770e+02
6.280030030030030463e-01 2.559748512869153956e+02
6.288788788788788331e-01 2.559450833035031678e+02
6.297547547547547309e-01 2.559153153200909401e+02
6.306306306306306286e-01 2.558855473366787692e+02
6.315065065065065264e-01 2.558557793532665414e+02
6.323823823823824242e-01 2.558260113698543421e+02
6.332582582582582109e-01 2.557962433864421428e+02
6.341341341341341087e-01 2.557665111821868891e+02
6.350100100100100065e-01 2.557368104648670908e+02
6.358858858858859042e-01 2.557071097475472641e+02
6.367617617617618020e-01 2.556774090302274658e+02
6.376376376376375887e-01 2.556477083129076959e+02
6.385135135135134865e-01 2.556180075955878692e+02
6.393893893893893843e-01 2.555883068782680425e+02
6.402652652652652820e-01 2.555586061609482442e+02
6.411411411411411798e-01 2.555289054436284459e+02
6.420170170170169666e-01 2.554992047263086761e+02
6.428928928928928643e-01 2.554696071751170052e+02
6.437687687687687621e-01 2.554400277821382019e+02
6.446446446446446599e-01 2.554106967686890926e+02
6.455205205205205576e-01 2.553823213972638939e+02
6.463963963963963444e-01 2.553539460258386384e+02
6.472722722722722422e-01 2.553255706544134682e+02
6.481481481481481399e-01 2.552971952829882980e+02
6.490240240240240377e-01 2.552688199115630709e+02
6.498998998998999355e-01 2.552404445401378723e+02
6.507757757757757222e-01 2.552120691687126453e+02
6.516516516516516200e-01 2.551836937972874466e+02
6.525275275275275177e-01 2.551553184258622196e+02
6.534034034034034155e-01 2.551268005925291220e+02
6.542792792792793133e-01 2.550975697470490218e+02
6.551551551551551000e-01 2.550673054450006703e+02
6.560310310310309978e-01 2.550370411429522903e+02
6.569069069069068956e-01 2.550067768409039672e+02
6.577827827827827933e-01 2.549765125388556157e+02
6.586586586586586911e-01 2.549462482368072358e+02
6.595345345345344779e-01 2.549159839347589127e+02
6.604104104104103756e-01 2.548857196327105612e+02
6.612862862862862734e-01 2.548554553306621813e+02
6.621621621621621712e-01 2.548251910286138582e+02
6.630380380380380689e-01 2.547949267265655067e+02
6.639139139139138557e-01 2.547646624245171267e+02
6.647897897897897534e-01 2.547304066544375019e+02
6.656656656656656512e-01 2.546960878074818311e+02
6.665415415415415490e-01 2.546617689605261035e+02
6.674174174174174468e-01 2.546274501135704327e+02
6.682932932932932335e-01 2.545931312666147335e+02
6.691691691691691313e-01 2.545588124196590343e+02
6.700450450450450290e-01 2.545244935727033067e+02
6.709209209209209268e-01 2.544901747257476075e+02
6.717967967967968246e-01 2.544558558787919367e+02
6.726726726726726113e-01 2.544215370318362375e+02
6.735485485485485091e-01 2.543873917619852136e+02
6.744244244244244069e-01 2.543538540032431001e+02
6.753003003003003046e-01 2.543203162445009582e+02
6.761761761761762024e-01 2.542867784857588731e+02
6.770520520520521002e-01 2.542532407270167312e+02
6.779279279279278869e-01 2.542197029682746461e+02
6.788038038038037847e-01 2.541861652095325042e+02
6.796796796796796825e-01 2.541526274507904191e+02
6.805555555555555802e-01 2.541192062228859641e+02
6.814314314314314780e-01 2.540860856353463362e+02
6.823073073073072647e-01 2.540529650478067083e+02
6.831831831831831625e-01 2.540198444602671088e+02
6.840590590590590603e-01 2.539867238727274810e+02
6.849349349349349581e-01 2.539536032851878815e+02
6.858108108108108558e-01 2.539204826976482536e+02
6.866866866866866426e-01 2.538873621101086542e+02
6.875625625625625403e-01 2.538542415225690547e+02
6.884384384384384381e-01 2.538211209350294268e+02
6.893143143143143359e-01 2.537880003474898274e+02
6.901901901901902336e-01 2.537554168488919402e+02
6.910660660660660204e-01 2.537237181655962104e+02
6.919419419419419182e-01 2.536920194823004806e+02
6.928178178178178159e-01 2.536603207990046940e+02
6.936936936936937137e-01 2.536286221157089642e+02
6.945695695695696115e-01 2.535969234324132344e+02
6.954454454454453982e-01 2.535652247491174762e+02
6.963213213213212960e-01 2.535335260658217464e+02
6.971971971971971938e-01 2.535018273825260167e+02
6.980730730730730915e-01 2.534703381768660222e+02
6.989489489489489893e-01 2.534391025771616341e+02
6.998248248248247760e-01 2.534074205506408362e+02
7.007007007007006738e-01 2.533757385241201234e+02
7.015765765765765716e-01 2.533440564975993539e+02
7.024524524524524693e-01 2.533123744710786127e+02
7.033283283283283671e-01 2.532806924445578431e+02
7.042042042042041539e-01 2.532490104180371304e+02
7.050800800800800516e-01 2.532173283915163609e+02
7.059559559559559494e-01 2.531855976169748317e+02
7.068318318318318472e-01 2.531538123509243121e+02
7.077077077077077449e-01 2.531220270848737925e+02
7.085835835835835317e-01 2.530902418188232446e+02
7.094594594594594295e-01 2.530584565527727818e+02
7.103353353353353272e-01 2.530266712867222054e+02
7.112112112112112250e-01 2.529948860206716859e+02
7.120870870870871228e-01 2.529631007546211663e+02
7.129629629629629095e-01 2.529313154885706467e+02
7.138388388388388073e-01 2.528995302225201272e+02
7.147147147147147050e-01 2.528675934864882606e+02
7.155905905905906028e-01 2.528355535954972595e+02
7.164664664664665006e-01 2.528035137045062584e+02
7.173423423423422873e-01 2.527714738135152857e+02
7.182182182182181851e-01 2.527394339225243129e+02
7.190940940940940829e-01 2.527073940315332834e+02
7.199699699699699806e-01 2.526753541405423107e+02
7.208458458458458784e-01 2.526433142495513096e+02
7.217217217217216652e-01 2.526112743585603084e+02
7.225975975975975629e-01 2.525788846057440082e+02
7.234734734734734607e-01 2.525462709622289879e+02
7.243493493493493585e-01 2.525136573187140243e+02
7.252252252252252562e-01 2.524808997886752877e+02
7.261011011011010430e-01 2.524474294468986386e+02
7.269769769769769407e-01 2.524139591051219895e+02
7.278528528528528385e-01 2.523804887633453404e+02
7.287287287287287363e-01 2.523470184215686629e+02
7.296046046046046341e-01 2.523135480797919854e+02
7.304804804804804208e-01 2.522800777380153363e+02
7.313563563563563186e-01 2.522466073962386872e+02
7.322322322322322163e-01 2.522131370544620381e+02
7.331081081081081141e-01 2.521796667126853890e+02
7.339839839839840119e-01 2.521461963709087115e+02
7.348598598598597986e-01 2.521127260291320624e+02
7.357357357357356964e-01 2.520792556873553849e+02
7.366116116116115942e-01 2.520457853455787358e+02
7.374874874874874919e-01 2.520123150038020867e+02
7.383633633633633897e-01 2.519788446620254092e+02
7.392392392392392875e-01 2.519453743202487601e+02
7.401151151151150742e-01 2.519119039784721110e+02
7.409909909909909720e-01 2.518784336366954335e+02
7.418668668668668698e-01 2.518449119496796698e+02
7.427427427427427675e-01 2.518113199859531903e+02
7.436186186186186653e-01 2.517777280222267393e+02
7.444944944944944520e-01 2.517435538339516086e+02
7.453703703703703498e-01 2.517076139423755876e+02
7.462462462462462476e-01 2.516716740507995098e+02
7.471221221221221453e-01 2.516357341592234320e+02
7.479979979979980431e-01 2.516000253291409479e+02
7.488738738738738299e-01 2.515667588328248598e+02
7.497497497497497276e-01 2.515334923365087718e+02
7.506256256256256254e-01 2.515006167556516061e+02
7.515015015015015232e-01 2.514684349101441967e+02
7.523773773773774209e-01 2.514362530646367873e+02
7.532532532532532077e-01 2.514040712191293494e+02
7.541291291291291055e-01 2.513718893736219684e+02
7.550050050050050032e-01 2.513397075281145590e+02
7.558808808808809010e-01 2.513075256826071495e+02
7.567567567567567988e-01 2.512753438370997401e+02
7.576326326326325855e-01 2.512431619915923307e+02
7.585085085085084833e-01 2.512109801460849212e+02
7.593843843843843811e-01 2.511787983005775118e+02
7.602602602602602788e-01 2.511466164550701023e+02
7.611361361361361766e-01 2.511144346095626929e+02
7.620120120120119633e-01 2.510822527640552835e+02
7.628878878878878611e-01 2.510500709185478740e+02
7.637637637637637589e-01 2.510189896331601744e+02
7.646396396396396566e-01 2.509884558828268553e+02
7.655155155155155544e-01 2.509579221324935361e+02
7.663913913913913412e-01 2.509273883821602453e+02
7.672672672672672389e-01 2.508968546318268977e+02
7.681431431431431367e-01 2.508646235922908829e+02
7.690190190190190345e-01 2.508312921697164768e+02
7.698948948948949322e-01 2.507979607471420138e+02
7.707707707707707190e-01 2.507646293245675793e+02
7.716466466466466168e-01 2.507312979019931731e+02
7.725225225225225145e-01 2.506979664794187102e+02
7.733983983983984123e-01 2.506646350568443040e+02
7.742742742742743101e-01 2.506313036342698695e+02
7.751501501501500968e-01 2.505979722116954349e+02
7.760260260260259946e-01 2.505646407891210004e+02
7.769019019019018923e-01 2.505313093665465658e+02
7.777777777777777901e-01 2.504979779439721312e+02
7.786536536536536879e-01 2.504646465213976967e+02
7.795295295295294746e-01 2.504313150988232906e+02
7.804054054054053724e-01 2.503979836762488276e+02
7.812812812812812702e-01 2.503646522536743930e+02
7.821571571571571679e-01 2.503313208310999585e+02
7.830330330330330657e-01 2.502980382964909154e+02
7.839089089089088525e-01 2.502655625701838176e+02
7.847847847847847502e-01 2.502330868438767197e+02
7.856606606606606480e-01 2.502005678041803378e+02
7.865365365365365458e-01 2.501678458296830456e+02
7.874124124124124435e-01 2.501351238551858103e+02
7.882882882882882303e-01 2.501024018806885465e+02
7.891641641641641280e-01 2.500696799061912827e+02
7.900400400400400258e-01 2.500361732058409814e+02
7.909159159159159236e-01 2.500025902124329207e+02
7.917917917917918214e-01 2.499674046906027343e+02
7.926676676676676081e-01 2.499318584686453733e+02
7.935435435435435059e-01 2.498963122466880122e+02
7.944194194194194036e-01 2.498607660247306512e+02
7.952952952952953014e-01 2.498252198027732902e+02
7.961711711711711992e-01 2.497896735808159576e+02
7.970470470470469859e-01 2.497541273588585682e+02
7.979229229229228837e-01 2.497185811369012356e+02
7.987987987987987815e-01 2.496830349149439030e+02
7.996746746746746792e-01 2.496474886929865136e+02
8.005505505505505770e-01 2.496119424710291810e+02
8.014264264264264748e-01 2.495763962490717915e+02
8.023023023023022615e-01 2.495408500271144590e+02
8.031781781781781593e-01 2.495053038051570979e+02
8.040540540540540571e-01 2.494697575831997085e+02
8.049299299299299548e-01 2.494342113612423759e+02
8.058058058058058526e-01 2.493986651392849865e+02
8.066816816816816393e-01 2.493631189173276539e+02
8.075575575575575371e-01 2.493275726953702645e+02
8.084334334334334349e-01 2.492920264734129319e+02
8.093093093093093326e-01 2.492564802514555993e+02
8.101851851851852304e-01 2.492209340294981814e+02
8.110610610610610172e-01 2.491853829867748971e+02
8.119369369369369149e-01 2.491493030069617021e+02
8.128128128128128127e-01 2.491147829010776036e+02
8.136886886886887105e-01 2.490803155725631939e+02
8.145645645645646082e-01 2.490458482440487558e+02
8.154404404404403950e-01 2.490113809155343461e+02
8.163163163163162928e-01 2.489769135870199079e+02
8.171921921921921905e-01 2.489424462585054982e+02
8.180680680680680883e-01 2.489079800467455925e+02
8.189439439439439861e-01 2.488735320889099398e+02
8.198198198198197728e-01 2.488390841310743724e+02
8.206956956956956706e-01 2.488046361732387481e+02
8.215715715715715683e-01 2.487704183278175663e+02
8.224474474474474661e-01 2.487363003012166587e+02
8.233233233233233639e-01 2.487021822746157227e+02
8.241991991991991506e-01 2.486680642480147867e+02
8.250750750750750484e-01 2.486339462214138507e+02
8.259509509509509462e-01 2.485998281948129716e+02
8.268268268268268439e-01 2.485657101682120356e+02
8.277027027027027417e-01 2.485315921416110996e+02
8.285785785785785285e-01 2.484974741150101920e+02
8.294544544544544262e-01 2.484634115573270776e+02
8.303303303303303240e-01 2.484294928380453200e+02
8.312062062062062218e-01 2.483955741187635340e+02
8.320820820820821195e-01 2.483616553994817764e+02
8.329579579579579063e-01 2.483277366802000188e+02
8.338338338338338041e-01 2.482933041487441415e+02
8.347097097097097018e-01 2.482577466790403946e+02
8.355855855855855996e-01 2.482221892093366478e+02
8.364614614614614974e-01 2.481866317396329578e+02
8.373373373373372841e-01 2.481508291975976022e+02
8.382132132132131819e-01 2.481137121821752203e+02
8.390890890890890796e-01 2.480765951667528668e+02
8.399649649649649774e-01 2.480394781513304565e+02
8.408408408408408752e-01 2.480023611359081315e+02
8.417167167167166619e-01 2.479652441204857212e+02
8.425925925925925597e-01 2.479281271050633677e+02
8.434684684684684575e-01 2.478910100896409858e+02
8.443443443443443552e-01 2.478538930742186324e+02
8.452202202202202530e-01 2.478167760587962505e+02
8.460960960960960398e-01 2.477796590433738402e+02
8.469719719719719375e-01 2.477425420279514867e+02
8.478478478478478353e-01 2.477078788597748371e+02
8.487237237237237331e-01 2.476737787953441625e+02
8.495995995995996308e-01 2.476396787309135163e+02
8.504754754754754176e-01 2.476055786664828986e+02
8.513513513513513153e-01 2.475714786020521956e+02
8.522272272272272131e-01 2.475373785376215778e+02
8.531031031031031109e-01 2.475032784731908748e+02
8.539789789789790087e-01 2.474691784087602571e+02
8.548548548548547954e-01 2.474350783443296109e+02
8.557307307307306932e-01 2.474009782798989363e+02
8.566066066066065909e-01 2.473668782154682617e+02
8.574824824824824887e-01 2.473327781510376155e+02
8.583583583583583865e-01 2.472986780866069694e+02
8.592342342342341732e-01 2.472645780221762948e+02
8.601101101101100710e-01 2.472304779577456770e+02
8.609859859859859688e-01 2.471963778933149740e+02
8.618618618618618665e-01 2.471622778288843278e+02
8.627377377377377643e-01 2.471281777644536817e+02
8.636136136136135510e-01 2.470940777000230355e+02
8.644894894894894488e-01 2.470599776355923609e+02
8.653653653653653466e-01 2.470257533250998279e+02
8.662412412412412444e-01 2.469915118636202180e+02
8.671171171171171421e-01 2.469572704021406366e+02
8.679929929929930399e-01 2.469230289406610837e+02
8.688688688688688266e-01 2.468887874791815022e+02
8.697447447447447244e-01 2.468545460177018924e+02
8.706206206206206222e-01 2.468203045562222542e+02
8.714964964964965199e-01 2.467860630947426728e+02
8.723723723723724177e-01 2.467518216332630914e+02
8.732482482482482045e-01 2.467175801717835384e+02
8.741241241241241022e-01 2.466836442288627609e+02
8.750000000000000000e-01 2.466500000000000341e+02
