LineProbe
number of points: 1000 (fixed)
point 0: [0. 0. 0.]
point 1: [0.875 0.    0.   ]
-----

# T 1000
0.000000000000000000e+00 2.668459347578380516e+02
8.758758758758758683e-04 2.668567705870710256e+02
1.751751751751751737e-03 2.668676064163039428e+02
2.627627627627627388e-03 2.668784422455368599e+02
3.503503503503503473e-03 2.668892780747697770e+02
4.379379379379379558e-03 2.669004541475565588e+02
5.255255255255254776e-03 2.669117084314287354e+02
6.131131131131130861e-03 2.669230018301480527e+02
7.007007007007006946e-03 2.669348815295235227e+02
7.882882882882882164e-03 2.669467612288991063e+02
8.758758758758759116e-03 2.669586409282745763e+02
9.634634634634634334e-03 2.669705206276501031e+02
1.051051051051050955e-02 2.669824003270256298e+02
1.138638638638638650e-02 2.669942800264011566e+02
1.226226226226226172e-02 2.670061597257766266e+02
1.313813813813813867e-02 2.670180394251521534e+02
1.401401401401401389e-02 2.670299191245276802e+02
1.488988988988988911e-02 2.670415587987849904e+02
1.576576576576576433e-02 2.670529021724989889e+02
1.664164164164164128e-02 2.670642455462130442e+02
1.751751751751751823e-02 2.670755889199270996e+02
1.839339339339339172e-02 2.670869322936412118e+02
1.926926926926926867e-02 2.670982756673552103e+02
2.014514514514514562e-02 2.671096190410692088e+02
2.102102102102101910e-02 2.671209624147833210e+02
2.189689689689689606e-02 2.671325166811709551e+02
2.277277277277277301e-02 2.671442264624015479e+02
2.364864864864864996e-02 2.671559362436322544e+02
2.452452452452452344e-02 2.671676460248628473e+02
2.540040040040040040e-02 2.671793558060934970e+02
2.627627627627627735e-02 2.671910655873241467e+02
2.715215215215215083e-02 2.672027753685547395e+02
2.802802802802802778e-02 2.672144851497854461e+02
2.890390390390390474e-02 2.672261949310160958e+02
2.977977977977977822e-02 2.672379047122467455e+02
3.065565565565565517e-02 2.672496144934773383e+02
3.153153153153152866e-02 2.672613242747080449e+02
3.240740740740740561e-02 2.672730340559386377e+02
3.328328328328328256e-02 2.672847438371693443e+02
3.415915915915915951e-02 2.672964536183999371e+02
3.503503503503503647e-02 2.673081633996306437e+02
3.591091091091091342e-02 2.673198731808612365e+02
3.678678678678678343e-02 2.673315829620918862e+02
3.766266266266266038e-02 2.673432927433225359e+02
3.853853853853853734e-02 2.673550025245531856e+02
3.941441441441441429e-02 2.673667123057838921e+02
4.029029029029029124e-02 2.673784220870145418e+02
4.116616616616616819e-02 2.673895032290230347e+02
4.204204204204203821e-02 2.673999578059766122e+02
4.291791791791791516e-02 2.674104123829303035e+02
4.379379379379379211e-02 2.674210464566043584e+02
4.466966966966966907e-02 2.674319495620118232e+02
4.554554554554554602e-02 2.674428526674193449e+02
4.642142142142142297e-02 2.674534681584175928e+02
4.729729729729729992e-02 2.674637457817874520e+02
4.817317317317316994e-02 2.674740102650935683e+02
4.904904904904904689e-02 2.674842747483997414e+02
4.992492492492492384e-02 2.674945392317059145e+02
5.080080080080080079e-02 2.675048037150121445e+02
5.167667667667667775e-02 2.675150681983182608e+02
5.255255255255255470e-02 2.675253326816244908e+02
5.342842842842842471e-02 2.675355503322379036e+02
5.430430430430430166e-02 2.675457022591205600e+02
5.518018018018017862e-02 2.675558541860032165e+02
5.605605605605605557e-02 2.675660061128858729e+02
5.693193193193193252e-02 2.675761580397684725e+02
5.780780780780780947e-02 2.675863099666510720e+02
5.868368368368368643e-02 2.675964618935336716e+02
5.955955955955955644e-02 2.676066138204163281e+02
6.043543543543543339e-02 2.676167657472989276e+02
6.131131131131131035e-02 2.676269176741815841e+02
6.218718718718718730e-02 2.676370696010642405e+02
6.306306306306305731e-02 2.676472215279468401e+02
6.393893893893894120e-02 2.676573734548294397e+02
6.481481481481481122e-02 2.676669916349002847e+02
6.569069069069069511e-02 2.676765539455185490e+02
6.656656656656656512e-02 2.676861162561368133e+02
6.744244244244243514e-02 2.676956785667550776e+02
6.831831831831831903e-02 2.677050847941348479e+02
6.919419419419418904e-02 2.677144490395636467e+02
7.007007007007007293e-02 2.677238132849924455e+02
7.094594594594594295e-02 2.677331775304212442e+02
7.182182182182182684e-02 2.677425417758500430e+02
7.269769769769769685e-02 2.677519060212788418e+02
7.357357357357356686e-02 2.677612702667075837e+02
7.444944944944945076e-02 2.677710630443158379e+02
7.532532532532532077e-02 2.677811901311541760e+02
7.620120120120120466e-02 2.677913172179925709e+02
7.707707707707707467e-02 2.678014443048309090e+02
7.795295295295295857e-02 2.678115713916692471e+02
7.882882882882882858e-02 2.678214017785206806e+02
7.970470470470469859e-02 2.678311855344163632e+02
8.058058058058058248e-02 2.678409692903121027e+02
8.145645645645645250e-02 2.678507530462077852e+02
8.233233233233233639e-02 2.678605368021034678e+02
8.320820820820820640e-02 2.678703205579992073e+02
8.408408408408407642e-02 2.678801043138948899e+02
8.495995995995996031e-02 2.678898880697906293e+02
8.583583583583583032e-02 2.678996718256863687e+02
8.671171171171171421e-02 2.679094555815820513e+02
8.758758758758758423e-02 2.679192393374777339e+02
8.846346346346346812e-02 2.679290230933734733e+02
8.933933933933933813e-02 2.679388068492692128e+02
9.021521521521520814e-02 2.679485906051648954e+02
9.109109109109109204e-02 2.679583743610605779e+02
9.196696696696696205e-02 2.679687477395133897e+02
9.284284284284284594e-02 2.679791706562465947e+02
9.371871871871871595e-02 2.679895935729798566e+02
9.459459459459459985e-02 2.680000164897130617e+02
9.547047047047046986e-02 2.680104394064463236e+02
9.634634634634633987e-02 2.680208623231795286e+02
9.722222222222222376e-02 2.680312852399127337e+02
9.809809809809809378e-02 2.680417081566459956e+02
9.897397397397397767e-02 2.680521310733792006e+02
9.984984984984984768e-02 2.680625539901124057e+02
1.007257257257257316e-01 2.680729769068456676e+02
1.016016016016016016e-01 2.680833998235788727e+02
1.024774774774774716e-01 2.680932610077413756e+02
1.033533533533533555e-01 2.681019734571092386e+02
1.042292292292292255e-01 2.681106859064772152e+02
1.051051051051051094e-01 2.681193983558450782e+02
1.059809809809809794e-01 2.681281108052129980e+02
1.068568568568568494e-01 2.681368232545808610e+02
1.077327327327327333e-01 2.681455357039487808e+02
1.086086086086086033e-01 2.681542481533166438e+02
1.094844844844844872e-01 2.681629606026846204e+02
1.103603603603603572e-01 2.681716730520524834e+02
1.112362362362362411e-01 2.681803855014203464e+02
1.121121121121121111e-01 2.681890979507882662e+02
1.129879879879879812e-01 2.681978104001561860e+02
1.138638638638638650e-01 2.682065228495240490e+02
1.147397397397397351e-01 2.682152352988919688e+02
1.156156156156156189e-01 2.682239477482598886e+02
1.164914914914914890e-01 2.682330074585947273e+02
1.173673673673673729e-01 2.682423437812864222e+02
1.182432432432432429e-01 2.682517637384089539e+02
1.191191191191191129e-01 2.682611836955315425e+02
1.199949949949949968e-01 2.682706036526540743e+02
1.208708708708708668e-01 2.682800236097766060e+02
1.217467467467467507e-01 2.682893337682959327e+02
1.226226226226226207e-01 2.682974472844061324e+02
1.234984984984984907e-01 2.683055608005162753e+02
1.243743743743743746e-01 2.683136743166264750e+02
1.252502502502502446e-01 2.683217878327366179e+02
1.261261261261261146e-01 2.683297962512319259e+02
1.270020020020020124e-01 2.683377449838898201e+02
1.278778778778778824e-01 2.683456937165477143e+02
1.287537537537537524e-01 2.683532786179621326e+02
1.296296296296296224e-01 2.683607467113183702e+02
1.305055055055054924e-01 2.683682148046746079e+02
1.313813813813813902e-01 2.683756828980308455e+02
1.322572572572572602e-01 2.683831509913870832e+02
1.331331331331331302e-01 2.683906190847433209e+02
1.340090090090090003e-01 2.683980871780995017e+02
1.348848848848848703e-01 2.684055552714557962e+02
1.357607607607607680e-01 2.684130233648119770e+02
1.366366366366366381e-01 2.684204914581682715e+02
1.375125125125125081e-01 2.684279595515244523e+02
1.383883883883883781e-01 2.684354276448806900e+02
1.392642642642642758e-01 2.684428957382369276e+02
1.401401401401401459e-01 2.684503638315931653e+02
1.410160160160160159e-01 2.684578319249494029e+02
1.418918918918918859e-01 2.684653000183055838e+02
1.427677677677677559e-01 2.684727681116618214e+02
1.436436436436436537e-01 2.684802362050180591e+02
1.445195195195195237e-01 2.684877795110530201e+02
1.453953953953953937e-01 2.684956629564708237e+02
1.462712712712712637e-01 2.685035249672184818e+02
1.471471471471471337e-01 2.685113799874026199e+02
1.480230230230230315e-01 2.685192350075867580e+02
1.488988988988989015e-01 2.685270900277708961e+02
1.497747747747747715e-01 2.685349450479550342e+02
1.506506506506506415e-01 2.685428000681391723e+02
1.515265265265265116e-01 2.685506550883233103e+02
1.524024024024024093e-01 2.685585101085074484e+02
1.532782782782782793e-01 2.685663651286916433e+02
1.541541541541541493e-01 2.685742201488757814e+02
1.550300300300300194e-01 2.685820751690599195e+02
1.559059059059059171e-01 2.685899301892440576e+02
1.567817817817817871e-01 2.685977852094281957e+02
1.576576576576576572e-01 2.686056402296123338e+02
1.585335335335335272e-01 2.686134246048520708e+02
1.594094094094093972e-01 2.686208610378073445e+02
1.602852852852852950e-01 2.686282974707625044e+02
1.611611611611611650e-01 2.686357339037176644e+02
1.620370370370370350e-01 2.686431703366728811e+02
1.629129129129129050e-01 2.686506067696280979e+02
1.637887887887887750e-01 2.686580432025832579e+02
1.646646646646646728e-01 2.686654796355384747e+02
1.655405405405405428e-01 2.686716873382966924e+02
1.664164164164164128e-01 2.686775923344845864e+02
1.672922922922922828e-01 2.686834973306723668e+02
1.681681681681681528e-01 2.686894023268602041e+02
1.690440440440440506e-01 2.686953073230480413e+02
1.699199199199199206e-01 2.687012123192358786e+02
1.707957957957957906e-01 2.687067454623324352e+02
1.716716716716716606e-01 2.687116736074533492e+02
1.725475475475475584e-01 2.687166017525742063e+02
1.734234234234234284e-01 2.687215298976951203e+02
1.742992992992992984e-01 2.687264580428160343e+02
1.751751751751751685e-01 2.687313861879368915e+02
1.760510510510510385e-01 2.687363143330578055e+02
1.769269269269269362e-01 2.687412424781787195e+02
1.778028028028028062e-01 2.687458404062412001e+02
1.786786786786786763e-01 2.687502431061091102e+02
1.795545545545545463e-01 2.687546458059770771e+02
1.804304304304304163e-01 2.687590485058450440e+02
1.813063063063063141e-01 2.687634512057129541e+02
1.821821821821821841e-01 2.687678539055808642e+02
1.830580580580580541e-01 2.687722566054488311e+02
1.839339339339339241e-01 2.687766593053167412e+02
1.848098098098098219e-01 2.687810620051847081e+02
1.856856856856856919e-01 2.687854647050526182e+02
1.865615615615615619e-01 2.687898674049205283e+02
1.874374374374374319e-01 2.687942701047885521e+02
1.883133133133133019e-01 2.687987175763660730e+02
1.891891891891891997e-01 2.688031942771713716e+02
1.900650650650650697e-01 2.688076709779765565e+02
1.909409409409409397e-01 2.688121476787818551e+02
1.918168168168168097e-01 2.688166243795870400e+02
1.926926926926926797e-01 2.688211010803922818e+02
1.935685685685685775e-01 2.688255777811975236e+02
1.944444444444444475e-01 2.688300544820027653e+02
1.953203203203203175e-01 2.688345311828080071e+02
1.961961961961961876e-01 2.688390078836131920e+02
1.970720720720720576e-01 2.688434845844184906e+02
1.979479479479479553e-01 2.688474150216569001e+02
1.988238238238238254e-01 2.688510587354924724e+02
1.996996996996996954e-01 2.688547024493280446e+02
2.005755755755755654e-01 2.688583461631636737e+02
2.014514514514514631e-01 2.688618434445385219e+02
2.023273273273273332e-01 2.688647282588207190e+02
2.032032032032032032e-01 2.688676130731028593e+02
2.040790790790790732e-01 2.688704978873850564e+02
2.049549549549549432e-01 2.688733827016672535e+02
2.058308308308308410e-01 2.688762675159494506e+02
2.067067067067067110e-01 2.688791523302316477e+02
2.075825825825825810e-01 2.688820371445138449e+02
2.084584584584584510e-01 2.688849219587960420e+02
2.093343343343343210e-01 2.688878067730782959e+02
2.102102102102102188e-01 2.688906915873604362e+02
2.110860860860860888e-01 2.688935764016426333e+02
2.119619619619619588e-01 2.688964612159248873e+02
2.128378378378378288e-01 2.688993460302070844e+02
2.137137137137136988e-01 2.689022308444892815e+02
2.145895895895895966e-01 2.689051156587714217e+02
2.154654654654654666e-01 2.689080004730536757e+02
2.163413413413413366e-01 2.689108852873358728e+02
2.172172172172172067e-01 2.689137200963825762e+02
2.180930930930931044e-01 2.689165487130117072e+02
2.189689689689689744e-01 2.689193773296407244e+02
2.198448448448448445e-01 2.689208783535815428e+02
2.207207207207207145e-01 2.689223096057760358e+02
2.215965965965965845e-01 2.689237408579704720e+02
2.224724724724724823e-01 2.689251721101649082e+02
2.233483483483483523e-01 2.689266033623593444e+02
2.242242242242242223e-01 2.689280346145537806e+02
2.251001001001000923e-01 2.689294658667482167e+02
2.259759759759759623e-01 2.689308971189426529e+02
2.268518518518518601e-01 2.689323283711371460e+02
2.277277277277277301e-01 2.689337596233315253e+02
2.286036036036036001e-01 2.689351908755259615e+02
2.294794794794794701e-01 2.689366221277203977e+02
2.303553553553553401e-01 2.689380533799148907e+02
2.312312312312312379e-01 2.689393642302474063e+02
2.321071071071071079e-01 2.689402104882570370e+02
2.329829829829829779e-01 2.689410567462667245e+02
2.338588588588588479e-01 2.689419030042763552e+02
2.347347347347347457e-01 2.689427492622860427e+02
2.356106106106106157e-01 2.689435955202957302e+02
2.364864864864864857e-01 2.689444417783054178e+02
2.373623623623623557e-01 2.689452880363150484e+02
2.382382382382382258e-01 2.689461342943247359e+02
2.391141141141141235e-01 2.689469521543760493e+02
2.399899899899899935e-01 2.689466659727723368e+02
2.408658658658658636e-01 2.689463797911687379e+02
2.417417417417417336e-01 2.689460936095650823e+02
2.426176176176176036e-01 2.689450272006441764e+02
2.434934934934935014e-01 2.689437009425473093e+02
2.443693693693693714e-01 2.689423746844504421e+02
2.452452452452452414e-01 2.689410484263535750e+02
2.461211211211211114e-01 2.689397221682567078e+02
2.469969969969969814e-01 2.689383959101598407e+02
2.478728728728728792e-01 2.689370696520629167e+02
2.487487487487487492e-01 2.689357433939660496e+02
2.496246246246246192e-01 2.689343093684015003e+02
2.505005005005004892e-01 2.689327763465728367e+02
2.513763763763763870e-01 2.689312433247441163e+02
2.522522522522522292e-01 2.689297103029154528e+02
2.531281281281281270e-01 2.689281772810867324e+02
2.540040040040040248e-01 2.689266420659823780e+02
2.548798798798798670e-01 2.689251056477557995e+02
2.557557557557557648e-01 2.689235692295293347e+02
2.566316316316316071e-01 2.689220328113028131e+02
2.575075075075075048e-01 2.689204963930762915e+02
2.583833833833834026e-01 2.689189599748497699e+02
2.592592592592592449e-01 2.689174235566232483e+02
2.601351351351351426e-01 2.689158871383967266e+02
2.610110110110109849e-01 2.689143507201702619e+02
2.618868868868868827e-01 2.689128143019437402e+02
2.627627627627627804e-01 2.689111908193086151e+02
2.636386386386386227e-01 2.689094145693280780e+02
2.645145145145145205e-01 2.689076383193475408e+02
2.653903903903903627e-01 2.689058620693670036e+02
2.662662662662662605e-01 2.689040858193865233e+02
2.671421421421421583e-01 2.689023095694059862e+02
2.680180180180180005e-01 2.688987981921021628e+02
2.688938938938938983e-01 2.688947571858338392e+02
2.697697697697697405e-01 2.688907161795655156e+02
2.706456456456456383e-01 2.688866751732971920e+02
2.715215215215215361e-01 2.688826341670288116e+02
2.723973973973973783e-01 2.688785931607604880e+02
2.732732732732732761e-01 2.688745521544921075e+02
2.741491491491491739e-01 2.688701263697183776e+02
2.750250250250250161e-01 2.688655271871844548e+02
2.759009009009009139e-01 2.688609280046506456e+02
2.767767767767767562e-01 2.688563288221167227e+02
2.776526526526526539e-01 2.688517296395828566e+02
2.785285285285285517e-01 2.688471304570489906e+02
2.794044044044043940e-01 2.688425312745150677e+02
2.802802802802802917e-01 2.688379320919812585e+02
2.811561561561561340e-01 2.688333329094473356e+02
2.820320320320320318e-01 2.688287337269134696e+02
2.829079079079079295e-01 2.688243021131660271e+02
2.837837837837837718e-01 2.688200862272851168e+02
2.846596596596596696e-01 2.688158703414042066e+02
2.855355355355355118e-01 2.688116544555233531e+02
2.864114114114114096e-01 2.688074385696424429e+02
2.872872872872873073e-01 2.688031337634692477e+02
2.881631631631631496e-01 2.687978084853709220e+02
2.890390390390390474e-01 2.687924832072725962e+02
2.899149149149148896e-01 2.687871579291742705e+02
2.907907907907907874e-01 2.687818326510759448e+02
2.916666666666666852e-01 2.687765073729775622e+02
2.925425425425425274e-01 2.687711820948792933e+02
2.934184184184184252e-01 2.687658568167809108e+02
2.942942942942942675e-01 2.687605315386826419e+02
2.951701701701701652e-01 2.687551960532133535e+02
2.960460460460460630e-01 2.687497993458815699e+02
2.969219219219219053e-01 2.687444026385499001e+02
2.977977977977978030e-01 2.687390059312181165e+02
2.986736736736736453e-01 2.687336092238864467e+02
2.995495495495495430e-01 2.687281440716674297e+02
3.004254254254254408e-01 2.687226278634036021e+02
3.013013013013012831e-01 2.687171116551398313e+02
3.021771771771771808e-01 2.687115954468760037e+02
3.030530530530530231e-01 2.687060792386122330e+02
3.039289289289289209e-01 2.687005630303484622e+02
3.048048048048048186e-01 2.686950468220846346e+02
3.056806806806806609e-01 2.686895306138208639e+02
3.065565565565565587e-01 2.686840144055570931e+02
3.074324324324324564e-01 2.686776831180061436e+02
3.083083083083082987e-01 2.686704930208013593e+02
3.091841841841841965e-01 2.686633029235965182e+02
3.100600600600600387e-01 2.686561128263916771e+02
3.109359359359359365e-01 2.686489227291868929e+02
3.118118118118118343e-01 2.686416467123580105e+02
3.126876876876876765e-01 2.686341439090601853e+02
3.135635635635635743e-01 2.686266411057622463e+02
3.144394394394394165e-01 2.686191383024644210e+02
3.153153153153153143e-01 2.686116354991665389e+02
3.161911911911912121e-01 2.686041326958686568e+02
3.170670670670670543e-01 2.685966298925708315e+02
3.179429429429429521e-01 2.685891270892729494e+02
3.188188188188187944e-01 2.685816242859750673e+02
3.196946946946946921e-01 2.685736405397370277e+02
3.205705705705705899e-01 2.685656331709533902e+02
3.214464464464464322e-01 2.685576258021697527e+02
3.223223223223223299e-01 2.685496184333861720e+02
3.231981981981981722e-01 2.685416110646025345e+02
3.240740740740740700e-01 2.685336036958189538e+02
3.249499499499499677e-01 2.685255963270353163e+02
3.258258258258258100e-01 2.685175889582516788e+02
3.267017017017017078e-01 2.685097694936144421e+02
3.275775775775775500e-01 2.685021656047766783e+02
3.284534534534534478e-01 2.684945617159388576e+02
3.293293293293293456e-01 2.684869578271010369e+02
3.302052052052051878e-01 2.684793539382632730e+02
3.310810810810810856e-01 2.684717500494254523e+02
3.319569569569569278e-01 2.684641461605876316e+02
3.328328328328328256e-01 2.684553397734877649e+02
3.337087087087087234e-01 2.684457148322169928e+02
3.345845845845845656e-01 2.684360898909462776e+02
3.354604604604604634e-01 2.684264649496755055e+02
3.363363363363363057e-01 2.684168400084047335e+02
3.372122122122122034e-01 2.684070498671301266e+02
3.380880880880881012e-01 2.683971037341203214e+02
3.389639639639639435e-01 2.683871576011105162e+02
3.398398398398398412e-01 2.683772114681007110e+02
3.407157157157157390e-01 2.683672653350909059e+02
3.415915915915915813e-01 2.683573192020811007e+02
3.424674674674674790e-01 2.683473730690712387e+02
3.433433433433433213e-01 2.683374269360614903e+02
3.442192192192192191e-01 2.683272421314037501e+02
3.450950950950951168e-01 2.683157436390462180e+02
3.459709709709709591e-01 2.683042451466887997e+02
3.468468468468468568e-01 2.682927466543313244e+02
3.477227227227226991e-01 2.682812481619738492e+02
3.485985985985985969e-01 2.682697496696164308e+02
3.494744744744744946e-01 2.682582511772588987e+02
3.503503503503503369e-01 2.682467526849014803e+02
3.512262262262262347e-01 2.682352541925440619e+02
3.521021021021020769e-01 2.682237557001865866e+02
3.529779779779779747e-01 2.682122572078291114e+02
3.538538538538538725e-01 2.682007587154716362e+02
3.547297297297297147e-01 2.681892602231142178e+02
3.556056056056056125e-01 2.681777617307567425e+02
3.564814814814814548e-01 2.681662503318037807e+02
3.573573573573573525e-01 2.681537436128337504e+02
3.582332332332332503e-01 2.681411100052776533e+02
3.591091091091090926e-01 2.681284763977214993e+02
3.599849849849849903e-01 2.681158427901654022e+02
3.608608608608608326e-01 2.681032091826093051e+02
3.617367367367367303e-01 2.680905755750532649e+02
3.626126126126126281e-01 2.680779419674971678e+02
3.634884884884884704e-01 2.680653083599410138e+02
3.643643643643643681e-01 2.680526747523849167e+02
3.652402402402402104e-01 2.680400411448288764e+02
3.661161161161161082e-01 2.680274075372727793e+02
3.669919919919920059e-01 2.680147739297166822e+02
3.678678678678678482e-01 2.680021403221605283e+02
3.687437437437437460e-01 2.679895067146044312e+02
3.696196196196196437e-01 2.679768731070483341e+02
3.704954954954954860e-01 2.679616761763252839e+02
3.713713713713713838e-01 2.679457722214336854e+02
3.722472472472472260e-01 2.679298682665420870e+02
3.731231231231231238e-01 2.679139643116504885e+02
3.739989989989990216e-01 2.678980603567589469e+02
3.748748748748748638e-01 2.678821564018672916e+02
3.757507507507507616e-01 2.678662524469756931e+02
3.766266266266266038e-01 2.678503484920840947e+02
3.775025025025025016e-01 2.678344445371925531e+02
3.783783783783783994e-01 2.678185405823008978e+02
3.792542542542542416e-01 2.678026366274093562e+02
3.801301301301301394e-01 2.677867326725177577e+02
3.810060060060059817e-01 2.677706395257371810e+02
3.818818818818818794e-01 2.677539957578458711e+02
3.827577577577577772e-01 2.677373519899546181e+02
3.836336336336336195e-01 2.677207082220633083e+02
3.845095095095095172e-01 2.677040644541720553e+02
3.853853853853853595e-01 2.676874206862807455e+02
3.862612612612612573e-01 2.676707769183894925e+02
3.871371371371371550e-01 2.676536011838096556e+02
3.880130130130129973e-01 2.676360927204680138e+02
3.888888888888888951e-01 2.676185842571263720e+02
3.897647647647647373e-01 2.676010757937847302e+02
3.906406406406406351e-01 2.675835673304430884e+02
3.915165165165165329e-01 2.675660588671014466e+02
3.923923923923923751e-01 2.675485504037598048e+02
3.932682682682682729e-01 2.675310419404181630e+02
3.941441441441441151e-01 2.675115433396983917e+02
3.950200200200200129e-01 2.674916007782030078e+02
3.958958958958959107e-01 2.674716582167077945e+02
3.967717717717717529e-01 2.674517156552124675e+02
3.976476476476476507e-01 2.674317730937171973e+02
3.985235235235234930e-01 2.674118305322218703e+02
3.993993993993993907e-01 2.673918879707266001e+02
4.002752752752752885e-01 2.673719454092313299e+02
4.011511511511511308e-01 2.673520028477360029e+02
4.020270270270270285e-01 2.673320602862406759e+02
4.029029029029029263e-01 2.673121177247454057e+02
4.037787787787787686e-01 2.672921751632501355e+02
4.046546546546546663e-01 2.672722326017548653e+02
4.055305305305305086e-01 2.672522900402595951e+02
4.064064064064064064e-01 2.672323474787642681e+02
4.072822822822823041e-01 2.672124107656436536e+02
4.081581581581581464e-01 2.671925320328837188e+02
4.090340340340340441e-01 2.671726533001238408e+02
4.099099099099098864e-01 2.671527745673638492e+02
4.107857857857857842e-01 2.671328958346039713e+02
4.116616616616616819e-01 2.671130171018440365e+02
4.125375375375375242e-01 2.670931383690840448e+02
4.134134134134134220e-01 2.670732596363241669e+02
4.142892892892892642e-01 2.670494042008930933e+02
4.151651651651651620e-01 2.670251129849776817e+02
4.160410410410410598e-01 2.670056617270158767e+02
4.169169169169169020e-01 2.669866525622870768e+02
4.177927927927927998e-01 2.669665389745639459e+02
4.186686686686686421e-01 2.669460304847864336e+02
4.195445445445445398e-01 2.669255219950089213e+02
4.204204204204204376e-01 2.669050135052314090e+02
4.212962962962962798e-01 2.668845050154538967e+02
4.221721721721721776e-01 2.668639773884770534e+02
4.230480480480480199e-01 2.668432169690195792e+02
4.239239239239239176e-01 2.668224565495619913e+02
4.247997997997998154e-01 2.668016961301045171e+02
4.256756756756756577e-01 2.667809357106469861e+02
4.265515515515515554e-01 2.667601752911893982e+02
4.274274274274273977e-01 2.667394148717319240e+02
4.283033033033032955e-01 2.667186544522744498e+02
4.291791791791791932e-01 2.666974302570359896e+02
4.300550550550550355e-01 2.666760570026196433e+02
4.309309309309309333e-01 2.666546837482031833e+02
4.318068068068067755e-01 2.666333104937867802e+02
4.326826826826826733e-01 2.666119372393703202e+02
4.335585585585585711e-01 2.665905639849539739e+02
4.344344344344344133e-01 2.665675040761767605e+02
4.353103103103103111e-01 2.665435880005061904e+02
4.361861861861862089e-01 2.665196719248355635e+02
4.370620620620620511e-01 2.664957558491649934e+02
4.379379379379379489e-01 2.664718397734943665e+02
4.388138138138137911e-01 2.664479236978237395e+02
4.396896896896896889e-01 2.664240076221531695e+02
4.405655655655655867e-01 2.664000915464825425e+02
4.414414414414414289e-01 2.663761754708119156e+02
4.423173173173173267e-01 2.663522593951413455e+02
4.431931931931931690e-01 2.663283433194707186e+02
4.440690690690690667e-01 2.663044272438000917e+02
4.449449449449449645e-01 2.662805111681294647e+02
4.458208208208208068e-01 2.662565950924588947e+02
4.466966966966967045e-01 2.662326790167883246e+02
4.475725725725725468e-01 2.662087629411176977e+02
4.484484484484484446e-01 2.661848468654470707e+02
4.493243243243243423e-01 2.661609307897765007e+02
4.502002002002001846e-01 2.661370147141059306e+02
4.510760760760760824e-01 2.661130986384352468e+02
4.519519519519519246e-01 2.660884031201378548e+02
4.528278278278278224e-01 2.660632942632717004e+02
4.537037037037037202e-01 2.660381854064055460e+02
4.545795795795795624e-01 2.660130765495393916e+02
4.554554554554554602e-01 2.659879676926732941e+02
4.563313313313313024e-01 2.659628588358071397e+02
4.572072072072072002e-01 2.659377499789409853e+02
4.580830830830830980e-01 2.659126411220748309e+02
4.589589589589589402e-01 2.658875322652086766e+02
4.598348348348348380e-01 2.658624234083425222e+02
4.607107107107106803e-01 2.658373145514764246e+02
4.615865865865865780e-01 2.658122056946102703e+02
4.624624624624624758e-01 2.657870968377441159e+02
4.633383383383383181e-01 2.657619879808779615e+02
4.642142142142142158e-01 2.657368791240118071e+02
4.650900900900901136e-01 2.657117702671456527e+02
4.659659659659659559e-01 2.656866614102794983e+02
4.668418418418418536e-01 2.656615525534133440e+02
4.677177177177176959e-01 2.656364436965471896e+02
4.685935935935935936e-01 2.656108512360011673e+02
4.694694694694694914e-01 2.655849766540382575e+02
4.703453453453453337e-01 2.655591020720752908e+02
4.712212212212212314e-01 2.655332274901123810e+02
4.720970970970970737e-01 2.655073529081494144e+02
4.729729729729729715e-01 2.654817737010499741e+02
4.738488488488488692e-01 2.654563360281106270e+02
4.747247247247247115e-01 2.654308983551712799e+02
4.756006006006006093e-01 2.654054606822319329e+02
4.764764764764764515e-01 2.653800230092925858e+02
4.773523523523523493e-01 2.653545853363532387e+02
4.782282282282282471e-01 2.653291476634138917e+02
4.791041041041040893e-01 2.653037099904746015e+02
4.799799799799799871e-01 2.652780355468527773e+02
4.808558558558558294e-01 2.652522236288738782e+02
4.817317317317317271e-01 2.652264117108949790e+02
4.826076076076076249e-01 2.652005997929160230e+02
4.834834834834834671e-01 2.651747878749371239e+02
4.843593593593593649e-01 2.651489759569582247e+02
4.852352352352352072e-01 2.651231640389793256e+02
4.861111111111111049e-01 2.650973521210003696e+02
4.869869869869870027e-01 2.650693421672390286e+02
4.878628628628628450e-01 2.650409349567740378e+02
4.887387387387387427e-01 2.650125277463090470e+02
4.896146146146145850e-01 2.649841205358441130e+02
4.904904904904904828e-01 2.649557133253790653e+02
4.913663663663663805e-01 2.649273061149141313e+02
4.922422422422422228e-01 2.648988989044491404e+02
4.931181181181181206e-01 2.648704916939842064e+02
4.939939939939939628e-01 2.648420844835192156e+02
4.948698698698698606e-01 2.648136772730542248e+02
4.957457457457457584e-01 2.647852700625892339e+02
4.966216216216216006e-01 2.647568628521242999e+02
4.974974974974974984e-01 2.647284556416592523e+02
4.983733733733733962e-01 2.647003391119915250e+02
4.992492492492492384e-01 2.646722789702567411e+02
5.001251251251250807e-01 2.646442188285219572e+02
5.010010010010009784e-01 2.646161586867871733e+02
5.018768768768768762e-01 2.645880985450523326e+02
5.027527527527527740e-01 2.645600384033176056e+02
5.036286286286286717e-01 2.645319782615828217e+02
5.045045045045044585e-01 2.645039181198480378e+02
5.053803803803803563e-01 2.644758579781131971e+02
5.062562562562562540e-01 2.644477943537830811e+02
5.071321321321321518e-01 2.644180030774688248e+02
5.080080080080080496e-01 2.643862288915918271e+02
5.088838838838838363e-01 2.643534527905056279e+02
5.097597597597597341e-01 2.643206766894194857e+02
5.106356356356356319e-01 2.642879005883332866e+02
5.115115115115115296e-01 2.642551244872471443e+02
5.123873873873874274e-01 2.642223483861610021e+02
5.132632632632632141e-01 2.641895722850748598e+02
5.141391391391391119e-01 2.641567961839887175e+02
5.150150150150150097e-01 2.641252030518842275e+02
5.158908908908909074e-01 2.640936518273908291e+02
5.167667667667668052e-01 2.640621006028974307e+02
5.176426426426425920e-01 2.640305493784040323e+02
5.185185185185184897e-01 2.639989981539106907e+02
5.193943943943943875e-01 2.639674469294172923e+02
5.202702702702702853e-01 2.639358957049239507e+02
5.211461461461461830e-01 2.639043444804305523e+02
5.220220220220219698e-01 2.638727932559371538e+02
5.228978978978978676e-01 2.638412420314437554e+02
5.237737737737737653e-01 2.638096908069504138e+02
5.246496496496496631e-01 2.637781395824570154e+02
5.255255255255255609e-01 2.637465883579636170e+02
5.264014014014013476e-01 2.637150371334702754e+02
5.272772772772772454e-01 2.636834859089768202e+02
5.281531531531531432e-01 2.636519868438492722e+02
5.290290290290290409e-01 2.636204936551551441e+02
5.299049049049049387e-01 2.635890004664610160e+02
5.307807807807807254e-01 2.635575072777668879e+02
5.316566566566566232e-01 2.635260140890727598e+02
5.325325325325325210e-01 2.634945209003786317e+02
5.334084084084084187e-01 2.634630277116845036e+02
5.342842842842843165e-01 2.634315345229903187e+02
5.351601601601601033e-01 2.633996053672964877e+02
5.360360360360360010e-01 2.633674205351320552e+02
5.369119119119118988e-01 2.633347831099341079e+02
5.377877877877877966e-01 2.633016061058730202e+02
5.386636636636636943e-01 2.632684291018119325e+02
5.395395395395394811e-01 2.632352520977508448e+02
5.404154154154153789e-01 2.632020750936897571e+02
5.412912912912912766e-01 2.631688980896286694e+02
5.421671671671671744e-01 2.631357210855675817e+02
5.430430430430430722e-01 2.631025440815064940e+02
5.439189189189188589e-01 2.630693670774454063e+02
5.447947947947947567e-01 2.630361900733843186e+02
5.456706706706706544e-01 2.630030130693232309e+02
5.465465465465465522e-01 2.629698360652621432e+02
5.474224224224224500e-01 2.629358548917731468e+02
5.482982982982983478e-01 2.629013646762863345e+02
5.491741741741741345e-01 2.628668744607996359e+02
5.500500500500500323e-01 2.628323842453128805e+02
5.509259259259259300e-01 2.627978940298261250e+02
5.518018018018018278e-01 2.627634038143394264e+02
5.526776776776777256e-01 2.627289135988526141e+02
5.535535535535535123e-01 2.626944233833659155e+02
5.544294294294294101e-01 2.626599331678791600e+02
5.553053053053053079e-01 2.626254429523924045e+02
5.561811811811812056e-01 2.625902300535789209e+02
5.570570570570571034e-01 2.625548757106505491e+02
5.579329329329328901e-01 2.625195213677221773e+02
5.588088088088087879e-01 2.624841670247937486e+02
5.596846846846846857e-01 2.624488126818653200e+02
5.605605605605605835e-01 2.624134583389369482e+02
5.614364364364364812e-01 2.623781039960085195e+02
5.623123123123122680e-01 2.623427496530801477e+02
5.631881881881881657e-01 2.623073953101517191e+02
5.640640640640640635e-01 2.622720409672232904e+02
5.649399399399399613e-01 2.622366866242949186e+02
5.658158158158158590e-01 2.622010620027837149e+02
5.666916916916916458e-01 2.621643380225139595e+02
5.675675675675675436e-01 2.621276140422442040e+02
5.684434434434434413e-01 2.620915695478805674e+02
5.693193193193193391e-01 2.620555764003329955e+02
5.701951951951952369e-01 2.620191933501578774e+02
5.710710710710710236e-01 2.619823521639249861e+02
5.719469469469469214e-01 2.619455109776920381e+02
5.728228228228228192e-01 2.619086697914590900e+02
5.736986986986987169e-01 2.618718286052261988e+02
5.745745745745746147e-01 2.618349874189932507e+02
5.754504504504504014e-01 2.617981462327603026e+02
5.763263263263262992e-01 2.617613050465273545e+02
5.772022022022021970e-01 2.617244638602944065e+02
5.780780780780780947e-01 2.616876226740614584e+02
5.789539539539539925e-01 2.616507814878285103e+02
5.798298298298297793e-01 2.616139403015956191e+02
5.807057057057056770e-01 2.615770991153626710e+02
5.815815815815815748e-01 2.615402579291297229e+02
5.824574574574574726e-01 2.615034167428967748e+02
5.833333333333333703e-01 2.614665755566638268e+02
5.842092092092091571e-01 2.614297343704308787e+02
5.850850850850850549e-01 2.613924292816478783e+02
5.859609609609609526e-01 2.613548640435693642e+02
5.868368368368368504e-01 2.613172988054908501e+02
5.877127127127127482e-01 2.612797335674123929e+02
5.885885885885885349e-01 2.612421683293338788e+02
5.894644644644644327e-01 2.612046030912554215e+02
5.903403403403403304e-01 2.611670378531769074e+02
5.912162162162162282e-01 2.611294726150983934e+02
5.920920920920921260e-01 2.610919073770199361e+02
5.929679679679679127e-01 2.610543421389414220e+02
5.938438438438438105e-01 2.610167769008629080e+02
5.947197197197197083e-01 2.609792116627843939e+02
5.955955955955956060e-01 2.609416464247059366e+02
5.964714714714715038e-01 2.609040811866274225e+02
5.973473473473472906e-01 2.608665159485489085e+02
5.982232232232231883e-01 2.608288532096287895e+02
5.990990990990990861e-01 2.607894971694082642e+02
5.999749749749749839e-01 2.607501411291876821e+02
6.008508508508508816e-01 2.607107850889672136e+02
6.017267267267266684e-01 2.606714290487466883e+02
6.026026026026025662e-01 2.606320730085261630e+02
6.034784784784784639e-01 2.605927169683056377e+02
6.043543543543543617e-01 2.605533609280851692e+02
6.052302302302302595e-01 2.605140048878645871e+02
6.061061061061060462e-01 2.604762410115488365e+02
6.069819819819819440e-01 2.604391494149685400e+02
6.078578578578578417e-01 2.604020578183883003e+02
6.087337337337337395e-01 2.603649662218080039e+02
6.096096096096096373e-01 2.603278746252277642e+02
6.104854854854855351e-01 2.602907830286474677e+02
6.113613613613613218e-01 2.602516783701137797e+02
6.122372372372372196e-01 2.602120449025269409e+02
6.131131131131131173e-01 2.601724114349401020e+02
6.139889889889890151e-01 2.601327779673532063e+02
6.148648648648649129e-01 2.600911626662386311e+02
6.157407407407406996e-01 2.600491308953450016e+02
6.166166166166165974e-01 2.600070991244513152e+02
6.174924924924924952e-01 2.599650673535576288e+02
6.183683683683683929e-01 2.599230355826639993e+02
6.192442442442442907e-01 2.598813345328704827e+02
6.201201201201200774e-01 2.598401440874702075e+02
6.209959959959959752e-01 2.597989536420699324e+02
6.218718718718718730e-01 2.597577631966696572e+02
6.227477477477477708e-01 2.597165727512693820e+02
6.236236236236236685e-01 2.596753823058691069e+02
6.244994994994994553e-01 2.596341918604688317e+02
6.253753753753753530e-01 2.595930014150685565e+02
6.262512512512512508e-01 2.595518109696682814e+02
6.271271271271271486e-01 2.595106205242680062e+02
6.280030030030030463e-01 2.594694300788677310e+02
6.288788788788788331e-01 2.594282396334674559e+02
6.297547547547547309e-01 2.593870491880671807e+02
6.306306306306306286e-01 2.593458587426669055e+02
6.315065065065065264e-01 2.593046682972666304e+02
6.323823823823824242e-01 2.592634778518663552e+02
6.332582582582582109e-01 2.592218649081023614e+02
6.341341341341341087e-01 2.591800272740459832e+02
6.350100100100100065e-01 2.591381896399896618e+02
6.358858858858859042e-01 2.590963520059333405e+02
6.367617617617618020e-01 2.590545143718770191e+02
6.376376376376375887e-01 2.590126767378206978e+02
6.385135135135134865e-01 2.589708391037643196e+02
6.393893893893893843e-01 2.589290014697079982e+02
6.402652652652652820e-01 2.588871638356516769e+02
6.411411411411411798e-01 2.588452805264755625e+02
6.420170170170169666e-01 2.588045664769401242e+02
6.428928928928928643e-01 2.587643399996040898e+02
6.437687687687687621e-01 2.587239701614485057e+02
6.446446446446446599e-01 2.586835580257554739e+02
6.455205205205205576e-01 2.586431458900624989e+02
6.463963963963963444e-01 2.586027337543695239e+02
6.472722722722722422e-01 2.585623216186764921e+02
6.481481481481481399e-01 2.585219094829835740e+02
6.490240240240240377e-01 2.584814973472905422e+02
6.498998998998999355e-01 2.584410852115975672e+02
6.507757757757757222e-01 2.584006730759045922e+02
6.516516516516516200e-01 2.583602609402115604e+02
6.525275275275275177e-01 2.583198488045185854e+02
6.534034034034034155e-01 2.582794366688256105e+02
6.542792792792793133e-01 2.582390245331326355e+02
6.551551551551551000e-01 2.581983291324827405e+02
6.560310310310309978e-01 2.581568145730421975e+02
6.569069069069068956e-01 2.581153000136016544e+02
6.577827827827827933e-01 2.580737854541611682e+02
6.586586586586586911e-01 2.580322708947206252e+02
6.595345345345344779e-01 2.579906772576799767e+02
6.604104104104103756e-01 2.579484959801420700e+02
6.612862862862862734e-01 2.579063147026042202e+02
6.621621621621621712e-01 2.578648521261857240e+02
6.630380380380380689e-01 2.578251099779289461e+02
6.639139139139138557e-01 2.577850420059442058e+02
6.647897897897897534e-01 2.577446323229474956e+02
6.656656656656656512e-01 2.577042226399507854e+02
6.665415415415415490e-01 2.576597242130778227e+02
6.674174174174174468e-01 2.576145422642787821e+02
6.682932932932932335e-01 2.575693603154797415e+02
6.691691691691691313e-01 2.575241783666806441e+02
6.700450450450450290e-01 2.574789964178816035e+02
6.709209209209209268e-01 2.574338317156361313e+02
6.717967967967968246e-01 2.573886733984674606e+02
6.726726726726726113e-01 2.573435150812987899e+02
6.735485485485485091e-01 2.572983567641301192e+02
6.744244244244244069e-01 2.572531984469614486e+02
6.753003003003003046e-01 2.572083447028595629e+02
6.761761761761762024e-01 2.571636949549014162e+02
6.770520520520521002e-01 2.571190452069432695e+02
6.779279279279278869e-01 2.570743954589851796e+02
6.788038038038037847e-01 2.570297457110270329e+02
6.796796796796796825e-01 2.569850959630689431e+02
6.805555555555555802e-01 2.569404462151107964e+02
6.814314314314314780e-01 2.568957964671527066e+02
6.823073073073072647e-01 2.568511467191946167e+02
6.831831831831831625e-01 2.568064969712364700e+02
6.840590590590590603e-01 2.567618472232783233e+02
6.849349349349349581e-01 2.567171974753202335e+02
6.858108108108108558e-01 2.566725477273620868e+02
6.866866866866866426e-01 2.566278979794039401e+02
6.875625625625625403e-01 2.565832482314458503e+02
6.884384384384384381e-01 2.565385984834877036e+02
6.893143143143143359e-01 2.564939487355296137e+02
6.901901901901902336e-01 2.564492989875714670e+02
6.910660660660660204e-01 2.564054886953857135e+02
6.919419419419419182e-01 2.563616910840839296e+02
6.928178178178178159e-01 2.563178934727822025e+02
6.936936936936937137e-01 2.562740958614804754e+02
6.945695695695696115e-01 2.562302982501787483e+02
6.954454454454453982e-01 2.561860518535113442e+02
6.963213213213212960e-01 2.561397046978203207e+02
6.971971971971971938e-01 2.560933575421292971e+02
6.980730730730730915e-01 2.560470103864382736e+02
6.989489489489489893e-01 2.560006632307472501e+02
6.998248248248247760e-01 2.559543160750562265e+02
7.007007007007006738e-01 2.559079689193652030e+02
7.015765765765765716e-01 2.558616217636741794e+02
7.024524524524524693e-01 2.558152746079831559e+02
7.033283283283283671e-01 2.557689274522921323e+02
7.042042042042041539e-01 2.557225802966011088e+02
7.050800800800800516e-01 2.556761749586074188e+02
7.059559559559559494e-01 2.556297530167472019e+02
7.068318318318318472e-01 2.555833310748870417e+02
7.077077077077077449e-01 2.555369091330268247e+02
7.085835835835835317e-01 2.554904871911666646e+02
7.094594594594594295e-01 2.554440652493065045e+02
7.103353353353353272e-01 2.553976433074463159e+02
7.112112112112112250e-01 2.553512213655861274e+02
7.120870870870871228e-01 2.553044708654272767e+02
7.129629629629629095e-01 2.552576170244799414e+02
7.138388388388388073e-01 2.552107631835325776e+02
7.147147147147147050e-01 2.551639093425852138e+02
7.155905905905906028e-01 2.551170555016378785e+02
7.164664664664665006e-01 2.550702016606905431e+02
7.173423423423422873e-01 2.550233478197431509e+02
7.182182182182181851e-01 2.549764939787958156e+02
7.190940940940940829e-01 2.549296401378484802e+02
7.199699699699699806e-01 2.548827862969011164e+02
7.208458458458458784e-01 2.548359324559537527e+02
7.217217217217216652e-01 2.547890786150064173e+02
7.225975975975975629e-01 2.547422247740590819e+02
7.234734734734734607e-01 2.546953709331117466e+02
7.243493493493493585e-01 2.546485170921643828e+02
7.252252252252252562e-01 2.546016632512170474e+02
7.261011011011010430e-01 2.545548094102696837e+02
7.269769769769769407e-01 2.545079555693223483e+02
7.278528528528528385e-01 2.544611017283749845e+02
7.287287287287287363e-01 2.544142478874276492e+02
7.296046046046046341e-01 2.543673279902041315e+02
7.304804804804804208e-01 2.543200371837451428e+02
7.313563563563563186e-01 2.542724269402398534e+02
7.322322322322322163e-01 2.542225598170187482e+02
7.331081081081081141e-01 2.541724820641068447e+02
7.339839839839840119e-01 2.541176725634525724e+02
7.348598598598597986e-01 2.540660684315476487e+02
7.357357357357356964e-01 2.540144642996427535e+02
7.366116116116115942e-01 2.539629424396130162e+02
7.374874874874874919e-01 2.539126769873855665e+02
7.383633633633633897e-01 2.538624115351581167e+02
7.392392392392392875e-01 2.538121460829306670e+02
7.401151151151150742e-01 2.537618806307031605e+02
7.409909909909909720e-01 2.537116151784757108e+02
7.418668668668668698e-01 2.536613497262482326e+02
7.427427427427427675e-01 2.536110842740207545e+02
7.436186186186186653e-01 2.535608188217933048e+02
7.444944944944944520e-01 2.535105533695657982e+02
7.453703703703703498e-01 2.534602879173383769e+02
7.462462462462462476e-01 2.534100224651108988e+02
7.471221221221221453e-01 2.533597570128834207e+02
7.479979979979980431e-01 2.533094915606559709e+02
7.488738738738738299e-01 2.532592261084284928e+02
7.497497497497497276e-01 2.532089606562010431e+02
7.506256256256256254e-01 2.531586952039735365e+02
7.515015015015015232e-01 2.531094251461216231e+02
7.523773773773774209e-01 2.530655602288711634e+02
7.532532532532532077e-01 2.530200752733817922e+02
7.541291291291291055e-01 2.529726445089826825e+02
7.550050050050050032e-01 2.529252137445835729e+02
7.558808808808809010e-01 2.528777829801845201e+02
7.567567567567567988e-01 2.528303522157854388e+02
7.576326326326325855e-01 2.527829214513863576e+02
7.585085085085084833e-01 2.527354906869873048e+02
7.593843843843843811e-01 2.526872114291873288e+02
7.602602602602602788e-01 2.526388716590488173e+02
7.611361361361361766e-01 2.525911902022049276e+02
7.620120120120119633e-01 2.525446298972555041e+02
7.628878878878878611e-01 2.524980695923060807e+02
7.637637637637637589e-01 2.524515092873566005e+02
7.646396396396396566e-01 2.524049489824071770e+02
7.655155155155155544e-01 2.523583886774577536e+02
7.663913913913913412e-01 2.523118283725083302e+02
7.672672672672672389e-01 2.522652680675588783e+02
7.681431431431431367e-01 2.522187077626094265e+02
7.690190190190190345e-01 2.521721474576600031e+02
7.698948948948949322e-01 2.521255871527105512e+02
7.707707707707707190e-01 2.520790268477611562e+02
7.716466466466466168e-01 2.520324665428116759e+02
7.725225225225225145e-01 2.519859062378622525e+02
7.733983983983984123e-01 2.519393459329128291e+02
7.742742742742743101e-01 2.518927856279633772e+02
7.751501501501500968e-01 2.518455174191502977e+02
7.760260260260259946e-01 2.517966265717556666e+02
7.769019019019018923e-01 2.517477357243610925e+02
7.777777777777777901e-01 2.516988448769664899e+02
7.786536536536536879e-01 2.516499540295718873e+02
7.795295295295294746e-01 2.516010631821773131e+02
7.804054054054053724e-01 2.515521723347827105e+02
7.812812812812812702e-01 2.515032814873881364e+02
7.821571571571571679e-01 2.514544896878243208e+02
7.830330330330330657e-01 2.514058629243121743e+02
7.839089089089088525e-01 2.513572361608000278e+02
7.847847847847847502e-01 2.513086093972879098e+02
7.856606606606606480e-01 2.512598819551107283e+02
7.865365365365365458e-01 2.512110070974921996e+02
7.874124124124124435e-01 2.511621322398736424e+02
7.882882882882882303e-01 2.511132573822551421e+02
7.891641641641641280e-01 2.510643825246366134e+02
7.900400400400400258e-01 2.510155076670181131e+02
7.909159159159159236e-01 2.509666328093995560e+02
7.917917917917918214e-01 2.509171828178963324e+02
7.926676676676676081e-01 2.508673470204404339e+02
7.935435435435435059e-01 2.508175112229845354e+02
7.944194194194194036e-01 2.507676754255286369e+02
7.952952952952953014e-01 2.507178396280727384e+02
7.961711711711711992e-01 2.506680038306168115e+02
7.970470470470469859e-01 2.506181680331609130e+02
7.979229229229228837e-01 2.505683322357049860e+02
7.987987987987987815e-01 2.505184964382490875e+02
7.996746746746746792e-01 2.504686606407931890e+02
8.005505505505505770e-01 2.504188248433372905e+02
8.014264264264264748e-01 2.503688910108338064e+02
8.023023023023022615e-01 2.503188478614818848e+02
8.031781781781781593e-01 2.502688047121299633e+02
8.040540540540540571e-01 2.502195175218565453e+02
8.049299299299299548e-01 2.501702535756666634e+02
8.058058058058058526e-01 2.501209896294767816e+02
8.066816816816816393e-01 2.500717256832869282e+02
8.075575575575575371e-01 2.500224617370970748e+02
8.084334334334334349e-01 2.499731977909072214e+02
8.093093093093093326e-01 2.499235301770055742e+02
8.101851851851852304e-01 2.498733261932383698e+02
8.110610610610610172e-01 2.498231222094711370e+02
8.119369369369369149e-01 2.497729182257039042e+02
8.128128128128128127e-01 2.497227142419367283e+02
8.136886886886887105e-01 2.496725102581694955e+02
8.145645645645646082e-01 2.496223062744022627e+02
8.154404404404403950e-01 2.495721022906350868e+02
8.163163163163162928e-01 2.495218983068678540e+02
8.171921921921921905e-01 2.494716943231006496e+02
8.180680680680680883e-01 2.494214903393334168e+02
8.189439439439439861e-01 2.493712863555661841e+02
8.198198198198197728e-01 2.493210823717989797e+02
8.206956956956956706e-01 2.492708783880317753e+02
8.215715715715715683e-01 2.492206744042645425e+02
8.224474474474474661e-01 2.491704704204973382e+02
8.233233233233233639e-01 2.491202664367301054e+02
8.241991991991991506e-01 2.490700624529629010e+02
8.250750750750750484e-01 2.490201782764477230e+02
8.259509509509509462e-01 2.489726483543059032e+02
8.268268268268268439e-01 2.489251184321640835e+02
8.277027027027027417e-01 2.488775885100222638e+02
8.285785785785785285e-01 2.488300585878804441e+02
8.294544544544544262e-01 2.487776920013412507e+02
8.303303303303303240e-01 2.487252278637291454e+02
8.312062062062062218e-01 2.486727637261169832e+02
8.320820820820821195e-01 2.486212521071451533e+02
8.329579579579579063e-01 2.485699054435736173e+02
8.338338338338338041e-01 2.485188163014575480e+02
8.347097097097097018e-01 2.484677813395443877e+02
8.355855855855855996e-01 2.484167463776311990e+02
8.364614614614614974e-01 2.483657114157180388e+02
8.373373373373372841e-01 2.483146764538048501e+02
8.382132132132131819e-01 2.482636414918916614e+02
8.390890890890890796e-01 2.482126065299784727e+02
8.399649649649649774e-01 2.481615715680653125e+02
8.408408408408408752e-01 2.481101309466463931e+02
8.417167167167166619e-01 2.480583796402221992e+02
8.425925925925925597e-01 2.480066283337979769e+02
8.434684684684684575e-01 2.479547066651684872e+02
8.443443443443443552e-01 2.479024522899118779e+02
8.452202202202202530e-01 2.478501979146552685e+02
8.460960960960960398e-01 2.477979435393986591e+02
8.469719719719719375e-01 2.477456891641420782e+02
8.478478478478478353e-01 2.476934347888854688e+02
8.487237237237237331e-01 2.476411804136288879e+02
8.495995995995996308e-01 2.475889260383722785e+02
8.504754754754754176e-01 2.475366716631156692e+02
8.513513513513513153e-01 2.474844172878590882e+02
8.522272272272272131e-01 2.474321629126025073e+02
8.531031031031031109e-01 2.473823098055913192e+02
8.539789789789790087e-01 2.473329800872221540e+02
8.548548548548547954e-01 2.472836503688529888e+02
8.557307307307306932e-01 2.472343206504837951e+02
8.566066066066065909e-01 2.471849909321146015e+02
8.574824824824824887e-01 2.471356879923229712e+02
8.583583583583583865e-01 2.470864434483044647e+02
8.592342342342341732e-01 2.470371989042859582e+02
8.601101101101100710e-01 2.469879543602674232e+02
8.609859859859859688e-01 2.469386661135804388e+02
8.618618618618618665e-01 2.468893744814816387e+02
8.627377377377377643e-01 2.468400828493828669e+02
8.636136136136135510e-01 2.467907912172840952e+02
8.644894894894894488e-01 2.467414995851853519e+02
8.653653653653653466e-01 2.466922079530865517e+02
8.662412412412412444e-01 2.466429163209878084e+02
8.671171171171171421e-01 2.465936246888890082e+02
8.679929929929930399e-01 2.465443330567902080e+02
8.688688688688688266e-01 2.464950414246914363e+02
8.697447447447447244e-01 2.464457497925926646e+02
8.706206206206206222e-01 2.463964581604938644e+02
8.714964964964965199e-01 2.463471665283950927e+02
8.723723723723724177e-01 2.462978748962963493e+02
8.732482482482482045e-01 2.462485832641975492e+02
8.741241241241241022e-01 2.461992916320987774e+02
8.750000000000000000e-01 2.461499999999999773e+02
