LineProbe
number of points: 1000 (fixed)
point 0: [0. 0. 0.]
point 1: [0.1023 0.     0.    ]
-----

# T 1000
0.000000000000000000e+00 2.534105031496074503e+02
1.024024024024024014e-04 2.534106914317723351e+02
2.048048048048048029e-04 2.534108797139371632e+02
3.072072072072072179e-04 2.534110679961020480e+02
4.096096096096096058e-04 2.534112562782668476e+02
5.120120120120119937e-04 2.534114445604317609e+02
6.144144144144144358e-04 2.534116328425965889e+02
7.168168168168167695e-04 2.534118211247614738e+02
8.192192192192192116e-04 2.534120094069263303e+02
9.216216216216216537e-04 2.534121976890911583e+02
1.024024024024023987e-03 2.534123859712560147e+02
1.126426426426426321e-03 2.534125742534208996e+02
1.228828828828828872e-03 2.534127625355857845e+02
1.331231231231231205e-03 2.534129508177506409e+02
1.433633633633633539e-03 2.534131390999154405e+02
1.536036036036036089e-03 2.534133273820802970e+02
1.638438438438438423e-03 2.534135156642452102e+02
1.740840840840840757e-03 2.534137039464100098e+02
1.843243243243243307e-03 2.534138922285748663e+02
1.945645645645645641e-03 2.534140805107397796e+02
2.048048048048047975e-03 2.534142687929046076e+02
2.150450450450450308e-03 2.534144570750694356e+02
2.252852852852852642e-03 2.534146453572343489e+02
2.355255255255255410e-03 2.534148341065812247e+02
2.457657657657657743e-03 2.534150234837679818e+02
2.560060060060060077e-03 2.534152128609547390e+02
2.662462462462462411e-03 2.534154022381414677e+02
2.764864864864864744e-03 2.534155916153282249e+02
2.867267267267267078e-03 2.534157809925150104e+02
2.969669669669669845e-03 2.534159703697017676e+02
3.072072072072072179e-03 2.534161597468884963e+02
3.174474474474474513e-03 2.534163491240752819e+02
3.276876876876876846e-03 2.534165385012619822e+02
3.379279279279279180e-03 2.534167278784487394e+02
3.481681681681681514e-03 2.534169172556354965e+02
3.584084084084083847e-03 2.534171066328222537e+02
3.686486486486486615e-03 2.534172960100089824e+02
3.788888888888888948e-03 2.534174853871957680e+02
3.891291291291291282e-03 2.534176747643825252e+02
3.993693693693694050e-03 2.534178641415692255e+02
4.096096096096095950e-03 2.534180531715738880e+02
4.198498498498498717e-03 2.534182419902502943e+02
4.300900900900900617e-03 2.534184308089266437e+02
4.403303303303303384e-03 2.534186196276029932e+02
4.505705705705705284e-03 2.534188084462794279e+02
4.608108108108108052e-03 2.534189972649557490e+02
4.710510510510510819e-03 2.534191841901148905e+02
4.812912912912912719e-03 2.534193708271646415e+02
4.915315315315315486e-03 2.534195364923454576e+02
5.017717717717717386e-03 2.534196647503038662e+02
5.120120120120120154e-03 2.534197930082622179e+02
5.222522522522522054e-03 2.534199212662205696e+02
5.324924924924924821e-03 2.534200495241789781e+02
5.427327327327327589e-03 2.534201777821373298e+02
5.529729729729729489e-03 2.534203060400957099e+02
5.632132132132132256e-03 2.534204342980540900e+02
5.734534534534534156e-03 2.534205691792661526e+02
5.836936936936936923e-03 2.534207058847529765e+02
5.939339339339339691e-03 2.534208425902397721e+02
6.041741741741741591e-03 2.534209792957266245e+02
6.144144144144144358e-03 2.534211160012134485e+02
6.246546546546546258e-03 2.534212527067002725e+02
6.348948948948949025e-03 2.534213894121870680e+02
6.451351351351350925e-03 2.534215261176739205e+02
6.553753753753753693e-03 2.534216628231607444e+02
6.656156156156156460e-03 2.534217995286475684e+02
6.758558558558558360e-03 2.534219362341343924e+02
6.860960960960961127e-03 2.534220729396212164e+02
6.963363363363363027e-03 2.534222096451080688e+02
7.065765765765765795e-03 2.534223463505948644e+02
7.168168168168167695e-03 2.534224830560816883e+02
7.270570570570570462e-03 2.534226197615685408e+02
7.372972972972973230e-03 2.534227564670553647e+02
7.475375375375375130e-03 2.534228931725421603e+02
7.577777777777777897e-03 2.534230298780289559e+02
7.680180180180179797e-03 2.534231665835158651e+02
7.782582582582582564e-03 2.534233032890026607e+02
7.884984984984985332e-03 2.534234399944894847e+02
7.987387387387388099e-03 2.534235766999763371e+02
8.089789789789789132e-03 2.534237134054631042e+02
8.192192192192191899e-03 2.534238501109499566e+02
8.294594594594594666e-03 2.534239868164367806e+02
8.396996996996997434e-03 2.534241235219236046e+02
8.499399399399398466e-03 2.534242602274104001e+02
8.601801801801801234e-03 2.534243969328972526e+02
8.704204204204204001e-03 2.534245336383841050e+02
8.806606606606606769e-03 2.534246703438709289e+02
8.909009009009009536e-03 2.534248070493577245e+02
9.011411411411410569e-03 2.534249389594517652e+02
9.113813813813813336e-03 2.534250252434169681e+02
9.216216216216216103e-03 2.534251115273821142e+02
9.318618618618618871e-03 2.534251978113473172e+02
9.421021021021021638e-03 2.534252840953124633e+02
9.523423423423422671e-03 2.534253703792776378e+02
9.625825825825825438e-03 2.534254566632427839e+02
9.728228228228228205e-03 2.534255429472079868e+02
9.830630630630630973e-03 2.534256292311731329e+02
9.933033033033033740e-03 2.534257155151383358e+02
1.003543543543543477e-02 2.534258017991034819e+02
1.013783783783783754e-02 2.534258880830686564e+02
1.024024024024024031e-02 2.534259743670338025e+02
1.034264264264264307e-02 2.534260606509990055e+02
1.044504504504504411e-02 2.534261469349641516e+02
1.054744744744744687e-02 2.534262332189293545e+02
1.064984984984984964e-02 2.534263195028945290e+02
1.075225225225225241e-02 2.534264057868597035e+02
1.085465465465465518e-02 2.534264920708248781e+02
1.095705705705705621e-02 2.534265783547900242e+02
1.105945945945945898e-02 2.534266646387551987e+02
1.116186186186186174e-02 2.534267509227203732e+02
1.126426426426426451e-02 2.534268372066855477e+02
1.136666666666666728e-02 2.534269234906507222e+02
1.146906906906906831e-02 2.534270097746158967e+02
1.157147147147147108e-02 2.534270960585810712e+02
1.167387387387387385e-02 2.534271823425462173e+02
1.177627627627627661e-02 2.534272686265113634e+02
1.187867867867867938e-02 2.534273549104765664e+02
1.198108108108108041e-02 2.534274411944417125e+02
1.208348348348348318e-02 2.534275274784069154e+02
1.218588588588588595e-02 2.534276137623720615e+02
1.228828828828828872e-02 2.534277000463372360e+02
1.239069069069068975e-02 2.534277863303024105e+02
1.249309309309309252e-02 2.534278660088096160e+02
1.259549549549549528e-02 2.534279407483816158e+02
1.269789789789789805e-02 2.534279937316825908e+02
1.280030030030030082e-02 2.534280424560319602e+02
1.290270270270270185e-02 2.534280918386536712e+02
1.300510510510510462e-02 2.534281448619976231e+02
1.310750750750750739e-02 2.534281978853415751e+02
1.320990990990991015e-02 2.534282509086855271e+02
1.331231231231231292e-02 2.534283039320294790e+02
1.341471471471471395e-02 2.534283569553733741e+02
1.351711711711711672e-02 2.534284099787173261e+02
1.361951951951951949e-02 2.534284630020612781e+02
1.372192192192192225e-02 2.534285160254052585e+02
1.382432432432432502e-02 2.534285690487492104e+02
1.392672672672672605e-02 2.534286220720931624e+02
1.402912912912912882e-02 2.534286750954371144e+02
1.413153153153153159e-02 2.534287281187810663e+02
1.423393393393393436e-02 2.534287811421250183e+02
1.433633633633633539e-02 2.534288341654689702e+02
1.443873873873873816e-02 2.534288871888128938e+02
1.454114114114114092e-02 2.534289402121568742e+02
1.464354354354354369e-02 2.534289932355007977e+02
1.474594594594594646e-02 2.534290462588447781e+02
1.484834834834834749e-02 2.534290992821887016e+02
1.495075075075075026e-02 2.534291523055326820e+02
1.505315315315315303e-02 2.534292053288766340e+02
1.515555555555555579e-02 2.534292583522205859e+02
1.525795795795795856e-02 2.534293113755645379e+02
1.536036036036035959e-02 2.534293643989084615e+02
1.546276276276276236e-02 2.534294174222524418e+02
1.556516516516516513e-02 2.534294704455963654e+02
1.566756756756756616e-02 2.534295234689403173e+02
1.576996996996997066e-02 2.534295511442775251e+02
1.587237237237237170e-02 2.534295761615579750e+02
1.597477477477477620e-02 2.534296011788383680e+02
1.607717717717717723e-02 2.534296261961187895e+02
1.617957957957957826e-02 2.534296512133992110e+02
1.628198198198198277e-02 2.534296762306796325e+02
1.638438438438438380e-02 2.534297012479600539e+02
1.648678678678678830e-02 2.534297262652404470e+02
1.658918918918918933e-02 2.534297512825208969e+02
1.669159159159159037e-02 2.534297762998012900e+02
1.679399399399399487e-02 2.534298013170817399e+02
1.689639639639639590e-02 2.534298222376547756e+02
1.699879879879879693e-02 2.534298392940690974e+02
1.710120120120120144e-02 2.534298563504834476e+02
1.720360360360360247e-02 2.534298734068977694e+02
1.730600600600600697e-02 2.534298888230943021e+02
1.740840840840840800e-02 2.534298960333198920e+02
1.751081081081080904e-02 2.534299032435454535e+02
1.761321321321321354e-02 2.534299104537710150e+02
1.771561561561561457e-02 2.534299176639966049e+02
1.781801801801801907e-02 2.534299248742221948e+02
1.792042042042042010e-02 2.534299320844477847e+02
1.802282282282282114e-02 2.534299392946733747e+02
1.812522522522522564e-02 2.534299465048989077e+02
1.822762762762762667e-02 2.534299537151245261e+02
1.833003003003003117e-02 2.534299609253500876e+02
1.843243243243243221e-02 2.534299681355756775e+02
1.853483483483483324e-02 2.534299753458012390e+02
1.863723723723723774e-02 2.534299825560268005e+02
1.873963963963963877e-02 2.534299841471494119e+02
1.884204204204204328e-02 2.534299705106809597e+02
1.894444444444444431e-02 2.534299568742125359e+02
1.904684684684684534e-02 2.534299432377440553e+02
1.914924924924924984e-02 2.534299296012756031e+02
1.925165165165165088e-02 2.534299159648071509e+02
1.935405405405405538e-02 2.534299023283386703e+02
1.945645645645645641e-02 2.534298886918702181e+02
1.955885885885885744e-02 2.534298750554017658e+02
1.966126126126126195e-02 2.534298614189333421e+02
1.976366366366366298e-02 2.534298477824648899e+02
1.986606606606606748e-02 2.534298341459963808e+02
1.996846846846846851e-02 2.534298024144704016e+02
2.007087087087086955e-02 2.534297701619952363e+02
2.017327327327327405e-02 2.534297379095200995e+02
2.027567567567567508e-02 2.534297056570449058e+02
2.037807807807807958e-02 2.534296734045697690e+02
2.048048048048048062e-02 2.534296411520945753e+02
2.058288288288288165e-02 2.534296088996194385e+02
2.068528528528528615e-02 2.534295766471442448e+02
2.078768768768768718e-02 2.534295443946691080e+02
2.089009009009008822e-02 2.534295121421939143e+02
2.099249249249249272e-02 2.534294798897187775e+02
2.109489489489489375e-02 2.534294476372435838e+02
2.119729729729729825e-02 2.534294153847683901e+02
2.129969969969969928e-02 2.534293831322932533e+02
2.140210210210210032e-02 2.534293508798181165e+02
2.150450450450450482e-02 2.534293186273429228e+02
2.160690690690690585e-02 2.534292863748677291e+02
2.170930930930931035e-02 2.534292541223925923e+02
2.181171171171171139e-02 2.534292218699173986e+02
2.191411411411411242e-02 2.534291896174422618e+02
2.201651651651651692e-02 2.534291573649670681e+02
2.211891891891891795e-02 2.534291251124919313e+02
2.222132132132132246e-02 2.534290928600167376e+02
2.232372372372372349e-02 2.534290606075416008e+02
2.242612612612612452e-02 2.534290283550664071e+02
2.252852852852852902e-02 2.534289961025912703e+02
2.263093093093093006e-02 2.534289638501160766e+02
2.273333333333333456e-02 2.534289315976409398e+02
2.283573573573573559e-02 2.534288993451657461e+02
2.293813813813813662e-02 2.534288670926906093e+02
2.304054054054054113e-02 2.534288348402154156e+02
2.314294294294294216e-02 2.534288025877402788e+02
2.324534534534534666e-02 2.534287699429827967e+02
2.334774774774774769e-02 2.534287367622866896e+02
2.345015015015014873e-02 2.534287035815905540e+02
2.355255255255255323e-02 2.534286704008944184e+02
2.365495495495495426e-02 2.534286372201982545e+02
2.375735735735735876e-02 2.534286040395021189e+02
2.385975975975975980e-02 2.534285708588059833e+02
2.396216216216216083e-02 2.534285312501071132e+02
2.406456456456456533e-02 2.534284597372255803e+02
2.416696696696696636e-02 2.534283882243441042e+02
2.426936936936937086e-02 2.534283167114625996e+02
2.437177177177177190e-02 2.534282451985810383e+02
2.447417417417417293e-02 2.534281736856995622e+02
2.457657657657657743e-02 2.534281021728180292e+02
2.467897897897897846e-02 2.534280306599364962e+02
2.478138138138137950e-02 2.534279581493781848e+02
2.488378378378378400e-02 2.534278843750770989e+02
2.498618618618618503e-02 2.534278106007760130e+02
2.508858858858858953e-02 2.534277368264748986e+02
2.519099099099099057e-02 2.534276630521738127e+02
2.529339339339339160e-02 2.534275892778726984e+02
2.539579579579579610e-02 2.534275134582951239e+02
2.549819819819819713e-02 2.534274259142521544e+02
2.560060060060060164e-02 2.534273383702092133e+02
2.570300300300300267e-02 2.534272508261662438e+02
2.580540540540540370e-02 2.534271632821232743e+02
2.590780780780780820e-02 2.534270757380803047e+02
2.601021021021020924e-02 2.534269881940373637e+02
2.611261261261261374e-02 2.534269006499943941e+02
2.621501501501501477e-02 2.534268131059513962e+02
2.631741741741741580e-02 2.534267255619084551e+02
2.641981981981982031e-02 2.534266380178654856e+02
2.652222222222222134e-02 2.534265504738225161e+02
2.662462462462462584e-02 2.534264629297795750e+02
2.672702702702702687e-02 2.534263753857366055e+02
2.682942942942942791e-02 2.534262878416936076e+02
2.693183183183183241e-02 2.534262002976506665e+02
2.703423423423423344e-02 2.534261127536077254e+02
2.713663663663663794e-02 2.534260252095647559e+02
2.723903903903903898e-02 2.534259376655217579e+02
2.734144144144144001e-02 2.534258501214788168e+02
2.744384384384384451e-02 2.534257625774358758e+02
2.754624624624624554e-02 2.534256750333929062e+02
2.764864864864865004e-02 2.534255874893499367e+02
2.775105105105105108e-02 2.534254999453069672e+02
2.785345345345345211e-02 2.534254124012639693e+02
2.795585585585585661e-02 2.534253248572210282e+02
2.805825825825825764e-02 2.534252373131780871e+02
2.816066066066065868e-02 2.534251497691350892e+02
2.826306306306306318e-02 2.534250622250921197e+02
2.836546546546546421e-02 2.534249746810491786e+02
2.846786786786786871e-02 2.534248871370062375e+02
2.857027027027026975e-02 2.534247995929632680e+02
2.867267267267267078e-02 2.534247120489202985e+02
2.877507507507507528e-02 2.534246245048773289e+02
2.887747747747747631e-02 2.534245369608343594e+02
2.897987987987988082e-02 2.534244494167913899e+02
2.908228228228228185e-02 2.534243618727484204e+02
2.918468468468468288e-02 2.534242743287054509e+02
2.928708708708708738e-02 2.534241867846625382e+02
2.938948948948948842e-02 2.534240954027299608e+02
2.949189189189189292e-02 2.534239724489930836e+02
2.959429429429429395e-02 2.534238494952562064e+02
2.969669669669669498e-02 2.534237265415193292e+02
2.979909909909909949e-02 2.534236035877825088e+02
2.990150150150150052e-02 2.534234806340456316e+02
3.000390390390390502e-02 2.534233576803087544e+02
3.010630630630630605e-02 2.534232347265718488e+02
3.020870870870870709e-02 2.534231117728349716e+02
3.031111111111111159e-02 2.534229888190981228e+02
3.041351351351351262e-02 2.534228658653612456e+02
3.051591591591591712e-02 2.534227429116243684e+02
3.061831831831831816e-02 2.534226199578874912e+02
3.072072072072071919e-02 2.534224970041506140e+02
3.082312312312312369e-02 2.534223740504137368e+02
3.092552552552552472e-02 2.534222510966768596e+02
3.102792792792792922e-02 2.534221281429399824e+02
3.113033033033033026e-02 2.534220051892031336e+02
3.123273273273273129e-02 2.534218691614186696e+02
3.133513513513513232e-02 2.534217238835406079e+02
3.143753753753753682e-02 2.534215786056625177e+02
3.153993993993994133e-02 2.534214333277844560e+02
3.164234234234233889e-02 2.534212880499064227e+02
3.174474474474474339e-02 2.534211427720283609e+02
3.184714714714714789e-02 2.534209974941502708e+02
3.194954954954955240e-02 2.534208522162722375e+02
3.205195195195194996e-02 2.534207069383941189e+02
3.215435435435435446e-02 2.534205616605160856e+02
3.225675675675675896e-02 2.534204163826380238e+02
3.235915915915915653e-02 2.534202711047599905e+02
3.246156156156156103e-02 2.534201258268818719e+02
3.256396396396396553e-02 2.534199728370001594e+02
3.266636636636636309e-02 2.534197995420448137e+02
3.276876876876876760e-02 2.534196262470894965e+02
3.287117117117117210e-02 2.534194529521341508e+02
3.297357357357357660e-02 2.534192796571787483e+02
3.307597597597597416e-02 2.534191063622234026e+02
3.317837837837837867e-02 2.534189330672680001e+02
3.328078078078078317e-02 2.534187597723126828e+02
3.338318318318318073e-02 2.534185864773572803e+02
3.348558558558558523e-02 2.534184131824019346e+02
3.358798798798798974e-02 2.534182398874465889e+02
3.369039039039038730e-02 2.534180665924912432e+02
3.379279279279279180e-02 2.534178932975358407e+02
3.389519519519519630e-02 2.534177200025804950e+02
3.399759759759759387e-02 2.534175467076250925e+02
3.409999999999999837e-02 2.534173734126697468e+02
3.420240240240240287e-02 2.534172001177144011e+02
3.430480480480480737e-02 2.534170268227590270e+02
3.440720720720720494e-02 2.534168535278037098e+02
3.450960960960960944e-02 2.534166802328483357e+02
3.461201201201201394e-02 2.534165069378929331e+02
3.471441441441441150e-02 2.534163336429375875e+02
3.481681681681681600e-02 2.534161603479822418e+02
3.491921921921922051e-02 2.534159870530268677e+02
3.502162162162161807e-02 2.534158157174353789e+02
3.512402402402402257e-02 2.534156474792933125e+02
3.522642642642642707e-02 2.534154792411513029e+02
3.532882882882883158e-02 2.534153110030092364e+02
3.543123123123122914e-02 2.534151427648672268e+02
3.553363363363363364e-02 2.534149745267252172e+02
3.563603603603603814e-02 2.534148062885831507e+02
3.573843843843843571e-02 2.534146380504410843e+02
3.584084084084084021e-02 2.534144698122990462e+02
3.594324324324324471e-02 2.534143015741570082e+02
3.604564564564564227e-02 2.534141333360149986e+02
3.614804804804804678e-02 2.534139650978729605e+02
3.625045045045045128e-02 2.534137968597309509e+02
3.635285285285285578e-02 2.534136286215888276e+02
3.645525525525525334e-02 2.534134601483198139e+02
3.655765765765765785e-02 2.534132887504594578e+02
3.666006006006006235e-02 2.534131173525991301e+02
3.676246246246245991e-02 2.534129459547388024e+02
3.686486486486486441e-02 2.534127745568784462e+02
3.696726726726726892e-02 2.534126031590181469e+02
3.706966966966966648e-02 2.534124317611577908e+02
3.717207207207207098e-02 2.534122603632974631e+02
3.727447447447447548e-02 2.534120889654371069e+02
3.737687687687687998e-02 2.534119175675767792e+02
3.747927927927927755e-02 2.534117461697163947e+02
3.758168168168168205e-02 2.534115747718560954e+02
3.768408408408408655e-02 2.534113785653173068e+02
3.778648648648648412e-02 2.534111553105337009e+02
3.788888888888888862e-02 2.534109320557501235e+02
3.799129129129129312e-02 2.534107088009665176e+02
3.809369369369369068e-02 2.534104855461829118e+02
3.819609609609609518e-02 2.534102627284480036e+02
3.829849849849849969e-02 2.534100414866222195e+02
3.840090090090089725e-02 2.534098202447964070e+02
3.850330330330330175e-02 2.534095990029706513e+02
3.860570570570570625e-02 2.534093777611448388e+02
3.870810810810811076e-02 2.534091565193190547e+02
3.881051051051050832e-02 2.534089352774932422e+02
3.891291291291291282e-02 2.534087140356674581e+02
3.901531531531531732e-02 2.534084927938416456e+02
3.911771771771771489e-02 2.534082715520158899e+02
3.922012012012011939e-02 2.534080503101900774e+02
3.932252252252252389e-02 2.534078290683642649e+02
3.942492492492492145e-02 2.534076078265384524e+02
3.952732732732732596e-02 2.534073865847126683e+02
3.962972972972973046e-02 2.534071653428868842e+02
3.973213213213213496e-02 2.534069441010610717e+02
3.983453453453453252e-02 2.534067228592352876e+02
3.993693693693693703e-02 2.534065016174094751e+02
4.003933933933934153e-02 2.534062803755836910e+02
4.014174174174173909e-02 2.534060591337578785e+02
4.024414414414414359e-02 2.534058378919320944e+02
4.034654654654654810e-02 2.534056166501063103e+02
4.044894894894894566e-02 2.534053954082805262e+02
4.055135135135135016e-02 2.534051741664547137e+02
4.065375375375375466e-02 2.534049529246289012e+02
4.075615615615615916e-02 2.534047316828030887e+02
4.085855855855855673e-02 2.534045104409773330e+02
4.096096096096096123e-02 2.534042893294663372e+02
4.106336336336336573e-02 2.534040705272041407e+02
4.116576576576576330e-02 2.534038517249420011e+02
4.126816816816816780e-02 2.534036329226798330e+02
4.137057057057057230e-02 2.534034141204176649e+02
4.147297297297296986e-02 2.534031953181555537e+02
4.157537537537537436e-02 2.534029765158933856e+02
4.167777777777777887e-02 2.534027577136312175e+02
4.178018018018017643e-02 2.534025389113690494e+02
4.188258258258258093e-02 2.534023201091068813e+02
4.198498498498498543e-02 2.534021013068447701e+02
4.208738738738738994e-02 2.534018825045826020e+02
4.218978978978978750e-02 2.534016637023204339e+02
4.229219219219219200e-02 2.534014449000582943e+02
4.239459459459459650e-02 2.534012260977961546e+02
4.249699699699699407e-02 2.534010072955339865e+02
4.259939939939939857e-02 2.534007884932718184e+02
4.270180180180180307e-02 2.534005696910096788e+02
4.280420420420420063e-02 2.534003508887474823e+02
4.290660660660660514e-02 2.534001320864853710e+02
4.300900900900900964e-02 2.533998736893738624e+02
4.311141141141141414e-02 2.533996052746496730e+02
4.321381381381381170e-02 2.533993368599255120e+02
4.331621621621621621e-02 2.533990684568411780e+02
4.341861861861862071e-02 2.533988001291326668e+02
4.352102102102101827e-02 2.533985318014241841e+02
4.362342342342342277e-02 2.533982634737156445e+02
4.372582582582582728e-02 2.533979951460071618e+02
4.382822822822822484e-02 2.533977268182986506e+02
4.393063063063062934e-02 2.533974584905901111e+02
4.403303303303303384e-02 2.533971901628816283e+02
4.413543543543543834e-02 2.533969218351731172e+02
4.423783783783783591e-02 2.533966535074646060e+02
4.434024024024024041e-02 2.533963851797560949e+02
4.444264264264264491e-02 2.533961168520476122e+02
4.454504504504504248e-02 2.533958485243390726e+02
4.464744744744744698e-02 2.533955801966305899e+02
4.474984984984985148e-02 2.533953118689220503e+02
4.485225225225224904e-02 2.533950435412135676e+02
4.495465465465465354e-02 2.533947752135050564e+02
4.505705705705705805e-02 2.533945068857965452e+02
4.515945945945945561e-02 2.533942385580880341e+02
4.526186186186186011e-02 2.533939537482370383e+02
4.536426426426426461e-02 2.533936646672088955e+02
4.546666666666666912e-02 2.533933755861807526e+02
4.556906906906906668e-02 2.533930865051526098e+02
4.567147147147147118e-02 2.533927974241244669e+02
4.577387387387387568e-02 2.533925083430963241e+02
4.587627627627627325e-02 2.533922192620682097e+02
4.597867867867867775e-02 2.533919301810400384e+02
4.608108108108108225e-02 2.533916411000118956e+02
4.618348348348347981e-02 2.533913520189837811e+02
4.628588588588588432e-02 2.533910629379556383e+02
4.638828828828828882e-02 2.533907738569274954e+02
4.649069069069069332e-02 2.533904847758993526e+02
4.659309309309309088e-02 2.533901956948712098e+02
4.669549549549549539e-02 2.533899066138430669e+02
4.679789789789789989e-02 2.533896175328148956e+02
4.690030030030029745e-02 2.533893284517867812e+02
4.700270270270270195e-02 2.533890393707586099e+02
4.710510510510510646e-02 2.533887502897305239e+02
4.720750750750750402e-02 2.533884612087023811e+02
4.730990990990990852e-02 2.533881721276742098e+02
4.741231231231231302e-02 2.533878830466460954e+02
4.751471471471471753e-02 2.533875939656179526e+02
4.761711711711711509e-02 2.533873048845898097e+02
4.771951951951951959e-02 2.533870158035616669e+02
4.782192192192192409e-02 2.533867267225335240e+02
4.792432432432432166e-02 2.533864376415053812e+02
4.802672672672672616e-02 2.533861485604772383e+02
4.812912912912913066e-02 2.533858594794490955e+02
4.823153153153152822e-02 2.533855630019467071e+02
4.833393393393393273e-02 2.533852662962928832e+02
4.843633633633633723e-02 2.533849695906390309e+02
4.853873873873874173e-02 2.533846728849852070e+02
4.864114114114113929e-02 2.533843761793313831e+02
4.874354354354354379e-02 2.533840718802974834e+02
4.884594594594594830e-02 2.533837674929472712e+02
4.894834834834834586e-02 2.533834631055970590e+02
4.905075075075075036e-02 2.533831587182468752e+02
4.915315315315315486e-02 2.533828543308966630e+02
4.925555555555555243e-02 2.533825499435464508e+02
4.935795795795795693e-02 2.533822455561962670e+02
4.946036036036036143e-02 2.533819411688460548e+02
4.956276276276275899e-02 2.533816367814958141e+02
4.966516516516516350e-02 2.533813323941456588e+02
4.976756756756756800e-02 2.533810302531030914e+02
4.986996996996997250e-02 2.533807308929243050e+02
4.997237237237237006e-02 2.533804277249807910e+02
5.007477477477477457e-02 2.533800970272833979e+02
5.017717717717717907e-02 2.533797663295859479e+02
5.027957957957957663e-02 2.533794356318885832e+02
5.038198198198198113e-02 2.533791049341911616e+02
5.048438438438438564e-02 2.533787742364937401e+02
5.058678678678678320e-02 2.533784435387963754e+02
5.068918918918918770e-02 2.533781128410988970e+02
5.079159159159159220e-02 2.533777821434015323e+02
5.089399399399399671e-02 2.533774514457041107e+02
5.099639639639639427e-02 2.533771207480066892e+02
5.109879879879879877e-02 2.533767900503092960e+02
5.120120120120120327e-02 2.533764593526118745e+02
5.130360360360360084e-02 2.533761286549144813e+02
5.140600600600600534e-02 2.533757979572170029e+02
5.150840840840840984e-02 2.533754672595196666e+02
5.161081081081080740e-02 2.533751365618222167e+02
5.171321321321321191e-02 2.533748058641248235e+02
5.181561561561561641e-02 2.533744751664274304e+02
5.191801801801802091e-02 2.533741444687299804e+02
5.202042042042041847e-02 2.533738137710325873e+02
5.212282282282282297e-02 2.533734830733351657e+02
5.222522522522522748e-02 2.533731523756377442e+02
5.232762762762762504e-02 2.533728216779403795e+02
5.243003003003002954e-02 2.533724909802429295e+02
5.253243243243243404e-02 2.533721602825455363e+02
5.263483483483483161e-02 2.533718295848481148e+02
5.273723723723723611e-02 2.533714988871507217e+02
5.283963963963964061e-02 2.533711681894533001e+02
5.294204204204203817e-02 2.533708374917558501e+02
5.304444444444444268e-02 2.533705067940584570e+02
5.314684684684684718e-02 2.533701760963610354e+02
5.324924924924925168e-02 2.533698453986636707e+02
5.335165165165164924e-02 2.533695147009662207e+02
5.345405405405405375e-02 2.533691840032688276e+02
5.355645645645645825e-02 2.533688533055714061e+02
5.365885885885885581e-02 2.533685226078740129e+02
5.376126126126126031e-02 2.533681919101765914e+02
5.386366366366366482e-02 2.533678612124791698e+02
5.396606606606606238e-02 2.533675305147817483e+02
5.406846846846846688e-02 2.533671998170843551e+02
5.417087087087087138e-02 2.533668691193869620e+02
5.427327327327327589e-02 2.533665384216895120e+02
5.437567567567567345e-02 2.533662077239921473e+02
5.447807807807807795e-02 2.533658770262946973e+02
5.458048048048048245e-02 2.533655463285973042e+02
5.468288288288288002e-02 2.533652156308998826e+02
5.478528528528528452e-02 2.533648849332024895e+02
5.488768768768768902e-02 2.533645542355050679e+02
5.499009009009008658e-02 2.533642037942221066e+02
5.509249249249249109e-02 2.533638357700055792e+02
5.519489489489489559e-02 2.533634677457890234e+02
5.529729729729730009e-02 2.533630997215725529e+02
5.539969969969969765e-02 2.533627316973560539e+02
5.550210210210210215e-02 2.533623636731395266e+02
5.560450450450450666e-02 2.533619956489229708e+02
5.570690690690690422e-02 2.533616276247064434e+02
5.580930930930930872e-02 2.533612596004899729e+02
5.591171171171171322e-02 2.533608915762734739e+02
5.601411411411411079e-02 2.533605235520568897e+02
5.611651651651651529e-02 2.533601555278403907e+02
5.621891891891891979e-02 2.533597875036239202e+02
5.632132132132131735e-02 2.533594194794073928e+02
5.642372372372372186e-02 2.533590514551908370e+02
5.652612612612612636e-02 2.533586834309743381e+02
5.662852852852853086e-02 2.533583154067578391e+02
5.673093093093092842e-02 2.533579473825413118e+02
5.683333333333333293e-02 2.533575793583248128e+02
5.693573573573573743e-02 2.533572113341082854e+02
5.703813813813813499e-02 2.533568433098917581e+02
5.714054054054053949e-02 2.533564752856752591e+02
5.724294294294294400e-02 2.533561072614587317e+02
5.734534534534534156e-02 2.533557392372421759e+02
5.744774774774774606e-02 2.533553712130257054e+02
5.755015015015015056e-02 2.533550031888091780e+02
5.765255255255255507e-02 2.533546351645926507e+02
5.775495495495495263e-02 2.533542671403761801e+02
5.785735735735735713e-02 2.533538991161596243e+02
5.795975975975976163e-02 2.533535310919431254e+02
5.806216216216215920e-02 2.533531630677266264e+02
5.816456456456456370e-02 2.533527950435100706e+02
5.826696696696696820e-02 2.533524270192936001e+02
5.836936936936936576e-02 2.533520589950770443e+02
5.847177177177177027e-02 2.533516909708605453e+02
5.857417417417417477e-02 2.533513229466440180e+02
5.867657657657657927e-02 2.533509549224275474e+02
5.877897897897897683e-02 2.533505868982109916e+02
5.888138138138138133e-02 2.533502188739944643e+02
5.898378378378378584e-02 2.533498508497779653e+02
5.908618618618618340e-02 2.533494828255614379e+02
5.918858858858858790e-02 2.533491148013449390e+02
5.929099099099099240e-02 2.533487467771284400e+02
5.939339339339338997e-02 2.533483787529118842e+02
5.949579579579579447e-02 2.533480107286953853e+02
5.959819819819819897e-02 2.533476427044788863e+02
5.970060060060060347e-02 2.533472746802623590e+02
5.980300300300300104e-02 2.533469066560458032e+02
5.990540540540540554e-02 2.533465386318293326e+02
6.000780780780781004e-02 2.533461706076128053e+02
6.011021021021020760e-02 2.533458025833962779e+02
6.021261261261261211e-02 2.533454345591797505e+02
6.031501501501501661e-02 2.533450665349632231e+02
6.041741741741741417e-02 2.533446985107467526e+02
6.051981981981981867e-02 2.533443304865302252e+02
6.062222222222222318e-02 2.533439624623136979e+02
6.072462462462462074e-02 2.533435944380971705e+02
6.082702702702702524e-02 2.533432264138806431e+02
6.092942942942942974e-02 2.533428583896641726e+02
6.103183183183183425e-02 2.533424903654476452e+02
6.113423423423423181e-02 2.533421223412311178e+02
6.123663663663663631e-02 2.533417543170145905e+02
6.133903903903904081e-02 2.533413862927980915e+02
6.144144144144143838e-02 2.533410182685815641e+02
6.154384384384384288e-02 2.533406502443650652e+02
6.164624624624624738e-02 2.533402632793713565e+02
6.174864864864864494e-02 2.533398745396460754e+02
6.185105105105104945e-02 2.533394858478907850e+02
6.195345345345345395e-02 2.533390833039367749e+02
6.205585585585585845e-02 2.533386779935256072e+02
6.215825825825825601e-02 2.533382726831144396e+02
6.226066066066066051e-02 2.533378673727032435e+02
6.236306306306306502e-02 2.533374620622920474e+02
6.246546546546546258e-02 2.533370567518808230e+02
6.256786786786787402e-02 2.533366514414696553e+02
6.267027027027026465e-02 2.533362461310584308e+02
6.277267267267266915e-02 2.533358408206472632e+02
6.287507507507507365e-02 2.533354355102360671e+02
6.297747747747747815e-02 2.533350301998248710e+02
6.307987987987988265e-02 2.533346248894136750e+02
6.318228228228228716e-02 2.533342195790024789e+02
6.328468468468467778e-02 2.533338142685912828e+02
6.338708708708708228e-02 2.533334089581800868e+02
6.348948948948948678e-02 2.533330036477689191e+02
6.359189189189189129e-02 2.533325983373576946e+02
6.369429429429429579e-02 2.533321930269465270e+02
6.379669669669670029e-02 2.533317877165353025e+02
6.389909909909910479e-02 2.533313824061241064e+02
6.400150150150149542e-02 2.533309770957129103e+02
6.410390390390389992e-02 2.533305717853017143e+02
6.420630630630630442e-02 2.533301664748905466e+02
6.430870870870870892e-02 2.533297611644793221e+02
6.441111111111111343e-02 2.533293558540681261e+02
6.451351351351351793e-02 2.533289505436569016e+02
6.461591591591590855e-02 2.533285452332457339e+02
6.471831831831831305e-02 2.533281399228345663e+02
6.482072072072071756e-02 2.533277346124233986e+02
6.492312312312312206e-02 2.533273293020121741e+02
6.502552552552552656e-02 2.533269239916009496e+02
6.512792792792793106e-02 2.533265186811897252e+02
6.523033033033033556e-02 2.533261133707785575e+02
6.533273273273272619e-02 2.533257080603673899e+02
6.543513513513513069e-02 2.533253027499561654e+02
6.553753753753753519e-02 2.533248974395449693e+02
6.563993993993993969e-02 2.533244921291337732e+02
6.574234234234234420e-02 2.533240868187225772e+02
6.584474474474474870e-02 2.533236815083113811e+02
6.594714714714715320e-02 2.533232761979001850e+02
6.604954954954954383e-02 2.533228708874890174e+02
6.615195195195194833e-02 2.533224655770778213e+02
6.625435435435435283e-02 2.533220634658503911e+02
6.635675675675675733e-02 2.533216623716985225e+02
6.645915915915916183e-02 2.533212612775465971e+02
6.656156156156156634e-02 2.533208601833946432e+02
6.666396396396395696e-02 2.533204590892427461e+02
6.676636636636636146e-02 2.533200539585917568e+02
6.686876876876876596e-02 2.533196333607617134e+02
6.697117117117117047e-02 2.533192127629317554e+02
6.707357357357357497e-02 2.533187803180232720e+02
6.717597597597597947e-02 2.533183457380483219e+02
6.727837837837838397e-02 2.533179111580733434e+02
6.738078078078077460e-02 2.533174765780983648e+02
6.748318318318317910e-02 2.533170380701606348e+02
6.758558558558558360e-02 2.533165985844176760e+02
6.768798798798798810e-02 2.533161590986746319e+02
6.779039039039039261e-02 2.533157196129316446e+02
6.789279279279279711e-02 2.533152801271886574e+02
6.799519519519518773e-02 2.533148406414456986e+02
6.809759759759759223e-02 2.533144020101803733e+02
6.819999999999999674e-02 2.533139637615514914e+02
6.830240240240240124e-02 2.533135255129225811e+02
6.840480480480480574e-02 2.533130872642937561e+02
6.850720720720721024e-02 2.533126490156648742e+02
6.860960960960961474e-02 2.533122107670359924e+02
6.871201201201200537e-02 2.533117725184071389e+02
6.881441441441440987e-02 2.533113342697782286e+02
6.891681681681681437e-02 2.533108960211494036e+02
6.901921921921921887e-02 2.533104577725205502e+02
6.912162162162162338e-02 2.533100195238916683e+02
6.922402402402402788e-02 2.533095812752628149e+02
6.932642642642643238e-02 2.533091430266339330e+02
6.942882882882882301e-02 2.533087047780050511e+02
6.953123123123122751e-02 2.533082665293761693e+02
6.963363363363363201e-02 2.533078282807473158e+02
6.973603603603603651e-02 2.533073900321184340e+02
6.983843843843844101e-02 2.533069517834895805e+02
6.994084084084084552e-02 2.533065135348607271e+02
7.004324324324323614e-02 2.533060752862318168e+02
7.014564564564564064e-02 2.533056370376029349e+02
7.024804804804804514e-02 2.533051987889740815e+02
7.035045045045044965e-02 2.533047605403451996e+02
7.045285285285285415e-02 2.533043222917163462e+02
7.055525525525525865e-02 2.533038840430874927e+02
7.065765765765766315e-02 2.533034457944586109e+02
7.076006006006005378e-02 2.533030075458297574e+02
7.086246246246245828e-02 2.533025692972008756e+02
7.096486486486486278e-02 2.533021310485719937e+02
7.106726726726726728e-02 2.533016927999431118e+02
7.116966966966967179e-02 2.533012545513142584e+02
7.127207207207207629e-02 2.533008163026853765e+02
7.137447447447446691e-02 2.533003780540565231e+02
7.147687687687687141e-02 2.532999398054276412e+02
7.157927927927927592e-02 2.532995015567987593e+02
7.168168168168168042e-02 2.532990633081699059e+02
7.178408408408408492e-02 2.532986250595410525e+02
7.188648648648648942e-02 2.532981868109121706e+02
7.198888888888889392e-02 2.532977485622832887e+02
7.209129129129128455e-02 2.532973103136544353e+02
7.219369369369368905e-02 2.532968720650255250e+02
7.229609609609609355e-02 2.532964338163967000e+02
7.239849849849849805e-02 2.532959955677678181e+02
7.250090090090090256e-02 2.532955573191389362e+02
7.260330330330330706e-02 2.532951190705100544e+02
7.270570570570571156e-02 2.532946817993741604e+02
7.280810810810810219e-02 2.532942399241036355e+02
7.291051051051050669e-02 2.532937778634415338e+02
7.301291291291291119e-02 2.532933158027793468e+02
7.311531531531531569e-02 2.532928537421172450e+02
7.321771771771772019e-02 2.532923916814551148e+02
7.332012012012012470e-02 2.532919296207929563e+02
7.342252252252251532e-02 2.532914675601308545e+02
7.352492492492491982e-02 2.532910054994686959e+02
7.362732732732732432e-02 2.532905434388065942e+02
7.372972972972972883e-02 2.532900813781444640e+02
7.383213213213213333e-02 2.532896193174823054e+02
7.393453453453453783e-02 2.532891572568201752e+02
7.403693693693694233e-02 2.532886951961580735e+02
7.413933933933933296e-02 2.532882331354959149e+02
7.424174174174173746e-02 2.532877710748338131e+02
7.434414414414414196e-02 2.532873090141716546e+02
7.444654654654654646e-02 2.532868469535095244e+02
7.454894894894895097e-02 2.532863848928474226e+02
7.465135135135135547e-02 2.532859228321852640e+02
7.475375375375375997e-02 2.532854607715231054e+02
7.485615615615615059e-02 2.532849987108610321e+02
7.495855855855855510e-02 2.532845366501988451e+02
7.506096096096095960e-02 2.532840745895367434e+02
7.516336336336336410e-02 2.532836125288745848e+02
7.526576576576576860e-02 2.532831504682124546e+02
7.536816816816817310e-02 2.532826884075503244e+02
7.547057057057056373e-02 2.532822263468881943e+02
7.557297297297296823e-02 2.532817642862260641e+02
7.567537537537537273e-02 2.532813022255639339e+02
7.577777777777777724e-02 2.532808401649018322e+02
7.588018018018018174e-02 2.532803781042396736e+02
7.598258258258258624e-02 2.532799160435775434e+02
7.608498498498499074e-02 2.532794528006290022e+02
7.618738738738738137e-02 2.532789868099789601e+02
7.628978978978978587e-02 2.532785208193288895e+02
7.639219219219219037e-02 2.532780548286788189e+02
7.649459459459459487e-02 2.532775888380287483e+02
7.659699699699699937e-02 2.532771228473787346e+02
7.669939939939940388e-02 2.532766568567286640e+02
7.680180180180179450e-02 2.532761908660786219e+02
7.690420420420419900e-02 2.532757248754285797e+02
7.700660660660660350e-02 2.532752588847785091e+02
7.710900900900900801e-02 2.532747928941284954e+02
7.721141141141141251e-02 2.532743269034784248e+02
7.731381381381381701e-02 2.532738609128283827e+02
7.741621621621622151e-02 2.532733949221783405e+02
7.751861861861861214e-02 2.532729289315282699e+02
7.762102102102101664e-02 2.532724629408782278e+02
7.772342342342342114e-02 2.532719969502281572e+02
7.782582582582582564e-02 2.532715309595781150e+02
7.792822822822823015e-02 2.532710653452236329e+02
7.803063063063063465e-02 2.532706020565200902e+02
7.813303303303303915e-02 2.532701280502712962e+02
7.823543543543542977e-02 2.532696455484934859e+02
7.833783783783783428e-02 2.532691546180558362e+02
7.844024024024023878e-02 2.532686636876181865e+02
7.854264264264264328e-02 2.532681727571805084e+02
7.864504504504504778e-02 2.532676818267428303e+02
7.874744744744745228e-02 2.532671908963052090e+02
7.884984984984984291e-02 2.532666999658675024e+02
7.895225225225224741e-02 2.532662090354298527e+02
7.905465465465465191e-02 2.532657181049921746e+02
7.915705705705705642e-02 2.532652271745545249e+02
7.925945945945946092e-02 2.532647362441168752e+02
7.936186186186186542e-02 2.532642453136792255e+02
7.946426426426426992e-02 2.532637543832415474e+02
7.956666666666666055e-02 2.532632634528038693e+02
7.966906906906906505e-02 2.532627725223662196e+02
7.977147147147146955e-02 2.532622815919285699e+02
7.987387387387387405e-02 2.532617906614908634e+02
7.997627627627627855e-02 2.532612997310532137e+02
8.007867867867868306e-02 2.532608088006156208e+02
8.018108108108107368e-02 2.532603178701779143e+02
8.028348348348347818e-02 2.532598269397402646e+02
8.038588588588588268e-02 2.532593360093025865e+02
8.048828828828828719e-02 2.532588450788649084e+02
8.059069069069069169e-02 2.532583541484272871e+02
8.069309309309309619e-02 2.532578632179896090e+02
8.079549549549550069e-02 2.532573722875519593e+02
8.089789789789789132e-02 2.532568813571143096e+02
8.100030030030029582e-02 2.532563904266766031e+02
8.110270270270270032e-02 2.532558994962390102e+02
8.120510510510510482e-02 2.532554085658013321e+02
8.130750750750750933e-02 2.532549176353636540e+02
8.140990990990991383e-02 2.532544267049260043e+02
8.151231231231231833e-02 2.532539357744883262e+02
8.161471471471470895e-02 2.532534448440507049e+02
8.171711711711711346e-02 2.532529539136129983e+02
8.181951951951951796e-02 2.532524629831753487e+02
8.192192192192192246e-02 2.532519720527376990e+02
8.202432432432432696e-02 2.532514811223000493e+02
8.212672672672673146e-02 2.532509901918623711e+02
8.222912912912912209e-02 2.532504992614246930e+02
8.233153153153152659e-02 2.532500083309870433e+02
8.243393393393393109e-02 2.532495174005493936e+02
8.253633633633633560e-02 2.532490264701117155e+02
8.263873873873874010e-02 2.532485355396740374e+02
8.274114114114114460e-02 2.532480446092364446e+02
8.284354354354354910e-02 2.532475536787987380e+02
8.294594594594593973e-02 2.532470582389049412e+02
8.304834834834834423e-02 2.532465571617593696e+02
8.315075075075074873e-02 2.532460559625899350e+02
8.325315315315315323e-02 2.532455547634205004e+02
8.335555555555555773e-02 2.532450535642510090e+02
8.345795795795796224e-02 2.532445523650816028e+02
8.356036036036035286e-02 2.532440511659121682e+02
8.366276276276275736e-02 2.532435499667427052e+02
8.376516516516516186e-02 2.532430487675732707e+02
8.386756756756756637e-02 2.532425475684038076e+02
8.396996996996997087e-02 2.532420463692343731e+02
8.407237237237237537e-02 2.532415451700649101e+02
8.417477477477477987e-02 2.532410439708955039e+02
8.427717717717717050e-02 2.532405427717260977e+02
8.437957957957957500e-02 2.532400415725566063e+02
8.448198198198197950e-02 2.532395403733871717e+02
8.458438438438438400e-02 2.532390391742177371e+02
8.468678678678678851e-02 2.532385379750482741e+02
8.478918918918919301e-02 2.532380367758788395e+02
8.489159159159159751e-02 2.532375355767094049e+02
8.499399399399398813e-02 2.532370343775399988e+02
8.509639639639639264e-02 2.532365331783705358e+02
8.519879879879879714e-02 2.532360319792011012e+02
8.530120120120120164e-02 2.532355307800316382e+02
8.540360360360360614e-02 2.532350295808622036e+02
8.550600600600601064e-02 2.532345283816927406e+02
8.560840840840840127e-02 2.532340271825233060e+02
8.571081081081080577e-02 2.532335259833538714e+02
8.581321321321321027e-02 2.532330247841844084e+02
8.591561561561561478e-02 2.532325235850150023e+02
8.601801801801801928e-02 2.532320223858455392e+02
8.612042042042042378e-02 2.532315211866761047e+02
8.622282282282282828e-02 2.532310199875066417e+02
8.632522522522521891e-02 2.532305187883372355e+02
8.642762762762762341e-02 2.532300175891677725e+02
8.653003003003002791e-02 2.532295163899983379e+02
8.663243243243243241e-02 2.532290151908289033e+02
8.673483483483483691e-02 2.532285139916594403e+02
8.683723723723724142e-02 2.532280127924900341e+02
8.693963963963963204e-02 2.532275115933205996e+02
8.704204204204203654e-02 2.532270103941511366e+02
8.714444444444444104e-02 2.532265091949817020e+02
8.724684684684684555e-02 2.532260079958122390e+02
8.734924924924925005e-02 2.532255067966428328e+02
8.745165165165165455e-02 2.532250055974733414e+02
8.755405405405405905e-02 2.532245043983039068e+02
8.765645645645644968e-02 2.532240031991345006e+02
8.775885885885885418e-02 2.532235019999650376e+02
8.786126126126125868e-02 2.532230008007956030e+02
8.796366366366366318e-02 2.532224996016261684e+02
8.806606606606606769e-02 2.532219984024567339e+02
8.816846846846847219e-02 2.532214972032872424e+02
8.827087087087087669e-02 2.532209960041178363e+02
8.837327327327326731e-02 2.532204948049484301e+02
8.847567567567567182e-02 2.532199936057789387e+02
8.857807807807807632e-02 2.532194924066095325e+02
8.868048048048048082e-02 2.532189912074400695e+02
8.878288288288288532e-02 2.532184900082706349e+02
8.888528528528528982e-02 2.532179888091012003e+02
8.898768768768768045e-02 2.532174876099317373e+02
8.909009009009008495e-02 2.532169832133448608e+02
8.919249249249248945e-02 2.532164733856291150e+02
8.929489489489489396e-02 2.532159635579132839e+02
8.939729729729729846e-02 2.532154526665337357e+02
8.949969969969970296e-02 2.532149376077466059e+02
8.960210210210210746e-02 2.532144225489594760e+02
8.970450450450449809e-02 2.532139074901723461e+02
8.980690690690690259e-02 2.532133924313851878e+02
8.990930930930930709e-02 2.532128773725980864e+02
9.001171171171171159e-02 2.532123623138109565e+02
9.011411411411411609e-02 2.532118463077853789e+02
9.021651651651652060e-02 2.532113301095963322e+02
9.031891891891891122e-02 2.532108139114072856e+02
9.042132132132131572e-02 2.532102977132181820e+02
9.052372372372372022e-02 2.532097815150291353e+02
9.062612612612612473e-02 2.532092653168400886e+02
9.072852852852852923e-02 2.532087491186510420e+02
9.083093093093093373e-02 2.532082329204619953e+02
9.093333333333333823e-02 2.532077167222728917e+02
9.103573573573572886e-02 2.532072005240838735e+02
9.113813813813813336e-02 2.532066843258947983e+02
9.124054054054053786e-02 2.532061681277057517e+02
9.134294294294294236e-02 2.532056519295166481e+02
9.144534534534534687e-02 2.532051357313276299e+02
9.154774774774775137e-02 2.532046195331385832e+02
9.165015015015015587e-02 2.532041033349495365e+02
9.175255255255254649e-02 2.532035871367604898e+02
9.185495495495495100e-02 2.532030713311866634e+02
9.195735735735735550e-02 2.532025555392712022e+02
9.205975975975976000e-02 2.532020397473557409e+02
9.216216216216216450e-02 2.532015239554402228e+02
9.226456456456456900e-02 2.532010081635247616e+02
9.236696696696695963e-02 2.532004923716092719e+02
9.246936936936936413e-02 2.531999765796937822e+02
9.257177177177176863e-02 2.531994607877782926e+02
9.267417417417417314e-02 2.531989449958628029e+02
9.277657657657657764e-02 2.531984292039473416e+02
9.287897897897898214e-02 2.531979134120318804e+02
9.298138138138138664e-02 2.531973976201163623e+02
9.308378378378377727e-02 2.531968818282009011e+02
9.318618618618618177e-02 2.531963660362854114e+02
9.328858858858858627e-02 2.531958502443699217e+02
9.339099099099099077e-02 2.531953344524544320e+02
9.349339339339339527e-02 2.531948186605389424e+02
9.359579579579579978e-02 2.531943028686234811e+02
9.369819819819819040e-02 2.531937870767079914e+02
9.380060060060059490e-02 2.531932712847925018e+02
9.390300300300299940e-02 2.531927554928769837e+02
9.400540540540540391e-02 2.531922397009615224e+02
9.410780780780780841e-02 2.531917239090460612e+02
9.421021021021021291e-02 2.531912081171305715e+02
9.431261261261261741e-02 2.531906923252150818e+02
9.441501501501500804e-02 2.531901765332995922e+02
9.451741741741741254e-02 2.531896607413841025e+02
9.461981981981981704e-02 2.531891449494686128e+02
9.472222222222222154e-02 2.531886291575531516e+02
9.482462462462462605e-02 2.531881133656376619e+02
9.492702702702703055e-02 2.531875975737221438e+02
9.502942942942943505e-02 2.531870817818066826e+02
9.513183183183182567e-02 2.531865659898911929e+02
9.523423423423423018e-02 2.531860501979757032e+02
9.533663663663663468e-02 2.531855344060602420e+02
9.543903903903903918e-02 2.531850186141447523e+02
9.554144144144144368e-02 2.531845026504174427e+02
9.564384384384384818e-02 2.531839832347116612e+02
9.574624624624623881e-02 2.531834638190057944e+02
9.584864864864864331e-02 2.531829444032999561e+02
9.595105105105104781e-02 2.531824249875941746e+02
9.605345345345345232e-02 2.531819055718883362e+02
9.615585585585585682e-02 2.531813861561825263e+02
9.625825825825826132e-02 2.531808650895316930e+02
9.636066066066066582e-02 2.531803415297657978e+02
9.646306306306305645e-02 2.531798179699999025e+02
9.656546546546546095e-02 2.531792944102340073e+02
9.666786786786786545e-02 2.531787708504681405e+02
9.677027027027026995e-02 2.531782472907021884e+02
9.687267267267267445e-02 2.531777237309363215e+02
9.697507507507507896e-02 2.531772001711704263e+02
9.707747747747748346e-02 2.531766766114045026e+02
9.717987987987987408e-02 2.531761530516386074e+02
9.728228228228227858e-02 2.531756294918727122e+02
9.738468468468468309e-02 2.531751059321068169e+02
9.748708708708708759e-02 2.531745823723408932e+02
9.758948948948949209e-02 2.531740588125750548e+02
9.769189189189189659e-02 2.531735352528091028e+02
9.779429429429428722e-02 2.531730118317515235e+02
9.789669669669669172e-02 2.531724885796946865e+02
9.799909909909909622e-02 2.531719653276378494e+02
9.810150150150150072e-02 2.531714420755810124e+02
9.820390390390390523e-02 2.531709188235241754e+02
9.830630630630630973e-02 2.531703955714673384e+02
9.840870870870871423e-02 2.531698723194105014e+02
9.851111111111110485e-02 2.531693490673536644e+02
9.861351351351350936e-02 2.531688260234523113e+02
9.871591591591591386e-02 2.531683030783564163e+02
9.881831831831831836e-02 2.531677801332604929e+02
9.892072072072072286e-02 2.531672571881646263e+02
9.902312312312312736e-02 2.531667342430687313e+02
9.912552552552551799e-02 2.531662112979728079e+02
9.922792792792792249e-02 2.531656883528769413e+02
9.933033033033032699e-02 2.531651654077810463e+02
9.943273273273273150e-02 2.531646424626851228e+02
9.953513513513513600e-02 2.531641195175892562e+02
9.963753753753754050e-02 2.531635965724933612e+02
9.973993993993994500e-02 2.531630736273974378e+02
9.984234234234233563e-02 2.531625506823015428e+02
9.994474474474474013e-02 2.531620277372056478e+02
1.000471471471471446e-01 2.531615047921097243e+02
1.001495495495495491e-01 2.531609818470138293e+02
1.002519519519519536e-01 2.531604589019179343e+02
1.003543543543543581e-01 2.531599359568220393e+02
1.004567567567567626e-01 2.531594130117261727e+02
1.005591591591591533e-01 2.531588900666302493e+02
1.006615615615615578e-01 2.531583671215343259e+02
1.007639639639639623e-01 2.531578441764384593e+02
1.008663663663663668e-01 2.531573212313425643e+02
1.009687687687687713e-01 2.531567982862466692e+02
1.010711711711711758e-01 2.531562753411508027e+02
1.011735735735735664e-01 2.531557523960548792e+02
1.012759759759759709e-01 2.531552294509589842e+02
1.013783783783783754e-01 2.531547065058630892e+02
1.014807807807807799e-01 2.531541835607671942e+02
1.015831831831831844e-01 2.531536606156712708e+02
1.016855855855855889e-01 2.531531376705754042e+02
1.017879879879879934e-01 2.531526147254795092e+02
1.018903903903903840e-01 2.531520917803835857e+02
1.019927927927927885e-01 2.531515688352877191e+02
1.020951951951951930e-01 2.531510458901917957e+02
1.021975975975975975e-01 2.531505229450959007e+02
1.023000000000000020e-01 2.531500000000000341e+02
