LineProbe
number of points: 1000 (fixed)
point 0: [0. 0. 0.]
point 1: [0.875 0.    0.   ]
-----

# T 1000
0.000000000000000000e+00 2.614022383068611362e+02
8.758758758758758683e-04 2.614109294348062349e+02
1.751751751751751737e-03 2.614196205627511631e+02
2.627627627627627388e-03 2.614282925820915580e+02
3.503503503503503473e-03 2.614368770039280321e+02
4.379379379379379558e-03 2.614454614257645630e+02
5.255255255255254776e-03 2.614540458476009803e+02
6.131131131131130861e-03 2.614626302694374544e+02
7.007007007007006946e-03 2.614712146912739854e+02
7.882882882882882164e-03 2.614797991131104027e+02
8.758758758758759116e-03 2.614883835349469337e+02
9.634634634634634334e-03 2.614969679567834078e+02
1.051051051051050955e-02 2.615055523786198819e+02
1.138638638638638650e-02 2.615141368004563560e+02
1.226226226226226172e-02 2.615228201942039732e+02
1.313813813813813867e-02 2.615315550011360983e+02
1.401401401401401389e-02 2.615402898080681098e+02
1.488988988988988911e-02 2.615490246150001781e+02
1.576576576576576433e-02 2.615577594219322464e+02
1.664164164164164128e-02 2.615664942288643715e+02
1.751751751751751823e-02 2.615752290357963830e+02
1.839339339339339172e-02 2.615839177183170250e+02
1.926926926926926867e-02 2.615921228860720475e+02
2.014514514514514562e-02 2.616003280538270133e+02
2.102102102102101910e-02 2.616085332215820358e+02
2.189689689689689606e-02 2.616167018937952662e+02
2.277277277277277301e-02 2.616248126853996041e+02
2.364864864864864996e-02 2.616326367435958673e+02
2.452452452452452344e-02 2.616403597117403024e+02
2.540040040040040040e-02 2.616480826798847374e+02
2.627627627627627735e-02 2.616558056480291725e+02
2.715215215215215083e-02 2.616635286161736076e+02
2.802802802802802778e-02 2.616712515843180427e+02
2.890390390390390474e-02 2.616789745524624777e+02
2.977977977977977822e-02 2.616866975206069128e+02
3.065565565565565517e-02 2.616944204887512910e+02
3.153153153153152866e-02 2.617021434568956693e+02
3.240740740740740561e-02 2.617098664250401612e+02
3.328328328328328256e-02 2.617175893931845394e+02
3.415915915915915951e-02 2.617252753520741635e+02
3.503503503503503647e-02 2.617326414804120418e+02
3.591091091091091342e-02 2.617400076087498633e+02
3.678678678678678343e-02 2.617473737370877416e+02
3.766266266266266038e-02 2.617547398654255062e+02
3.853853853853853734e-02 2.617621059937633845e+02
3.941441441441441429e-02 2.617694721221012060e+02
4.029029029029029124e-02 2.617768382504390843e+02
4.116616616616616819e-02 2.617845672039051692e+02
4.204204204204203821e-02 2.617924469647755927e+02
4.291791791791791516e-02 2.618005236907830522e+02
4.379379379379379211e-02 2.618086004167904548e+02
4.466966966966966907e-02 2.618166771427979143e+02
4.554554554554554602e-02 2.618247538688053737e+02
4.642142142142142297e-02 2.618328305948128332e+02
4.729729729729729992e-02 2.618409073208202926e+02
4.817317317317316994e-02 2.618489840468276952e+02
4.904904904904904689e-02 2.618570607728352115e+02
4.992492492492492384e-02 2.618651374988426141e+02
5.080080080080080079e-02 2.618732794447909100e+02
5.167667667667667775e-02 2.618814640838075434e+02
5.255255255255255470e-02 2.618896487228241767e+02
5.342842842842842471e-02 2.618978333618408101e+02
5.430430430430430166e-02 2.619060180008574434e+02
5.518018018018017862e-02 2.619142026398741336e+02
5.605605605605605557e-02 2.619219979180642213e+02
5.693193193193193252e-02 2.619295947599924830e+02
5.780780780780780947e-02 2.619371916019207447e+02
5.868368368368368643e-02 2.619447884438490064e+02
5.955955955955955644e-02 2.619523852857772681e+02
6.043543543543543339e-02 2.619599821277055298e+02
6.131131131131131035e-02 2.619675789696337915e+02
6.218718718718718730e-02 2.619751758115620532e+02
6.306306306306305731e-02 2.619827726534903150e+02
6.393893893893894120e-02 2.619903694954185767e+02
6.481481481481481122e-02 2.619978608521079195e+02
6.569069069069069511e-02 2.620047664968200820e+02
6.656656656656656512e-02 2.620116721415321877e+02
6.744244244244243514e-02 2.620185777862442933e+02
6.831831831831831903e-02 2.620254834309564558e+02
6.919419419419418904e-02 2.620323890756685614e+02
7.007007007007007293e-02 2.620393328652866103e+02
7.094594594594594295e-02 2.620463826562650524e+02
7.182182182182182684e-02 2.620534324472435515e+02
7.269769769769769685e-02 2.620604822382220505e+02
7.357357357357356686e-02 2.620675320292006063e+02
7.444944944944945076e-02 2.620744449485016503e+02
7.532532532532532077e-02 2.620811644521439234e+02
7.620120120120120466e-02 2.620878839557861966e+02
7.707707707707707467e-02 2.620945719093424486e+02
7.795295295295295857e-02 2.621009975157712688e+02
7.882882882882882858e-02 2.621074231222000321e+02
7.970470470470469859e-02 2.621138487286288523e+02
8.058058058058058248e-02 2.621202743350576156e+02
8.145645645645645250e-02 2.621266999414863790e+02
8.233233233233233639e-02 2.621331255479151991e+02
8.320820820820820640e-02 2.621395511543439625e+02
8.408408408408407642e-02 2.621459767607727827e+02
8.495995995995996031e-02 2.621524023672015460e+02
8.583583583583583032e-02 2.621588633244667221e+02
8.671171171171171421e-02 2.621654408223528776e+02
8.758758758758758423e-02 2.621720183202390899e+02
8.846346346346346812e-02 2.621785958181252454e+02
8.933933933933933813e-02 2.621851733160114577e+02
9.021521521521520814e-02 2.621917508138976132e+02
9.109109109109109204e-02 2.621983589369913261e+02
9.196696696696696205e-02 2.622052618614989115e+02
9.284284284284284594e-02 2.622121647860064968e+02
9.371871871871871595e-02 2.622190677105141390e+02
9.459459459459459985e-02 2.622259706350217243e+02
9.547047047047046986e-02 2.622328735595293097e+02
9.634634634634633987e-02 2.622397764840368950e+02
9.722222222222222376e-02 2.622466794085445372e+02
9.809809809809809378e-02 2.622535823330521225e+02
9.897397397397397767e-02 2.622604852575597079e+02
9.984984984984984768e-02 2.622673881820673500e+02
1.007257257257257316e-01 2.622742911065749354e+02
1.016016016016016016e-01 2.622811940310825207e+02
1.024774774774774716e-01 2.622880969555901629e+02
1.033533533533533555e-01 2.622949998800977482e+02
1.042292292292292255e-01 2.623019709890330091e+02
1.051051051051051094e-01 2.623089544993104028e+02
1.059809809809809794e-01 2.623159010337365089e+02
1.068568568568568494e-01 2.623228475681626151e+02
1.077327327327327333e-01 2.623297941025887212e+02
1.086086086086086033e-01 2.623367406370147137e+02
1.094844844844844872e-01 2.623436871714408198e+02
1.103603603603603572e-01 2.623506337058669260e+02
1.112362362362362411e-01 2.623575802402930321e+02
1.121121121121121111e-01 2.623645267747190815e+02
1.129879879879879812e-01 2.623714733091451308e+02
1.138638638638638650e-01 2.623785531190872007e+02
1.147397397397397351e-01 2.623858001834165634e+02
1.156156156156156189e-01 2.623930472477459830e+02
1.164914914914914890e-01 2.624002943120754026e+02
1.173673673673673729e-01 2.624075413764047653e+02
1.182432432432432429e-01 2.624147884407341849e+02
1.191191191191191129e-01 2.624220355050635476e+02
1.199949949949949968e-01 2.624292825693929672e+02
1.208708708708708668e-01 2.624365296337223867e+02
1.217467467467467507e-01 2.624437766980518063e+02
1.226226226226226207e-01 2.624510237623811690e+02
1.234984984984984907e-01 2.624574471692943689e+02
1.243743743743743746e-01 2.624636104982803317e+02
1.252502502502502446e-01 2.624697738272662377e+02
1.261261261261261146e-01 2.624759371562521437e+02
1.270020020020020124e-01 2.624821004852381066e+02
1.278778778778778824e-01 2.624882638142240694e+02
1.287537537537537524e-01 2.624944271432099754e+02
1.296296296296296224e-01 2.625005904721959382e+02
1.305055055055054924e-01 2.625067538011818442e+02
1.313813813813813902e-01 2.625129171301678070e+02
1.322572572572572602e-01 2.625189989833654636e+02
1.331331331331331302e-01 2.625250502607300405e+02
1.340090090090090003e-01 2.625311015380946174e+02
1.348848848848848703e-01 2.625371528154591374e+02
1.357607607607607680e-01 2.625432040928237143e+02
1.366366366366366381e-01 2.625492553701882343e+02
1.375125125125125081e-01 2.625553066475527544e+02
1.383883883883883781e-01 2.625613579249173313e+02
1.392642642642642758e-01 2.625671382695776970e+02
1.401401401401401459e-01 2.625728464735323655e+02
1.410160160160160159e-01 2.625785546774871477e+02
1.418918918918918859e-01 2.625842628814418163e+02
1.427677677677677559e-01 2.625899710853965416e+02
1.436436436436436537e-01 2.625956792893512670e+02
1.445195195195195237e-01 2.626013874933059924e+02
1.453953953953953937e-01 2.626070956972607178e+02
1.462712712712712637e-01 2.626128039012154431e+02
1.471471471471471337e-01 2.626185121051701685e+02
1.480230230230230315e-01 2.626242203091248939e+02
1.488988988988989015e-01 2.626299285130795624e+02
1.497747747747747715e-01 2.626356367170342878e+02
1.506506506506506415e-01 2.626413449209890132e+02
1.515265265265265116e-01 2.626470531249437954e+02
1.524024024024024093e-01 2.626527613288984639e+02
1.532782782782782793e-01 2.626584695328531893e+02
1.541541541541541493e-01 2.626641777368079147e+02
1.550300300300300194e-01 2.626693984680950393e+02
1.559059059059059171e-01 2.626740016006786504e+02
1.567817817817817871e-01 2.626788191604321128e+02
1.576576576576576572e-01 2.626838412299573520e+02
1.585335335335335272e-01 2.626889104916736528e+02
1.594094094094093972e-01 2.626939797533898968e+02
1.602852852852852950e-01 2.626990490151061977e+02
1.611611611611611650e-01 2.627041182768224985e+02
1.620370370370370350e-01 2.627091875385387993e+02
1.629129129129129050e-01 2.627142568002550433e+02
1.637887887887887750e-01 2.627193260619713442e+02
1.646646646646646728e-01 2.627243953236876450e+02
1.655405405405405428e-01 2.627294645854039459e+02
1.664164164164164128e-01 2.627345338471202467e+02
1.672922922922922828e-01 2.627396031088364907e+02
1.681681681681681528e-01 2.627446723705527916e+02
1.690440440440440506e-01 2.627497416322690924e+02
1.699199199199199206e-01 2.627548108939853932e+02
1.707957957957957906e-01 2.627596908562522913e+02
1.716716716716716606e-01 2.627645647063753813e+02
1.725475475475475584e-01 2.627694385564984714e+02
1.734234234234234284e-01 2.627743124066215614e+02
1.742992992992992984e-01 2.627791862567445946e+02
1.751751751751751685e-01 2.627840601068676278e+02
1.760510510510510385e-01 2.627889339569907179e+02
1.769269269269269362e-01 2.627938035377060260e+02
1.778028028028028062e-01 2.627985945443580817e+02
1.786786786786786763e-01 2.628033855510101944e+02
1.795545545545545463e-01 2.628081765576623070e+02
1.804304304304304163e-01 2.628129675643143628e+02
1.813063063063063141e-01 2.628177585709664754e+02
1.821821821821821841e-01 2.628225495776185312e+02
1.830580580580580541e-01 2.628273405842705870e+02
1.839339339339339241e-01 2.628320754099137844e+02
1.848098098098098219e-01 2.628362791884464400e+02
1.856856856856856919e-01 2.628397085408274734e+02
1.865615615615615619e-01 2.628424911783389462e+02
1.874374374374374319e-01 2.628452891480404219e+02
1.883133133133133019e-01 2.628480897740809041e+02
1.891891891891891997e-01 2.628508904001214432e+02
1.900650650650650697e-01 2.628536910261619255e+02
1.909409409409409397e-01 2.628564916522024077e+02
1.918168168168168097e-01 2.628592922782428900e+02
1.926926926926926797e-01 2.628620929042833723e+02
1.935685685685685775e-01 2.628648935303239114e+02
1.944444444444444475e-01 2.628676941563644505e+02
1.953203203203203175e-01 2.628704947824048759e+02
1.961961961961961876e-01 2.628732954084454150e+02
1.970720720720720576e-01 2.628760960344858972e+02
1.979479479479479553e-01 2.628788966605263795e+02
1.988238238238238254e-01 2.628816972865669186e+02
1.996996996996996954e-01 2.628844979126074008e+02
2.005755755755755654e-01 2.628872985386478831e+02
2.014514514514514631e-01 2.628900991646883654e+02
2.023273273273273332e-01 2.628928997907289045e+02
2.032032032032032032e-01 2.628957004167693867e+02
2.040790790790790732e-01 2.628985010428099258e+02
2.049549549549549432e-01 2.629014276252331683e+02
2.058308308308308410e-01 2.629047449731833694e+02
2.067067067067067110e-01 2.629080623211335705e+02
2.075825825825825810e-01 2.629113796690838285e+02
2.084584584584584510e-01 2.629146970170340296e+02
2.093343343343343210e-01 2.629179375687800757e+02
2.102102102102102188e-01 2.629207840760058161e+02
2.110860860860860888e-01 2.629236305832314429e+02
2.119619619619619588e-01 2.629264770904571265e+02
2.128378378378378288e-01 2.629293235976827532e+02
2.137137137137136988e-01 2.629321701049084936e+02
2.145895895895895966e-01 2.629350166121341204e+02
2.154654654654654666e-01 2.629378631193598039e+02
2.163413413413413366e-01 2.629407096265854307e+02
2.172172172172172067e-01 2.629437340761069777e+02
2.180930930930931044e-01 2.629470560227382521e+02
2.189689689689689744e-01 2.629503779693694128e+02
2.198448448448448445e-01 2.629536999160005735e+02
2.207207207207207145e-01 2.629570218626317910e+02
2.215965965965965845e-01 2.629603438092630086e+02
2.224724724724724823e-01 2.629636657558941693e+02
2.233483483483483523e-01 2.629669877025253300e+02
2.242242242242242223e-01 2.629703096491565475e+02
2.251001001001000923e-01 2.629736315957877650e+02
2.259759759759759623e-01 2.629769535424189257e+02
2.268518518518518601e-01 2.629802754890501433e+02
2.277277277277277301e-01 2.629835974356813040e+02
2.286036036036036001e-01 2.629869193823125215e+02
2.294794794794794701e-01 2.629902413289436822e+02
2.303553553553553401e-01 2.629935632755748998e+02
2.312312312312312379e-01 2.629968320775628854e+02
2.321071071071071079e-01 2.629994859556813367e+02
2.329829829829829779e-01 2.630011106436373893e+02
2.338588588588588479e-01 2.630028881622125141e+02
2.347347347347347457e-01 2.630047634956267757e+02
2.356106106106106157e-01 2.630057953528527150e+02
2.364864864864864857e-01 2.630068237459393004e+02
2.373623623623623557e-01 2.630078521390259425e+02
2.382382382382382258e-01 2.630088805321125278e+02
2.391141141141141235e-01 2.630099089251991131e+02
2.399899899899899935e-01 2.630109373182856984e+02
2.408658658658658636e-01 2.630119657113722837e+02
2.417417417417417336e-01 2.630129941044588691e+02
2.426176176176176036e-01 2.630140224975455112e+02
2.434934934934935014e-01 2.630150508906320965e+02
2.443693693693693714e-01 2.630160792837186818e+02
2.452452452452452414e-01 2.630171076768052671e+02
2.461211211211211114e-01 2.630181360698918525e+02
2.469969969969969814e-01 2.630191644629784378e+02
2.478728728728728792e-01 2.630201928560650799e+02
2.487487487487487492e-01 2.630212212491516652e+02
2.496246246246246192e-01 2.630222496422382505e+02
2.505005005005004892e-01 2.630232780353248359e+02
2.513763763763763870e-01 2.630240872165942960e+02
2.522522522522522292e-01 2.630248632772897963e+02
2.531281281281281270e-01 2.630256393379851829e+02
2.540040040040040248e-01 2.630264153986806832e+02
2.548798798798798670e-01 2.630271914593761267e+02
2.557557557557557648e-01 2.630279675200715701e+02
2.566316316316316071e-01 2.630278360320498905e+02
2.575075075075075048e-01 2.630274501102476279e+02
2.583833833833834026e-01 2.630270641884454221e+02
2.592592592592592449e-01 2.630266782666432164e+02
2.601351351351351426e-01 2.630262923448409538e+02
2.610110110110109849e-01 2.630259064230386912e+02
2.618868868868868827e-01 2.630255205012364854e+02
2.627627627627627804e-01 2.630251345794342228e+02
2.636386386386386227e-01 2.630247486576320171e+02
2.645145145145145205e-01 2.630242707462189742e+02
2.653903903903903627e-01 2.630229022295716277e+02
2.662662662662662605e-01 2.630215337129243949e+02
2.671421421421421583e-01 2.630201651962770484e+02
2.680180180180180005e-01 2.630187966796297587e+02
2.688938938938938983e-01 2.630174281629824691e+02
2.697697697697697405e-01 2.630160596463351794e+02
2.706456456456456383e-01 2.630146911296878898e+02
2.715215215215215361e-01 2.630133226130406001e+02
2.723973973973973783e-01 2.630119540963933105e+02
2.732732732732732761e-01 2.630100897483130211e+02
2.741491491491491739e-01 2.630080664177979770e+02
2.750250250250250161e-01 2.630060430872828761e+02
2.759009009009009139e-01 2.630040197567677751e+02
2.767767767767767562e-01 2.630019964262526742e+02
2.776526526526526539e-01 2.629999730957375732e+02
2.785285285285285517e-01 2.629979497652224723e+02
2.794044044044043940e-01 2.629959264347073713e+02
2.802802802802802917e-01 2.629939031041923272e+02
2.811561561561561340e-01 2.629918797736771694e+02
2.820320320320320318e-01 2.629898564431621253e+02
2.829079079079079295e-01 2.629878331126469675e+02
2.837837837837837718e-01 2.629858097821319234e+02
2.846596596596596696e-01 2.629838030235281394e+02
2.855355355355355118e-01 2.629815459991801845e+02
2.864114114114114096e-01 2.629789714016485505e+02
2.872872872872873073e-01 2.629754476944896737e+02
2.881631631631631496e-01 2.629719086826317493e+02
2.890390390390390474e-01 2.629683696707737681e+02
2.899149149149148896e-01 2.629648306589157869e+02
2.907907907907907874e-01 2.629612916470578057e+02
2.916666666666666852e-01 2.629576866603157441e+02
2.925425425425425274e-01 2.629540211673903514e+02
2.934184184184184252e-01 2.629503556744649018e+02
2.942942942942942675e-01 2.629466901815395659e+02
2.951701701701701652e-01 2.629430246886141731e+02
2.960460460460460630e-01 2.629393591956887235e+02
2.969219219219219053e-01 2.629356937027633307e+02
2.977977977977978030e-01 2.629320282098379948e+02
2.986736736736736453e-01 2.629283627169126021e+02
2.995495495495495430e-01 2.629245569998465726e+02
3.004254254254254408e-01 2.629207359595097273e+02
3.013013013013012831e-01 2.629169149191728820e+02
3.021771771771771808e-01 2.629130938788359799e+02
3.030530530530530231e-01 2.629092728384991915e+02
3.039289289289289209e-01 2.629054517981623462e+02
3.048048048048048186e-01 2.629016307578255010e+02
3.056806806806806609e-01 2.628978097174886557e+02
3.065565565565565587e-01 2.628939886771517536e+02
3.074324324324324564e-01 2.628901676368149083e+02
3.083083083083082987e-01 2.628863465964780630e+02
3.091841841841841965e-01 2.628825255561412177e+02
3.100600600600600387e-01 2.628785492178947720e+02
3.109359359359359365e-01 2.628744196371476960e+02
3.118118118118118343e-01 2.628703751609911592e+02
3.126876876876876765e-01 2.628665647480447660e+02
3.135635635635635743e-01 2.628623276773112138e+02
3.144394394394394165e-01 2.628575015796081971e+02
3.153153153153153143e-01 2.628526754819051234e+02
3.161911911911912121e-01 2.628478493842020498e+02
3.170670670670670543e-01 2.628430232864989762e+02
3.179429429429429521e-01 2.628381971887959025e+02
3.188188188188187944e-01 2.628333710910928289e+02
3.196946946946946921e-01 2.628285449933898121e+02
3.205705705705705899e-01 2.628237188956866817e+02
3.214464464464464322e-01 2.628188927979836080e+02
3.223223223223223299e-01 2.628140667002805912e+02
3.231981981981981722e-01 2.628092406025775176e+02
3.240740740740740700e-01 2.628044145048744440e+02
3.249499499499499677e-01 2.627995884071713704e+02
3.258258258258258100e-01 2.627947623094682967e+02
3.267017017017017078e-01 2.627899362117652231e+02
3.275775775775775500e-01 2.627851101140622063e+02
3.284534534534534478e-01 2.627802840163591327e+02
3.293293293293293456e-01 2.627754579186560022e+02
3.302052052052051878e-01 2.627706318209529854e+02
3.310810810810810856e-01 2.627658057232499118e+02
3.319569569569569278e-01 2.627609796255467813e+02
3.328328328328328256e-01 2.627561535278437646e+02
3.337087087087087234e-01 2.627513274301406909e+02
3.345845845845845656e-01 2.627465013324376173e+02
3.354604604604604634e-01 2.627416752347345437e+02
3.363363363363363057e-01 2.627368491370315269e+02
3.372122122122122034e-01 2.627320230393284533e+02
3.380880880880881012e-01 2.627271952863804927e+02
3.389639639639639435e-01 2.627223671588649268e+02
3.398398398398398412e-01 2.627175390313494177e+02
3.407157157157157390e-01 2.627127109038338517e+02
3.415915915915915813e-01 2.627078827763182858e+02
3.424674674674674790e-01 2.627030546488027767e+02
3.433433433433433213e-01 2.626972843980928474e+02
3.442192192192192191e-01 2.626906285968158272e+02
3.450950950950951168e-01 2.626837972431999333e+02
3.459709709709709591e-01 2.626769658895840962e+02
3.468468468468468568e-01 2.626701345359681454e+02
3.477227227227226991e-01 2.626633031823523083e+02
3.485985985985985969e-01 2.626564718287364144e+02
3.494744744744744946e-01 2.626496404751205773e+02
3.503503503503503369e-01 2.626428091215046834e+02
3.512262262262262347e-01 2.626359777678887895e+02
3.521021021021020769e-01 2.626291464142728955e+02
3.529779779779779747e-01 2.626223150606570016e+02
3.538538538538538725e-01 2.626154837070411077e+02
3.547297297297297147e-01 2.626086523534252706e+02
3.556056056056056125e-01 2.626018209998093766e+02
3.564814814814814548e-01 2.625949896461935396e+02
3.573573573573573525e-01 2.625881582925776456e+02
3.582332332332332503e-01 2.625813269389616949e+02
3.591091091091090926e-01 2.625744955853458578e+02
3.599849849849849903e-01 2.625676642317300207e+02
3.608608608608608326e-01 2.625608328781141267e+02
3.617367367367367303e-01 2.625540015244982328e+02
3.626126126126126281e-01 2.625478089135508526e+02
3.634884884884884704e-01 2.625416869877504382e+02
3.643643643643643681e-01 2.625355650619499670e+02
3.652402402402402104e-01 2.625294431361494958e+02
3.661161161161161082e-01 2.625233212103490246e+02
3.669919919919920059e-01 2.625159800485674282e+02
3.678678678678678482e-01 2.625085955591648030e+02
3.687437437437437460e-01 2.625012110697621210e+02
3.696196196196196437e-01 2.624938265803594959e+02
3.704954954954954860e-01 2.624864420909568139e+02
3.713713713713713838e-01 2.624790576015541319e+02
3.722472472472472260e-01 2.624716731121515068e+02
3.731231231231231238e-01 2.624642886227488816e+02
3.739989989989990216e-01 2.624569041333462565e+02
3.748748748748748638e-01 2.624495196439436313e+02
3.757507507507507616e-01 2.624421351545409493e+02
3.766266266266266038e-01 2.624347506651383242e+02
3.775025025025025016e-01 2.624273661757356422e+02
3.783783783783783994e-01 2.624199816863330170e+02
3.792542542542542416e-01 2.624125971969303350e+02
3.801301301301301394e-01 2.624051423307187747e+02
3.810060060060059817e-01 2.623970495529946447e+02
3.818818818818818794e-01 2.623889567752705148e+02
3.827577577577577772e-01 2.623809144932831714e+02
3.836336336336336195e-01 2.623731325292223460e+02
3.845095095095095172e-01 2.623651398686988045e+02
3.853853853853853595e-01 2.623570616671258904e+02
3.862612612612612573e-01 2.623489834655529194e+02
3.871371371371371550e-01 2.623409052639800052e+02
3.880130130130129973e-01 2.623328270624070910e+02
3.888888888888888951e-01 2.623247488608341200e+02
3.897647647647647373e-01 2.623159718613628684e+02
3.906406406406406351e-01 2.623069307972013462e+02
3.915165165165165329e-01 2.622978897330398809e+02
3.923923923923923751e-01 2.622888486688783019e+02
3.932682682682682729e-01 2.622798076047167797e+02
3.941441441441441151e-01 2.622707665405553144e+02
3.950200200200200129e-01 2.622617254763937922e+02
3.958958958958959107e-01 2.622526844122322700e+02
3.967717717717717529e-01 2.622432406264342148e+02
3.976476476476476507e-01 2.622312894332150677e+02
3.985235235235234930e-01 2.622193382399959773e+02
3.993993993993993907e-01 2.622073870467768870e+02
4.002752752752752885e-01 2.621954358535577967e+02
4.011511511511511308e-01 2.621834846603387064e+02
4.020270270270270285e-01 2.621715334671196160e+02
4.029029029029029263e-01 2.621595822739004689e+02
4.037787787787787686e-01 2.621476310806814354e+02
4.046546546546546663e-01 2.621356798874622882e+02
4.055305305305305086e-01 2.621237286942431979e+02
4.064064064064064064e-01 2.621117775010241076e+02
4.072822822822823041e-01 2.620998263078049604e+02
4.081581581581581464e-01 2.620878751145859269e+02
4.090340340340340441e-01 2.620759239213667797e+02
4.099099099099098864e-01 2.620639727281477462e+02
4.107857857857857842e-01 2.620520215349285991e+02
4.116616616616616819e-01 2.620400703417095087e+02
4.125375375375375242e-01 2.620281191484904184e+02
4.134134134134134220e-01 2.620161679552712712e+02
4.142892892892892642e-01 2.620042167620521809e+02
4.151651651651651620e-01 2.619922655688331474e+02
4.160410410410410598e-01 2.619803143756140003e+02
4.169169169169169020e-01 2.619683631823949099e+02
4.177927927927927998e-01 2.619569472489829991e+02
4.186686686686686421e-01 2.619456862734674019e+02
4.195445445445445398e-01 2.619344252979516909e+02
4.204204204204204376e-01 2.619231643224360369e+02
4.212962962962962798e-01 2.619119033469203259e+02
4.221721721721721776e-01 2.619006423714047287e+02
4.230480480480480199e-01 2.618889653304432841e+02
4.239239239239239176e-01 2.618762339938487571e+02
4.247997997997998154e-01 2.618635026572542870e+02
4.256756756756756577e-01 2.618508632648007506e+02
4.265515515515515554e-01 2.618384613038361977e+02
4.274274274274273977e-01 2.618257908716312272e+02
4.283033033033032955e-01 2.618124355213240619e+02
4.291791791791791932e-01 2.617990801710168967e+02
4.300550550550550355e-01 2.617857248207097314e+02
4.309309309309309333e-01 2.617723694704025661e+02
4.318068068068067755e-01 2.617590141200954008e+02
4.326826826826826733e-01 2.617456587697882355e+02
4.335585585585585711e-01 2.617323034194810703e+02
4.344344344344344133e-01 2.617189480691739050e+02
4.353103103103103111e-01 2.617055927188667397e+02
4.361861861861862089e-01 2.616922373685595744e+02
4.370620620620620511e-01 2.616788820182524091e+02
4.379379379379379489e-01 2.616655266679452438e+02
4.388138138138137911e-01 2.616521713176380217e+02
4.396896896896896889e-01 2.616388159673309133e+02
4.405655655655655867e-01 2.616254606170237480e+02
4.414414414414414289e-01 2.616121052667165827e+02
4.423173173173173267e-01 2.615987499164094174e+02
4.431931931931931690e-01 2.615852889825801526e+02
4.440690690690690667e-01 2.615716557140080454e+02
4.449449449449449645e-01 2.615580224454358813e+02
4.458208208208208068e-01 2.615443891768637741e+02
4.466966966966967045e-01 2.615301973411596919e+02
4.475725725725725468e-01 2.615164105044599978e+02
4.484484484484484446e-01 2.615026737120940084e+02
4.493243243243243423e-01 2.614889369197280757e+02
4.502002002002001846e-01 2.614752001273621431e+02
4.510760760760760824e-01 2.614614633349961537e+02
4.519519519519519246e-01 2.614477265426302210e+02
4.528278278278278224e-01 2.614339897502642884e+02
4.537037037037037202e-01 2.614202529578983558e+02
4.545795795795795624e-01 2.614061735406939988e+02
4.554554554554554602e-01 2.613920731038796248e+02
4.563313313313313024e-01 2.613778865294298726e+02
4.572072072072072002e-01 2.613627326559912376e+02
4.580830830830830980e-01 2.613475787825526027e+02
4.589589589589589402e-01 2.613324249091139677e+02
4.598348348348348380e-01 2.613172710356753328e+02
4.607107107107106803e-01 2.613021171622366978e+02
4.615865865865865780e-01 2.612869632887981197e+02
4.624624624624624758e-01 2.612718094153594279e+02
4.633383383383383181e-01 2.612566555419208498e+02
4.642142142142142158e-01 2.612415016684822149e+02
4.650900900900901136e-01 2.612263477950435799e+02
4.659659659659659559e-01 2.612111939216049450e+02
4.668418418418418536e-01 2.611960400481663669e+02
4.677177177177176959e-01 2.611808861747277319e+02
4.685935935935935936e-01 2.611657323012890970e+02
4.694694694694694914e-01 2.611505784278504620e+02
4.703453453453453337e-01 2.611354245544118839e+02
4.712212212212212314e-01 2.611203729551896231e+02
4.720970970970970737e-01 2.611056502584010559e+02
4.729729729729729715e-01 2.610909275616124887e+02
4.738488488488488692e-01 2.610761927600886452e+02
4.747247247247247115e-01 2.610601845543174591e+02
4.756006006006006093e-01 2.610441763485462729e+02
4.764764764764764515e-01 2.610281681427750300e+02
4.773523523523523493e-01 2.610121599370037870e+02
4.782282282282282471e-01 2.609961517312326009e+02
4.791041041041040893e-01 2.609801435254613580e+02
4.799799799799799871e-01 2.609641353196901719e+02
4.808558558558558294e-01 2.609481271139189857e+02
4.817317317317317271e-01 2.609321189081476859e+02
4.826076076076076249e-01 2.609161107023764998e+02
4.834834834834834671e-01 2.609001024966052569e+02
4.843593593593593649e-01 2.608840942908340708e+02
4.852352352352352072e-01 2.608680860850628278e+02
4.861111111111111049e-01 2.608520556679462743e+02
4.869869869869870027e-01 2.608357424713111641e+02
4.878628628628628450e-01 2.608194292746760539e+02
4.887387387387387427e-01 2.608031160780408868e+02
4.896146146146145850e-01 2.607861252212283034e+02
4.904904904904904828e-01 2.607677691368432988e+02
4.913663663663663805e-01 2.607494130524582943e+02
4.922422422422422228e-01 2.607310569680732897e+02
4.931181181181181206e-01 2.607127008836883419e+02
4.939939939939939628e-01 2.606943447993033374e+02
4.948698698698698606e-01 2.606759887149183896e+02
4.957457457457457584e-01 2.606576326305333851e+02
4.966216216216216006e-01 2.606392765461483805e+02
4.974974974974974984e-01 2.606210346066410466e+02
4.983733733733733962e-01 2.606011783604336642e+02
4.992492492492492384e-01 2.605795668785310681e+02
5.001251251251250807e-01 2.605577584602567640e+02
5.010010010010009784e-01 2.605359500419824599e+02
5.018768768768768762e-01 2.605141416237081557e+02
5.027527527527527740e-01 2.604923332054338516e+02
5.036286286286286717e-01 2.604705247871595475e+02
5.045045045045044585e-01 2.604487163688852434e+02
5.053803803803803563e-01 2.604269079506108824e+02
5.062562562562562540e-01 2.604050995323365782e+02
5.071321321321321518e-01 2.603832911140622741e+02
5.080080080080080496e-01 2.603614826957879700e+02
5.088838838838838363e-01 2.603396742775136659e+02
5.097597597597597341e-01 2.603178658592393049e+02
5.106356356356356319e-01 2.602960574409650008e+02
5.115115115115115296e-01 2.602742490226906966e+02
5.123873873873874274e-01 2.602524406044163925e+02
5.132632632632632141e-01 2.602306321861420315e+02
5.141391391391391119e-01 2.602088237678677274e+02
5.150150150150150097e-01 2.601870153495934233e+02
5.158908908908909074e-01 2.601652069313191191e+02
5.167667667667668052e-01 2.601433985130448150e+02
5.176426426426425920e-01 2.601215900947704540e+02
5.185185185185184897e-01 2.600997816764961499e+02
5.193943943943943875e-01 2.600779732582218458e+02
5.202702702702702853e-01 2.600567866221747977e+02
5.211461461461461830e-01 2.600359561680382399e+02
5.220220220220219698e-01 2.600151257139016820e+02
5.228978978978978676e-01 2.599939362249195369e+02
5.237737737737737653e-01 2.599714915365663046e+02
5.246496496496496631e-01 2.599490468482130723e+02
5.255255255255255609e-01 2.599266021598598400e+02
5.264014014014013476e-01 2.599041248723464719e+02
5.272772772772772454e-01 2.598810082692631909e+02
5.281531531531531432e-01 2.598577651308737586e+02
5.290290290290290409e-01 2.598340984857716762e+02
5.299049049049049387e-01 2.598103176208460923e+02
5.307807807807807254e-01 2.597858181850086794e+02
5.316566566566566232e-01 2.597613187491712665e+02
5.325325325325325210e-01 2.597368193133338536e+02
5.334084084084084187e-01 2.597123198774964408e+02
5.342842842842843165e-01 2.596878204416590279e+02
5.351601601601601033e-01 2.596633210058215582e+02
5.360360360360360010e-01 2.596388215699841453e+02
5.369119119119118988e-01 2.596143221341467324e+02
5.377877877877877966e-01 2.595898226983093195e+02
5.386636636636636943e-01 2.595653232624719067e+02
5.395395395395394811e-01 2.595408238266344938e+02
5.404154154154153789e-01 2.595163243907970809e+02
5.412912912912912766e-01 2.594918249549596112e+02
5.421671671671671744e-01 2.594673255191221983e+02
5.430430430430430722e-01 2.594428260832847855e+02
5.439189189189188589e-01 2.594183266474473726e+02
5.447947947947947567e-01 2.593938272116099597e+02
5.456706706706706544e-01 2.593693277757725468e+02
5.465465465465465522e-01 2.593448283399351340e+02
5.474224224224224500e-01 2.593203289040977211e+02
5.482982982982983478e-01 2.592958294682602514e+02
5.491741741741741345e-01 2.592713300324228385e+02
5.500500500500500323e-01 2.592467896038052118e+02
5.509259259259259300e-01 2.592220195505951779e+02
5.518018018018018278e-01 2.591972494973850871e+02
5.526776776776777256e-01 2.591724794441749964e+02
5.535535535535535123e-01 2.591477093909649057e+02
5.544294294294294101e-01 2.591230149894324200e+02
5.553053053053053079e-01 2.590981962705536716e+02
5.561811811811812056e-01 2.590731369273775044e+02
5.570570570570571034e-01 2.590480775842012235e+02
5.579329329329328901e-01 2.590227428555241431e+02
5.588088088088087879e-01 2.589972861066705718e+02
5.596846846846846857e-01 2.589718293578170574e+02
5.605605605605605835e-01 2.589463726089635429e+02
5.614364364364364812e-01 2.589209158601099716e+02
5.623123123123122680e-01 2.588954591112564572e+02
5.631881881881881657e-01 2.588700023624029427e+02
5.640640640640640635e-01 2.588445456135493714e+02
5.649399399399399613e-01 2.588190888646958001e+02
5.658158158158158590e-01 2.587937018233492950e+02
5.666916916916916458e-01 2.587684742024449633e+02
5.675675675675675436e-01 2.587432465815405180e+02
5.684434434434434413e-01 2.587180189606361296e+02
5.693193193193193391e-01 2.586927913397317411e+02
5.701951951951952369e-01 2.586675637188273527e+02
5.710710710710710236e-01 2.586423360979229642e+02
5.719469469469469214e-01 2.586171084770185757e+02
5.728228228228228192e-01 2.585918808561141873e+02
5.736986986986987169e-01 2.585666532352098557e+02
5.745745745745746147e-01 2.585414256143054104e+02
5.754504504504504014e-01 2.585161979934010219e+02
5.763263263263262992e-01 2.584909703724966334e+02
5.772022022022021970e-01 2.584657427515922450e+02
5.780780780780780947e-01 2.584405151306878565e+02
5.789539539539539925e-01 2.584152875097834681e+02
5.798298298298297793e-01 2.583900598888790796e+02
5.807057057057056770e-01 2.583644460510157046e+02
5.815815815815815748e-01 2.583387631777718525e+02
5.824574574574574726e-01 2.583130803045280572e+02
5.833333333333333703e-01 2.582873974312842051e+02
5.842092092092091571e-01 2.582617336419008325e+02
5.850850850850850549e-01 2.582361830992086311e+02
5.859609609609609526e-01 2.582106325565163729e+02
5.868368368368368504e-01 2.581850820138241716e+02
5.877127127127127482e-01 2.581595314711319702e+02
5.885885885885885349e-01 2.581339809284397688e+02
5.894644644644644327e-01 2.581086496678658477e+02
5.903403403403403304e-01 2.580833476785653602e+02
5.912162162162162282e-01 2.580580456892648726e+02
5.920920920920921260e-01 2.580327436999643282e+02
5.929679679679679127e-01 2.580071950288431140e+02
5.938438438438438105e-01 2.579802326809069655e+02
5.947197197197197083e-01 2.579532703329708738e+02
5.955955955955956060e-01 2.579263079850346685e+02
5.964714714714715038e-01 2.578993456370985768e+02
5.973473473473472906e-01 2.578723832891624852e+02
5.982232232232231883e-01 2.578454209412263367e+02
5.990990990990990861e-01 2.578184585932901882e+02
5.999749749749749839e-01 2.577914962453540397e+02
6.008508508508508816e-01 2.577645338974179481e+02
6.017267267267266684e-01 2.577375715494818564e+02
6.026026026026025662e-01 2.577106092015457079e+02
6.034784784784784639e-01 2.576828264578308563e+02
6.043543543543543617e-01 2.576549554321315441e+02
6.052302302302302595e-01 2.576270844064322887e+02
6.061061061061060462e-01 2.575992133807330333e+02
6.069819819819819440e-01 2.575713423550337211e+02
6.078578578578578417e-01 2.575434713293345226e+02
6.087337337337337395e-01 2.575156003036352104e+02
6.096096096096096373e-01 2.574877292779358982e+02
6.104854854854855351e-01 2.574593009431628730e+02
6.113613613613613218e-01 2.574297445094990167e+02
6.122372372372372196e-01 2.574001880758352172e+02
6.131131131131131173e-01 2.573706316421714178e+02
6.139889889889890151e-01 2.573410752085076183e+02
6.148648648648649129e-01 2.573115187748437620e+02
6.157407407407406996e-01 2.572819623411799626e+02
6.166166166166165974e-01 2.572524059075161631e+02
6.174924924924924952e-01 2.572228494738523068e+02
6.183683683683683929e-01 2.571935990894663746e+02
6.192442442442442907e-01 2.571649281320960654e+02
6.201201201201200774e-01 2.571362571747257562e+02
6.209959959959959752e-01 2.571074517315229286e+02
6.218718718718718730e-01 2.570777371896039654e+02
6.227477477477477708e-01 2.570480226476848884e+02
6.236236236236236685e-01 2.570183081057658683e+02
6.244994994994994553e-01 2.569885935638468482e+02
6.253753753753753530e-01 2.569588790219278280e+02
6.262512512512512508e-01 2.569283208368260034e+02
6.271271271271271486e-01 2.568978165062607673e+02
6.280030030030030463e-01 2.568663081026773511e+02
6.288788788788788331e-01 2.568346549040214200e+02
6.297547547547547309e-01 2.568030017053654319e+02
6.306306306306306286e-01 2.567713485067094439e+02
6.315065065065065264e-01 2.567396953080533990e+02
6.323823823823824242e-01 2.567080421093974110e+02
6.332582582582582109e-01 2.566763889107414798e+02
6.341341341341341087e-01 2.566446276834636251e+02
6.350100100100100065e-01 2.566127713871417200e+02
6.358858858858859042e-01 2.565809150908198717e+02
6.367617617617618020e-01 2.565490587944980234e+02
6.376376376376375887e-01 2.565172024981761751e+02
6.385135135135134865e-01 2.564853462018543269e+02
6.393893893893893843e-01 2.564534899055324217e+02
6.402652652652652820e-01 2.564216336092105735e+02
6.411411411411411798e-01 2.563897773128886683e+02
6.420170170170169666e-01 2.563579210165668769e+02
6.428928928928928643e-01 2.563264112424176346e+02
6.437687687687687621e-01 2.562949624594432976e+02
6.446446446446446599e-01 2.562637378527368810e+02
6.455205205205205576e-01 2.562333757658311697e+02
6.463963963963963444e-01 2.562030136789254584e+02
6.472722722722722422e-01 2.561726515920197471e+02
6.481481481481481399e-01 2.561422895051140358e+02
6.490240240240240377e-01 2.561119274182083245e+02
6.498998998998999355e-01 2.560815653313026132e+02
6.507757757757757222e-01 2.560512032443969019e+02
6.516516516516516200e-01 2.560208411574911906e+02
6.525275275275275177e-01 2.559904790705855078e+02
6.534034034034034155e-01 2.559598604961451258e+02
6.542792792792793133e-01 2.559286420834913542e+02
6.551551551551551000e-01 2.558966119250703173e+02
6.560310310310309978e-01 2.558645817666492235e+02
6.569069069069068956e-01 2.558325516082281581e+02
6.577827827827827933e-01 2.558005214498070927e+02
6.586586586586586911e-01 2.557684912913860273e+02
6.595345345345344779e-01 2.557364611329649620e+02
6.604104104104103756e-01 2.557044309745439250e+02
6.612862862862862734e-01 2.556724008161228312e+02
6.621621621621621712e-01 2.556403706577017658e+02
6.630380380380380689e-01 2.556083404992807004e+02
6.639139139139138557e-01 2.555763103408596635e+02
6.647897897897897534e-01 2.555409699432993307e+02
6.656656656656656512e-01 2.555055772342731188e+02
6.665415415415415490e-01 2.554701845252468786e+02
6.674174174174174468e-01 2.554347918162206099e+02
6.682932932932932335e-01 2.553993991071944265e+02
6.691691691691691313e-01 2.553640063981681863e+02
6.700450450450450290e-01 2.553286136891419460e+02
6.709209209209209268e-01 2.552932209801157057e+02
6.717967967967968246e-01 2.552578282710894371e+02
6.726726726726726113e-01 2.552224355620632252e+02
6.735485485485485091e-01 2.551870319962237375e+02
6.744244244244244069e-01 2.551515904320855839e+02
6.753003003003003046e-01 2.551161488679474587e+02
6.761761761761762024e-01 2.550807073038093620e+02
6.770520520520521002e-01 2.550452657396712084e+02
6.779279279279278869e-01 2.550098241755331117e+02
6.788038038038037847e-01 2.549743826113949581e+02
6.796796796796796825e-01 2.549389410472568329e+02
6.805555555555555802e-01 2.549035499661590620e+02
6.814314314314314780e-01 2.548682891273213897e+02
6.823073073073072647e-01 2.548330282884837175e+02
6.831831831831831625e-01 2.547977674496460168e+02
6.840590590590590603e-01 2.547625066108083729e+02
6.849349349349349581e-01 2.547272457719706722e+02
6.858108108108108558e-01 2.546919849331330283e+02
6.866866866866866426e-01 2.546567240942953276e+02
6.875625625625625403e-01 2.546214632554576554e+02
6.884384384384384381e-01 2.545862024166199831e+02
6.893143143143143359e-01 2.545509415777822824e+02
6.901901901901902336e-01 2.545159212821588142e+02
6.910660660660660204e-01 2.544812972641350939e+02
6.919419419419419182e-01 2.544466732461114304e+02
6.928178178178178159e-01 2.544120492280877102e+02
6.936936936936937137e-01 2.543774252100640467e+02
6.945695695695696115e-01 2.543428011920403264e+02
6.954454454454453982e-01 2.543081771740166346e+02
6.963213213213212960e-01 2.542735531559929427e+02
6.971971971971971938e-01 2.542389291379692509e+02
6.980730730730730915e-01 2.542045203685023012e+02
6.989489489489489893e-01 2.541703632390718042e+02
6.998248248248247760e-01 2.541357109233815095e+02
7.007007007007006738e-01 2.541010586076911864e+02
7.015765765765765716e-01 2.540664062920009201e+02
7.024524524524524693e-01 2.540317539763106538e+02
7.033283283283283671e-01 2.539971016606203591e+02
7.042042042042041539e-01 2.539624493449300644e+02
7.050800800800800516e-01 2.539277970292397697e+02
7.059559559559559494e-01 2.538929830234854990e+02
7.068318318318318472e-01 2.538579882773559007e+02
7.077077077077077449e-01 2.538229935312262739e+02
7.085835835835835317e-01 2.537879987850966188e+02
7.094594594594594295e-01 2.537530040389669921e+02
7.103353353353353272e-01 2.537180092928373938e+02
7.112112112112112250e-01 2.536830145467077955e+02
7.120870870870871228e-01 2.536480198005781972e+02
7.129629629629629095e-01 2.536130250544485989e+02
7.138388388388388073e-01 2.535780303083189438e+02
7.147147147147147050e-01 2.535430223738676432e+02
7.155905905905906028e-01 2.535080054578295687e+02
7.164664664664665006e-01 2.534729885417914943e+02
7.173423423423422873e-01 2.534379716257534483e+02
7.182182182182181851e-01 2.534029547097154023e+02
7.190940940940940829e-01 2.533679377936772994e+02
7.199699699699699806e-01 2.533329208776392534e+02
7.208458458458458784e-01 2.532979039616011789e+02
7.217217217217216652e-01 2.532628870455631045e+02
7.225975975975975629e-01 2.532273601423478908e+02
7.234734734734734607e-01 2.531915068777604461e+02
7.243493493493493585e-01 2.531556536131729445e+02
7.252252252252252562e-01 2.531196927670804371e+02
7.261011011011010430e-01 2.530831989637825075e+02
7.269769769769769407e-01 2.530467051604845778e+02
7.278528528528528385e-01 2.530102113571865630e+02
7.287287287287287363e-01 2.529737175538886618e+02
7.296046046046046341e-01 2.529372237505907037e+02
7.304804804804804208e-01 2.529007299472927457e+02
7.313563563563563186e-01 2.528642361439947877e+02
7.322322322322322163e-01 2.528277423406968296e+02
7.331081081081081141e-01 2.527912485373988716e+02
7.339839839839840119e-01 2.527547547341009135e+02
7.348598598598597986e-01 2.527182609308029555e+02
7.357357357357356964e-01 2.526817671275050543e+02
7.366116116116115942e-01 2.526452733242070678e+02
7.374874874874874919e-01 2.526087795209091098e+02
7.383633633633633897e-01 2.525722857176111802e+02
7.392392392392392875e-01 2.525357919143132222e+02
7.401151151151150742e-01 2.524992981110152641e+02
7.409909909909909720e-01 2.524628043077173061e+02
7.418668668668668698e-01 2.524263296267646695e+02
7.427427427427427675e-01 2.523898811187453362e+02
7.436186186186186653e-01 2.523534326107260597e+02
7.444944944944944520e-01 2.523165794404848157e+02
7.453703703703703498e-01 2.522784990574393760e+02
7.462462462462462476e-01 2.522404186743939363e+02
7.471221221221221453e-01 2.522023382913484966e+02
7.479979979979980431e-01 2.521643731235184021e+02
7.488738738738738299e-01 2.521276257873854547e+02
7.497497497497497276e-01 2.520908784512524221e+02
7.506256256256256254e-01 2.520543527942014634e+02
7.515015015015015232e-01 2.520182205383629253e+02
7.523773773773774209e-01 2.519820882825243871e+02
7.532532532532532077e-01 2.519459560266858205e+02
7.541291291291291055e-01 2.519098237708473107e+02
7.550050050050050032e-01 2.518736915150087157e+02
7.558808808808809010e-01 2.518375592591702059e+02
7.567567567567567988e-01 2.518014270033316393e+02
7.576326326326325855e-01 2.517652947474931011e+02
7.585085085085084833e-01 2.517291624916545629e+02
7.593843843843843811e-01 2.516930302358160247e+02
7.602602602602602788e-01 2.516568979799774866e+02
7.611361361361361766e-01 2.516207657241389484e+02
7.620120120120119633e-01 2.515846334683004102e+02
7.628878878878878611e-01 2.515485012124618436e+02
7.637637637637637589e-01 2.515130814178057790e+02
7.646396396396396566e-01 2.514780160767277266e+02
7.655155155155155544e-01 2.514429507356496742e+02
7.663913913913913412e-01 2.514078853945716219e+02
7.672672672672672389e-01 2.513728200534935979e+02
7.681431431431431367e-01 2.513366575825980931e+02
7.690190190190190345e-01 2.512997838227601619e+02
7.698948948948949322e-01 2.512629100629222307e+02
7.707707707707707190e-01 2.512260363030842711e+02
7.716466466466466168e-01 2.511891625432463115e+02
7.725225225225225145e-01 2.511522887834083804e+02
7.733983983983984123e-01 2.511154150235703923e+02
7.742742742742743101e-01 2.510785412637324612e+02
7.751501501501500968e-01 2.510416675038945300e+02
7.760260260260259946e-01 2.510047937440565420e+02
7.769019019019018923e-01 2.509679199842186108e+02
7.777777777777777901e-01 2.509310462243806228e+02
7.786536536536536879e-01 2.508941724645426916e+02
7.795295295295294746e-01 2.508572987047047604e+02
7.804054054054053724e-01 2.508204249448668293e+02
7.812812812812812702e-01 2.507835511850288412e+02
7.821571571571571679e-01 2.507466774251909101e+02
7.830330330330330657e-01 2.507098257989483159e+02
7.839089089089088525e-01 2.506733394480522747e+02
7.847847847847847502e-01 2.506368530971562336e+02
7.856606606606606480e-01 2.506003412548106439e+02
7.865365365365365458e-01 2.505637099782128701e+02
7.874124124124124435e-01 2.505270787016150962e+02
7.882882882882882303e-01 2.504904474250173223e+02
7.891641641641641280e-01 2.504538161484195768e+02
7.900400400400400258e-01 2.504165012258226284e+02
7.909159159159159236e-01 2.503790498000803382e+02
7.917917917917918214e-01 2.503403189531162809e+02
7.926676676676676081e-01 2.503013052592466465e+02
7.935435435435435059e-01 2.502622915653769269e+02
7.944194194194194036e-01 2.502232778715072925e+02
7.952952952952953014e-01 2.501842641776376581e+02
7.961711711711711992e-01 2.501452504837679669e+02
7.970470470470469859e-01 2.501062367898983325e+02
7.979229229229228837e-01 2.500672230960286697e+02
7.987987987987987815e-01 2.500282094021590069e+02
7.996746746746746792e-01 2.499891957082893441e+02
8.005505505505505770e-01 2.499501820144196813e+02
8.014264264264264748e-01 2.499111683205500469e+02
8.023023023023022615e-01 2.498721546266803557e+02
8.031781781781781593e-01 2.498331409328106929e+02
8.040540540540540571e-01 2.497941272389410301e+02
8.049299299299299548e-01 2.497551135450713957e+02
8.058058058058058526e-01 2.497160998512017329e+02
8.066816816816816393e-01 2.496770861573320985e+02
8.075575575575575371e-01 2.496380724634624073e+02
8.084334334334334349e-01 2.495990587695927729e+02
8.093093093093093326e-01 2.495600450757230817e+02
8.101851851851852304e-01 2.495210313818534189e+02
8.110610610610610172e-01 2.494820140210563864e+02
8.119369369369369149e-01 2.494425943229700238e+02
8.128128128128128127e-01 2.494040128539487569e+02
8.136886886886887105e-01 2.493654597458895239e+02
8.145645645645646082e-01 2.493269066378302909e+02
8.154404404404403950e-01 2.492883535297710011e+02
8.163163163163162928e-01 2.492498004217117682e+02
8.171921921921921905e-01 2.492112473136525068e+02
8.180680680680680883e-01 2.491727238122226424e+02
8.189439439439439861e-01 2.491346842463134408e+02
8.198198198198197728e-01 2.490966446804042675e+02
8.206956956956956706e-01 2.490586051144950943e+02
8.215715715715715683e-01 2.490204046727870377e+02
8.224474474474474661e-01 2.489821344459155057e+02
8.233233233233233639e-01 2.489438642190439737e+02
8.241991991991991506e-01 2.489055939921724416e+02
8.250750750750750484e-01 2.488673237653009664e+02
8.259509509509509462e-01 2.488290535384294344e+02
8.268268268268268439e-01 2.487907833115579024e+02
8.277027027027027417e-01 2.487525130846863703e+02
8.285785785785785285e-01 2.487142428578148383e+02
8.294544544544544262e-01 2.486759338516080504e+02
8.303303303303303240e-01 2.486375242853433463e+02
8.312062062062062218e-01 2.485991147190786137e+02
8.320820820820821195e-01 2.485607051528138811e+02
8.329579579579579063e-01 2.485222955865491485e+02
8.338338338338338041e-01 2.484837131545211264e+02
8.347097097097097018e-01 2.484447522509062480e+02
8.355855855855855996e-01 2.484057913472913697e+02
8.364614614614614974e-01 2.483668304436764913e+02
8.373373373373372841e-01 2.483276163082126686e+02
8.382132132132131819e-01 2.482870439348606055e+02
8.390890890890890796e-01 2.482464715615084856e+02
8.399649649649649774e-01 2.482058991881563941e+02
8.408408408408408752e-01 2.481653268148043310e+02
8.417167167167166619e-01 2.481247544414522395e+02
8.425925925925925597e-01 2.480841820681001764e+02
8.434684684684684575e-01 2.480436096947481133e+02
8.443443443443443552e-01 2.480030373213959649e+02
8.452202202202202530e-01 2.479624649480439018e+02
8.460960960960960398e-01 2.479218925746918103e+02
8.469719719719719375e-01 2.478813202013397472e+02
8.478478478478478353e-01 2.478424504258234720e+02
8.487237237237237331e-01 2.478039713589061250e+02
8.495995995995996308e-01 2.477654922919887781e+02
8.504754754754754176e-01 2.477270132250714596e+02
8.513513513513513153e-01 2.476885341581540558e+02
8.522272272272272131e-01 2.476500550912367089e+02
8.531031031031031109e-01 2.476115760243193620e+02
8.539789789789790087e-01 2.475730969574020151e+02
8.548548548548547954e-01 2.475346178904846681e+02
8.557307307307306932e-01 2.474961388235673212e+02
8.566066066066065909e-01 2.474576597566499458e+02
8.574824824824824887e-01 2.474191806897326273e+02
8.583583583583583865e-01 2.473807016228152520e+02
8.592342342342341732e-01 2.473422225558979051e+02
8.601101101101100710e-01 2.473037434889805581e+02
8.609859859859859688e-01 2.472652644220631828e+02
8.618618618618618665e-01 2.472267853551458643e+02
8.627377377377377643e-01 2.471883062882284889e+02
8.636136136136135510e-01 2.471498272213111420e+02
8.644894894894894488e-01 2.471113481543937667e+02
8.653653653653653466e-01 2.470728690291546741e+02
8.662412412412412444e-01 2.470343898958648197e+02
8.671171171171171421e-01 2.469959107625749937e+02
8.679929929929930399e-01 2.469574316292851677e+02
8.688688688688688266e-01 2.469189524959953417e+02
8.697447447447447244e-01 2.468804733627055157e+02
8.706206206206206222e-01 2.468419942294156044e+02
8.714964964964965199e-01 2.468035150961257784e+02
8.723723723723724177e-01 2.467650359628359524e+02
8.732482482482482045e-01 2.467265568295460980e+02
8.741241241241241022e-01 2.466882135548042925e+02
8.750000000000000000e-01 2.466500000000000341e+02
