LineProbe
number of points: 1000 (fixed)
point 0: [0. 0. 0.]
point 1: [0.875 0.    0.   ]
-----

# T 1000
0.000000000000000000e+00 2.628793251156743054e+02
8.758758758758758683e-04 2.628891482151343553e+02
1.751751751751751737e-03 2.628989713145943483e+02
2.627627627627627388e-03 2.629087806624525570e+02
3.503503503503503473e-03 2.629185269703338008e+02
4.379379379379379558e-03 2.629282732782151015e+02
5.255255255255254776e-03 2.629380195860963454e+02
6.131131131131130861e-03 2.629477658939776461e+02
7.007007007007006946e-03 2.629575122018589468e+02
7.882882882882882164e-03 2.629672585097401907e+02
8.758758758758759116e-03 2.629770048176214914e+02
9.634634634634634334e-03 2.629867511255027921e+02
1.051051051051050955e-02 2.629964974333840360e+02
1.138638638638638650e-02 2.630062437412653367e+02
1.226226226226226172e-02 2.630160888203881768e+02
1.313813813813813867e-02 2.630259852084531644e+02
1.401401401401401389e-02 2.630358815965180952e+02
1.488988988988988911e-02 2.630457779845830828e+02
1.576576576576576433e-02 2.630556743726481272e+02
1.664164164164164128e-02 2.630655707607130580e+02
1.751751751751751823e-02 2.630754671487781025e+02
1.839339339339339172e-02 2.630853248352841547e+02
1.926926926926926867e-02 2.630947768195906065e+02
2.014514514514514562e-02 2.631042288038969446e+02
2.102102102102101910e-02 2.631136807882033963e+02
2.189689689689689606e-02 2.631230553401647967e+02
2.277277277277277301e-02 2.631323070872282983e+02
2.364864864864864996e-02 2.631413243167592100e+02
2.452452452452452344e-02 2.631502588653437442e+02
2.540040040040040040e-02 2.631591934139282785e+02
2.627627627627627735e-02 2.631681279625129264e+02
2.715215215215215083e-02 2.631770625110974606e+02
2.802802802802802778e-02 2.631859970596819949e+02
2.890390390390390474e-02 2.631949316082665291e+02
2.977977977977977822e-02 2.632038661568511202e+02
3.065565565565565517e-02 2.632128007054356544e+02
3.153153153153152866e-02 2.632217352540202455e+02
3.240740740740740561e-02 2.632306698026047798e+02
3.328328328328328256e-02 2.632396043511893140e+02
3.415915915915915951e-02 2.632485042987478323e+02
3.503503503503503647e-02 2.632571052274440717e+02
3.591091091091091342e-02 2.632657061561403111e+02
3.678678678678678343e-02 2.632743070848364937e+02
3.766266266266266038e-02 2.632829080135327899e+02
3.853853853853853734e-02 2.632915089422290293e+02
3.941441441441441429e-02 2.633001098709252688e+02
4.029029029029029124e-02 2.633087107996215082e+02
4.116616616616616819e-02 2.633177550800216409e+02
4.204204204204203821e-02 2.633269836385061922e+02
4.291791791791791516e-02 2.633364528772036692e+02
4.379379379379379211e-02 2.633459221159010895e+02
4.466966966966966907e-02 2.633553913545985097e+02
4.554554554554554602e-02 2.633648605932959867e+02
4.642142142142142297e-02 2.633743298319934070e+02
4.729729729729729992e-02 2.633837990706908840e+02
4.817317317317316994e-02 2.633932683093883043e+02
4.904904904904904689e-02 2.634027375480857813e+02
4.992492492492492384e-02 2.634122067867832584e+02
5.080080080080080079e-02 2.634217100209309592e+02
5.167667667667667775e-02 2.634312355085499462e+02
5.255255255255255470e-02 2.634407609961689332e+02
5.342842842842842471e-02 2.634502864837879770e+02
5.430430430430430166e-02 2.634598119714070208e+02
5.518018018018017862e-02 2.634693374590260646e+02
5.605605605605605557e-02 2.634784501851068512e+02
5.693193193193193252e-02 2.634873525488422956e+02
5.780780780780780947e-02 2.634962549125777400e+02
5.868368368368368643e-02 2.635051572763131844e+02
5.955955955955955644e-02 2.635140596400485720e+02
6.043543543543543339e-02 2.635229620037840164e+02
6.131131131131131035e-02 2.635318643675194608e+02
6.218718718718718730e-02 2.635407667312548483e+02
6.306306306306305731e-02 2.635496690949902927e+02
6.393893893893894120e-02 2.635585714587257371e+02
6.481481481481481122e-02 2.635673653078453640e+02
6.569069069069069511e-02 2.635755566242229406e+02
6.656656656656656512e-02 2.635837479406006310e+02
6.744244244244243514e-02 2.635919392569783213e+02
6.831831831831831903e-02 2.636001305733559548e+02
6.919419419419418904e-02 2.636083218897336451e+02
7.007007007007007293e-02 2.636165442113272093e+02
7.094594594594594295e-02 2.636248526937067709e+02
7.182182182182182684e-02 2.636331611760864462e+02
7.269769769769769685e-02 2.636414696584660078e+02
7.357357357357356686e-02 2.636497781408456262e+02
7.444944944944945076e-02 2.636579701311794679e+02
7.532532532532532077e-02 2.636659975046530917e+02
7.620120120120120466e-02 2.636740248781266587e+02
7.707707707707707467e-02 2.636820253991926961e+02
7.795295295295295857e-02 2.636898026355430034e+02
7.882882882882882858e-02 2.636975798718933106e+02
7.970470470470469859e-02 2.637053571082435610e+02
8.058058058058058248e-02 2.637131343445938114e+02
8.145645645645645250e-02 2.637209115809441187e+02
8.233233233233233639e-02 2.637286888172944259e+02
8.320820820820820640e-02 2.637364660536446763e+02
8.408408408408407642e-02 2.637442432899949836e+02
8.495995995995996031e-02 2.637520205263452340e+02
8.583583583583583032e-02 2.637598107133563872e+02
8.671171171171171421e-02 2.637676435946348761e+02
8.758758758758758423e-02 2.637754764759133650e+02
8.846346346346346812e-02 2.637833093571917971e+02
8.933933933933933813e-02 2.637911422384703428e+02
9.021521521521520814e-02 2.637989751197488317e+02
9.109109109109109204e-02 2.638068370665411635e+02
9.196696696696696205e-02 2.638149788009754957e+02
9.284284284284284594e-02 2.638231205354097142e+02
9.371871871871871595e-02 2.638312622698440464e+02
9.459459459459459985e-02 2.638394040042783217e+02
9.547047047047046986e-02 2.638475457387126539e+02
9.634634634634633987e-02 2.638556874731469293e+02
9.722222222222222376e-02 2.638638292075812046e+02
9.809809809809809378e-02 2.638719709420155368e+02
9.897397397397397767e-02 2.638801126764498122e+02
9.984984984984984768e-02 2.638882544108840875e+02
1.007257257257257316e-01 2.638963961453183629e+02
1.016016016016016016e-01 2.639045378797526382e+02
1.024774774774774716e-01 2.639126796141870273e+02
1.033533533533533555e-01 2.639208213486213026e+02
1.042292292292292255e-01 2.639289593963659399e+02
1.051051051051051094e-01 2.639370829160456537e+02
1.059809809809809794e-01 2.639451186671499272e+02
1.068568568568568494e-01 2.639531544182542575e+02
1.077327327327327333e-01 2.639611901693585310e+02
1.086086086086086033e-01 2.639692259204628044e+02
1.094844844844844872e-01 2.639772616715671347e+02
1.103603603603603572e-01 2.639852974226713513e+02
1.112362362362362411e-01 2.639933331737756816e+02
1.121121121121121111e-01 2.640013689248800119e+02
1.129879879879879812e-01 2.640094046759842286e+02
1.138638638638638650e-01 2.640177956195339561e+02
1.147397397397397351e-01 2.640266323125855479e+02
1.156156156156156189e-01 2.640354690056370828e+02
1.164914914914914890e-01 2.640443056986886745e+02
1.173673673673673729e-01 2.640531423917402662e+02
1.182432432432432429e-01 2.640619790847918580e+02
1.191191191191191129e-01 2.640708157778433929e+02
1.199949949949949968e-01 2.640796524708949846e+02
1.208708708708708668e-01 2.640884891639465764e+02
1.217467467467467507e-01 2.640973258569981112e+02
1.226226226226226207e-01 2.641061625500497030e+02
1.234984984984984907e-01 2.641140452410185731e+02
1.243743743743743746e-01 2.641216266964502779e+02
1.252502502502502446e-01 2.641292081518819259e+02
1.261261261261261146e-01 2.641367896073135739e+02
1.270020020020020124e-01 2.641443710627452788e+02
1.278778778778778824e-01 2.641519525181769268e+02
1.287537537537537524e-01 2.641595339736085748e+02
1.296296296296296224e-01 2.641671154290402797e+02
1.305055055055054924e-01 2.641746968844719277e+02
1.313813813813813902e-01 2.641822783399036325e+02
1.322572572572572602e-01 2.641897349718842065e+02
1.331331331331331302e-01 2.641971447607338632e+02
1.340090090090090003e-01 2.642045545495834631e+02
1.348848848848848703e-01 2.642119643384331198e+02
1.357607607607607680e-01 2.642193741272828333e+02
1.366366366366366381e-01 2.642267839161324332e+02
1.375125125125125081e-01 2.642341937049820899e+02
1.383883883883883781e-01 2.642416034938318035e+02
1.392642642642642758e-01 2.642487603752539371e+02
1.401401401401401459e-01 2.642558499155245499e+02
1.410160160160160159e-01 2.642629394557951628e+02
1.418918918918918859e-01 2.642700289960658324e+02
1.427677677677677559e-01 2.642771185363364452e+02
1.436436436436436537e-01 2.642842080766070580e+02
1.445195195195195237e-01 2.642912976168776709e+02
1.453953953953953937e-01 2.642983871571483405e+02
1.462712712712712637e-01 2.643054766974188965e+02
1.471471471471471337e-01 2.643125662376895662e+02
1.480230230230230315e-01 2.643196557779601790e+02
1.488988988988989015e-01 2.643267453182308486e+02
1.497747747747747715e-01 2.643338348585014046e+02
1.506506506506506415e-01 2.643409243987721311e+02
1.515265265265265116e-01 2.643480139390427439e+02
1.524024024024024093e-01 2.643551034793133567e+02
1.532782782782782793e-01 2.643621930195839695e+02
1.541541541541541493e-01 2.643692825598545824e+02
1.550300300300300194e-01 2.643758068413116007e+02
1.559059059059059171e-01 2.643815198253784615e+02
1.567817817817817871e-01 2.643874602298874947e+02
1.576576576576576572e-01 2.643937690485471990e+02
1.585335335335335272e-01 2.644002217596226956e+02
1.594094094094093972e-01 2.644066744706982490e+02
1.602852852852852950e-01 2.644131271817736888e+02
1.611611611611611650e-01 2.644195798928492422e+02
1.620370370370370350e-01 2.644260326039247389e+02
1.629129129129129050e-01 2.644324853150002923e+02
1.637887887887887750e-01 2.644389380260757889e+02
1.646646646646646728e-01 2.644453907371512855e+02
1.655405405405405428e-01 2.644518434482267821e+02
1.664164164164164128e-01 2.644582961593023356e+02
1.672922922922922828e-01 2.644647488703778322e+02
1.681681681681681528e-01 2.644712015814533288e+02
1.690440440440440506e-01 2.644776542925288254e+02
1.699199199199199206e-01 2.644841070036043789e+02
1.707957957957957906e-01 2.644903271896813521e+02
1.716716716716716606e-01 2.644965398679381678e+02
1.725475475475475584e-01 2.645027525461948699e+02
1.734234234234234284e-01 2.645089652244516856e+02
1.742992992992992984e-01 2.645151779027083876e+02
1.751751751751751685e-01 2.645213905809651465e+02
1.760510510510510385e-01 2.645276032592219053e+02
1.769269269269269362e-01 2.645338105023117805e+02
1.778028028028028062e-01 2.645399177167403764e+02
1.786786786786786763e-01 2.645460249311690291e+02
1.795545545545545463e-01 2.645521321455976249e+02
1.804304304304304163e-01 2.645582393600262208e+02
1.813063063063063141e-01 2.645643465744548166e+02
1.821821821821821841e-01 2.645704537888834125e+02
1.830580580580580541e-01 2.645765610033120083e+02
1.839339339339339241e-01 2.645826243630305044e+02
1.848098098098098219e-01 2.645881743358343670e+02
1.856856856856856919e-01 2.645927720241698466e+02
1.865615615615615619e-01 2.645966640683018909e+02
1.874374374374374319e-01 2.646005428633689576e+02
1.883133133133133019e-01 2.646044193630035579e+02
1.891891891891891997e-01 2.646082958626381014e+02
1.900650650650650697e-01 2.646121723622727018e+02
1.909409409409409397e-01 2.646160488619073021e+02
1.918168168168168097e-01 2.646199253615418456e+02
1.926926926926926797e-01 2.646238018611764460e+02
1.935685685685685775e-01 2.646276783608110463e+02
1.944444444444444475e-01 2.646315548604455898e+02
1.953203203203203175e-01 2.646354313600801902e+02
1.961961961961961876e-01 2.646393078597147905e+02
1.970720720720720576e-01 2.646431843593493340e+02
1.979479479479479553e-01 2.646470608589839344e+02
1.988238238238238254e-01 2.646509373586185347e+02
1.996996996996996954e-01 2.646548138582530783e+02
2.005755755755755654e-01 2.646586903578876786e+02
2.014514514514514631e-01 2.646625668575222790e+02
2.023273273273273332e-01 2.646664433571568225e+02
2.032032032032032032e-01 2.646703198567914228e+02
2.040790790790790732e-01 2.646741963564260232e+02
2.049549549549549432e-01 2.646781850412421591e+02
2.058308308308308410e-01 2.646825217679808020e+02
2.067067067067067110e-01 2.646868584947194449e+02
2.075825825825825810e-01 2.646911952214580879e+02
2.084584584584584510e-01 2.646955319481966740e+02
2.093343343343343210e-01 2.646997861824905840e+02
2.102102102102102188e-01 2.647036171446164303e+02
2.110860860860860888e-01 2.647074481067422767e+02
2.119619619619619588e-01 2.647112790688681230e+02
2.128378378378378288e-01 2.647151100309939693e+02
2.137137137137136988e-01 2.647189409931198725e+02
2.145895895895895966e-01 2.647227719552457188e+02
2.154654654654654666e-01 2.647266029173715651e+02
2.163413413413413366e-01 2.647304338794974115e+02
2.172172172172172067e-01 2.647345131443793207e+02
2.180930930930931044e-01 2.647390075401994523e+02
2.189689689689689744e-01 2.647435019360195838e+02
2.198448448448448445e-01 2.647479963318397154e+02
2.207207207207207145e-01 2.647524907276598469e+02
2.215965965965965845e-01 2.647569851234799216e+02
2.224724724724724823e-01 2.647614795193000532e+02
2.233483483483483523e-01 2.647659739151201848e+02
2.242242242242242223e-01 2.647704683109403163e+02
2.251001001001000923e-01 2.647749627067604479e+02
2.259759759759759623e-01 2.647794571025805226e+02
2.268518518518518601e-01 2.647839514984006541e+02
2.277277277277277301e-01 2.647884458942207857e+02
2.286036036036036001e-01 2.647929402900409173e+02
2.294794794794794701e-01 2.647974346858610488e+02
2.303553553553553401e-01 2.648019290816811235e+02
2.312312312312312379e-01 2.648063507882076806e+02
2.321071071071071079e-01 2.648101355087812294e+02
2.329829829829829779e-01 2.648128226453205230e+02
2.338588588588588479e-01 2.648157772466738606e+02
2.347347347347347457e-01 2.648188805594076030e+02
2.356106106106106157e-01 2.648210537175501713e+02
2.364864864864864857e-01 2.648232230555669275e+02
2.373623623623623557e-01 2.648253923935836838e+02
2.382382382382382258e-01 2.648275617316003263e+02
2.391141141141141235e-01 2.648297310696170825e+02
2.399899899899899935e-01 2.648319004076338388e+02
2.408658658658658636e-01 2.648340697456505950e+02
2.417417417417417336e-01 2.648362390836673512e+02
2.426176176176176036e-01 2.648384084216840506e+02
2.434934934934935014e-01 2.648405777597007500e+02
2.443693693693693714e-01 2.648427470977175062e+02
2.452452452452452414e-01 2.648449164357342624e+02
2.461211211211211114e-01 2.648470857737509618e+02
2.469969969969969814e-01 2.648492551117677181e+02
2.478728728728728792e-01 2.648514244497844174e+02
2.487487487487487492e-01 2.648535937878012305e+02
2.496246246246246192e-01 2.648557631258179299e+02
2.505005005005004892e-01 2.648579324638346861e+02
2.513763763763763870e-01 2.648598224799316085e+02
2.522522522522522292e-01 2.648616702934573937e+02
2.531281281281281270e-01 2.648635181069831219e+02
2.540040040040040248e-01 2.648653659205089070e+02
2.548798798798798670e-01 2.648672137340346353e+02
2.557557557557557648e-01 2.648690615475604204e+02
2.566316316316316071e-01 2.648698643399952175e+02
2.575075075075075048e-01 2.648703741578910353e+02
2.583833833833834026e-01 2.648708839757869100e+02
2.592592592592592449e-01 2.648713937936827278e+02
2.601351351351351426e-01 2.648719036115785457e+02
2.610110110110109849e-01 2.648724134294744204e+02
2.618868868868868827e-01 2.648729232473702382e+02
2.627627627627627804e-01 2.648734330652660560e+02
2.636386386386386227e-01 2.648739428831618739e+02
2.645145145145145205e-01 2.648743482456788456e+02
2.653903903903903627e-01 2.648737423145682897e+02
2.662662662662662605e-01 2.648731363834577337e+02
2.671421421421421583e-01 2.648725304523471777e+02
2.680180180180180005e-01 2.648719245212366218e+02
2.688938938938938983e-01 2.648713185901260658e+02
2.697697697697697405e-01 2.648707126590155099e+02
2.706456456456456383e-01 2.648701067279049539e+02
2.715215215215215361e-01 2.648695007967943980e+02
2.723973973973973783e-01 2.648688948656837852e+02
2.732732732732732761e-01 2.648677259124285683e+02
2.741491491491491739e-01 2.648663764328382513e+02
2.750250250250250161e-01 2.648650269532478205e+02
2.759009009009009139e-01 2.648636774736575035e+02
2.767767767767767562e-01 2.648623279940670727e+02
2.776526526526526539e-01 2.648609785144766988e+02
2.785285285285285517e-01 2.648596290348863818e+02
2.794044044044043940e-01 2.648582795552959510e+02
2.802802802802802917e-01 2.648569300757055771e+02
2.811561561561561340e-01 2.648555805961152601e+02
2.820320320320320318e-01 2.648542311165248293e+02
2.829079079079079295e-01 2.648528816369344554e+02
2.837837837837837718e-01 2.648515321573440815e+02
2.846596596596596696e-01 2.648502325689448753e+02
2.855355355355355118e-01 2.648486814199847572e+02
2.864114114114114096e-01 2.648467633035666040e+02
2.872872872872873073e-01 2.648437535376465348e+02
2.881631631631631496e-01 2.648407261685259186e+02
2.890390390390390474e-01 2.648376987994053025e+02
2.899149149149148896e-01 2.648346714302847431e+02
2.907907907907907874e-01 2.648316440611641269e+02
2.916666666666666852e-01 2.648285829283130965e+02
2.925425425425425274e-01 2.648254908304292030e+02
2.934184184184184252e-01 2.648223987325453095e+02
2.942942942942942675e-01 2.648193066346613591e+02
2.951701701701701652e-01 2.648162145367774656e+02
2.960460460460460630e-01 2.648131224388935721e+02
2.969219219219219053e-01 2.648100303410096785e+02
2.977977977977978030e-01 2.648069382431257850e+02
2.986736736736736453e-01 2.648038461452418915e+02
2.995495495495495430e-01 2.648005927496251388e+02
3.004254254254254408e-01 2.647973217278790230e+02
3.013013013013012831e-01 2.647940507061329072e+02
3.021771771771771808e-01 2.647907796843868482e+02
3.030530530530530231e-01 2.647875086626407324e+02
3.039289289289289209e-01 2.647842376408946166e+02
3.048048048048048186e-01 2.647809666191485007e+02
3.056806806806806609e-01 2.647776955974023849e+02
3.065565565565565587e-01 2.647744245756562691e+02
3.074324324324324564e-01 2.647711535539101533e+02
3.083083083083082987e-01 2.647678825321640943e+02
3.091841841841841965e-01 2.647646115104179216e+02
3.100600600600600387e-01 2.647611647660262975e+02
3.109359359359359365e-01 2.647575446247249147e+02
3.118118118118118343e-01 2.647540349290667336e+02
3.126876876876876765e-01 2.647508289921324263e+02
3.135635635635635743e-01 2.647471231680692085e+02
3.144394394394394165e-01 2.647428727423159103e+02
3.153153153153153143e-01 2.647386223165626120e+02
3.161911911911912121e-01 2.647343718908093138e+02
3.170670670670670543e-01 2.647301214650559587e+02
3.179429429429429521e-01 2.647258710393027172e+02
3.188188188188187944e-01 2.647216206135493621e+02
3.196946946946946921e-01 2.647173701877960639e+02
3.205705705705705899e-01 2.647131197620427088e+02
3.214464464464464322e-01 2.647088693362894674e+02
3.223223223223223299e-01 2.647046189105361123e+02
3.231981981981981722e-01 2.647003684847828708e+02
3.240740740740740700e-01 2.646961180590295157e+02
3.249499499499499677e-01 2.646918676332761606e+02
3.258258258258258100e-01 2.646876172075229192e+02
3.267017017017017078e-01 2.646833667817695641e+02
3.275775775775775500e-01 2.646791163560162090e+02
3.284534534534534478e-01 2.646748659302630244e+02
3.293293293293293456e-01 2.646706155045096693e+02
3.302052052052051878e-01 2.646663650787563711e+02
3.310810810810810856e-01 2.646621146530030160e+02
3.319569569569569278e-01 2.646578642272497177e+02
3.328328328328328256e-01 2.646536138014963626e+02
3.337087087087087234e-01 2.646493633757431212e+02
3.345845845845845656e-01 2.646451129499898229e+02
3.354604604604604634e-01 2.646408625242365247e+02
3.363363363363363057e-01 2.646366120984831696e+02
3.372122122122122034e-01 2.646323616727298713e+02
3.380880880880881012e-01 2.646281054362877967e+02
3.389639639639639435e-01 2.646238478849369358e+02
3.398398398398398412e-01 2.646195903335861317e+02
3.407157157157157390e-01 2.646153327822352708e+02
3.415915915915915813e-01 2.646110752308844098e+02
3.424674674674674790e-01 2.646068176795335489e+02
3.433433433433433213e-01 2.646015244630590360e+02
3.442192192192192191e-01 2.645952437085981614e+02
3.450950950950951168e-01 2.645887654831229838e+02
3.459709709709709591e-01 2.645822872576478062e+02
3.468468468468468568e-01 2.645758090321726854e+02
3.477227227227226991e-01 2.645693308066975078e+02
3.485985985985985969e-01 2.645628525812223302e+02
3.494744744744744946e-01 2.645563743557471525e+02
3.503503503503503369e-01 2.645498961302719749e+02
3.512262262262262347e-01 2.645434179047968541e+02
3.521021021021020769e-01 2.645369396793216197e+02
3.529779779779779747e-01 2.645304614538464989e+02
3.538538538538538725e-01 2.645239832283713213e+02
3.547297297297297147e-01 2.645175050028961437e+02
3.556056056056056125e-01 2.645110267774209660e+02
3.564814814814814548e-01 2.645045485519457884e+02
3.573573573573573525e-01 2.644980703264706676e+02
3.582332332332332503e-01 2.644915921009954900e+02
3.591091091091090926e-01 2.644851138755203124e+02
3.599849849849849903e-01 2.644786356500451348e+02
3.608608608608608326e-01 2.644721574245700140e+02
3.617367367367367303e-01 2.644656791990947795e+02
3.626126126126126281e-01 2.644601323896304166e+02
3.634884884884884704e-01 2.644546886534078567e+02
3.643643643643643681e-01 2.644492449171852400e+02
3.652402402402402104e-01 2.644438011809626801e+02
3.661161161161161082e-01 2.644383574447400633e+02
3.669919919919920059e-01 2.644314597965579878e+02
3.678678678678678482e-01 2.644245104811454894e+02
3.687437437437437460e-01 2.644175611657329341e+02
3.696196196196196437e-01 2.644106118503203788e+02
3.704954954954954860e-01 2.644036625349078804e+02
3.713713713713713838e-01 2.643967132194953251e+02
3.722472472472472260e-01 2.643897639040827698e+02
3.731231231231231238e-01 2.643828145886702714e+02
3.739989989989990216e-01 2.643758652732577730e+02
3.748748748748748638e-01 2.643689159578451608e+02
3.757507507507507616e-01 2.643619666424326624e+02
3.766266266266266038e-01 2.643550173270201071e+02
3.775025025025025016e-01 2.643480680116075519e+02
3.783783783783783994e-01 2.643411186961950534e+02
3.792542542542542416e-01 2.643341693807824981e+02
3.801301301301301394e-01 2.643271225047618600e+02
3.810060060060059817e-01 2.643191913170476823e+02
3.818818818818818794e-01 2.643112601293334478e+02
3.827577577577577772e-01 2.643033975306295815e+02
3.836336336336336195e-01 2.642958885251218248e+02
3.845095095095095172e-01 2.642881532483727369e+02
3.853853853853853595e-01 2.642803261073410113e+02
3.862612612612612573e-01 2.642724989663092288e+02
3.871371371371371550e-01 2.642646718252774463e+02
3.880130130130129973e-01 2.642568446842456638e+02
3.888888888888888951e-01 2.642490175432138813e+02
3.897647647647647373e-01 2.642404614558334970e+02
3.906406406406406351e-01 2.642316299111395779e+02
3.915165165165165329e-01 2.642227983664455451e+02
3.923923923923923751e-01 2.642139668217515691e+02
3.932682682682682729e-01 2.642051352770576500e+02
3.941441441441441151e-01 2.641963037323636740e+02
3.950200200200200129e-01 2.641874721876697549e+02
3.958958958958959107e-01 2.641786406429757221e+02
3.967717717717717529e-01 2.641693184247545219e+02
3.976476476476476507e-01 2.641569411969884413e+02
3.985235235235234930e-01 2.641445639692224177e+02
3.993993993993993907e-01 2.641321867414562803e+02
4.002752752752752885e-01 2.641198095136901998e+02
4.011511511511511308e-01 2.641074322859241192e+02
4.020270270270270285e-01 2.640950550581580956e+02
4.029029029029029263e-01 2.640826778303919582e+02
4.037787787787787686e-01 2.640703006026259345e+02
4.046546546546546663e-01 2.640579233748598540e+02
4.055305305305305086e-01 2.640455461470937735e+02
4.064064064064064064e-01 2.640331689193276929e+02
4.072822822822823041e-01 2.640207916915616124e+02
4.081581581581581464e-01 2.640084144637955319e+02
4.090340340340340441e-01 2.639960372360294514e+02
4.099099099099098864e-01 2.639836600082633709e+02
4.107857857857857842e-01 2.639712827804972903e+02
4.116616616616616819e-01 2.639589055527312098e+02
4.125375375375375242e-01 2.639465283249651293e+02
4.134134134134134220e-01 2.639341510971991056e+02
4.142892892892892642e-01 2.639217738694329682e+02
4.151651651651651620e-01 2.639093966416668877e+02
4.160410410410410598e-01 2.638970194139008072e+02
4.169169169169169020e-01 2.638846421861346698e+02
4.177927927927927998e-01 2.638730680864728129e+02
4.186686686686686421e-01 2.638617361549305542e+02
4.195445445445445398e-01 2.638504042233882956e+02
4.204204204204204376e-01 2.638390722918459232e+02
4.212962962962962798e-01 2.638277403603036646e+02
4.221721721721721776e-01 2.638164084287614060e+02
4.230480480480480199e-01 2.638045808720613650e+02
4.239239239239239176e-01 2.637913730580846163e+02
4.247997997997998154e-01 2.637781652441078677e+02
4.256756756756756577e-01 2.637651228070254774e+02
4.265515515515515554e-01 2.637525074301322547e+02
4.274274274274273977e-01 2.637396415399435341e+02
4.283033033033032955e-01 2.637261365455786404e+02
4.291791791791791932e-01 2.637126315512137467e+02
4.300550550550550355e-01 2.636991265568487961e+02
4.309309309309309333e-01 2.636856215624839592e+02
4.318068068068067755e-01 2.636721165681189518e+02
4.326826826826826733e-01 2.636586115737541149e+02
4.335585585585585711e-01 2.636451065793892212e+02
4.344344344344344133e-01 2.636316015850242707e+02
4.353103103103103111e-01 2.636180965906594338e+02
4.361861861861862089e-01 2.636045915962944264e+02
4.370620620620620511e-01 2.635910866019295895e+02
4.379379379379379489e-01 2.635775816075646389e+02
4.388138138138137911e-01 2.635640766131998021e+02
4.396896896896896889e-01 2.635505716188348515e+02
4.405655655655655867e-01 2.635370666244699009e+02
4.414414414414414289e-01 2.635235616301050641e+02
4.423173173173173267e-01 2.635100566357401135e+02
4.431931931931931690e-01 2.634964330595683464e+02
4.440690690690690667e-01 2.634826159326909760e+02
4.449449449449449645e-01 2.634687988058136057e+02
4.458208208208208068e-01 2.634549816789362353e+02
4.466966966966967045e-01 2.634403576396780409e+02
4.475725725725725468e-01 2.634265217165491890e+02
4.484484484484484446e-01 2.634127711279377309e+02
4.493243243243243423e-01 2.633990205393262727e+02
4.502002002002001846e-01 2.633852699507147577e+02
4.510760760760760824e-01 2.633715193621033563e+02
4.519519519519519246e-01 2.633577687734918413e+02
4.528278278278278224e-01 2.633440181848803832e+02
4.537037037037037202e-01 2.633302675962688681e+02
4.545795795795795624e-01 2.633160902645986994e+02
4.554554554554554602e-01 2.633018995805942950e+02
4.563313313313313024e-01 2.632876325044674672e+02
4.572072072072072002e-01 2.632721366258559215e+02
4.580830830830830980e-01 2.632566407472443188e+02
4.589589589589589402e-01 2.632411448686327162e+02
4.598348348348348380e-01 2.632256489900211704e+02
4.607107107107106803e-01 2.632101531114095678e+02
4.615865865865865780e-01 2.631946572327979652e+02
4.624624624624624758e-01 2.631791613541864194e+02
4.633383383383383181e-01 2.631636654755748168e+02
4.642142142142142158e-01 2.631481695969632142e+02
4.650900900900901136e-01 2.631326737183516116e+02
4.659659659659659559e-01 2.631171778397400658e+02
4.668418418418418536e-01 2.631016819611284632e+02
4.677177177177176959e-01 2.630861860825168606e+02
4.685935935935935936e-01 2.630706902039053148e+02
4.694694694694694914e-01 2.630551943252937122e+02
4.703453453453453337e-01 2.630396984466821095e+02
4.712212212212212314e-01 2.630244033324765383e+02
4.720970970970970737e-01 2.630097538541317590e+02
4.729729729729729715e-01 2.629951043757869229e+02
4.738488488488488692e-01 2.629804352554743900e+02
4.747247247247247115e-01 2.629636998227118738e+02
4.756006006006006093e-01 2.629469643899493576e+02
4.764764764764764515e-01 2.629302289571868414e+02
4.773523523523523493e-01 2.629134935244243252e+02
4.782282282282282471e-01 2.628967580916618090e+02
4.791041041041040893e-01 2.628800226588992928e+02
4.799799799799799871e-01 2.628632872261367197e+02
4.808558558558558294e-01 2.628465517933742603e+02
4.817317317317317271e-01 2.628298163606116873e+02
4.826076076076076249e-01 2.628130809278492279e+02
4.834834834834834671e-01 2.627963454950867117e+02
4.843593593593593649e-01 2.627796100623241387e+02
4.852352352352352072e-01 2.627628746295616224e+02
4.861111111111111049e-01 2.627461115116823294e+02
4.869869869869870027e-01 2.627289959260048136e+02
4.878628628628628450e-01 2.627118803403272977e+02
4.887387387387387427e-01 2.626947647546497251e+02
4.896146146146145850e-01 2.626766950887592316e+02
4.904904904904904828e-01 2.626567033140357807e+02
4.913663663663663805e-01 2.626367115393122731e+02
4.922422422422422228e-01 2.626167197645887654e+02
4.931181181181181206e-01 2.625967279898653146e+02
4.939939939939939628e-01 2.625767362151418070e+02
4.948698698698698606e-01 2.625567444404183561e+02
4.957457457457457584e-01 2.625367526656948485e+02
4.966216216216216006e-01 2.625167608909713408e+02
4.974974974974974984e-01 2.624970236970557949e+02
4.983733733733733962e-01 2.624754508818929821e+02
4.992492492492492384e-01 2.624517528170839569e+02
5.001251251251250807e-01 2.624277996735640954e+02
5.010010010010009784e-01 2.624038465300441771e+02
5.018768768768768762e-01 2.623798933865242589e+02
5.027527527527527740e-01 2.623559402430043974e+02
5.036286286286286717e-01 2.623319870994844791e+02
5.045045045045044585e-01 2.623080339559645608e+02
5.053803803803803563e-01 2.622840808124446426e+02
5.062562562562562540e-01 2.622601276689247811e+02
5.071321321321321518e-01 2.622361745254048628e+02
5.080080080080080496e-01 2.622122213818849445e+02
5.088838838838838363e-01 2.621882682383650263e+02
5.097597597597597341e-01 2.621643150948451648e+02
5.106356356356356319e-01 2.621403619513252465e+02
5.115115115115115296e-01 2.621164088078053851e+02
5.123873873873874274e-01 2.620924556642854668e+02
5.132632632632632141e-01 2.620685025207654917e+02
5.141391391391391119e-01 2.620445493772456302e+02
5.150150150150150097e-01 2.620205962337257120e+02
5.158908908908909074e-01 2.619966430902057937e+02
5.167667667667668052e-01 2.619726899466859322e+02
5.176426426426425920e-01 2.619487368031660139e+02
5.185185185185184897e-01 2.619247836596460957e+02
5.193943943943943875e-01 2.619008305161262342e+02
5.202702702702702853e-01 2.618781111229900489e+02
5.211461461461461830e-01 2.618560984717797169e+02
5.220220220220219698e-01 2.618340858205694417e+02
5.228978978978978676e-01 2.618115826875874177e+02
5.237737737737737653e-01 2.617873648118197139e+02
5.246496496496496631e-01 2.617631469360520100e+02
5.255255255255255609e-01 2.617389290602843630e+02
5.264014014014013476e-01 2.617146933540879559e+02
5.272772772772772454e-01 2.616901079680035309e+02
5.281531531531531432e-01 2.616652497723144961e+02
5.290290290290290409e-01 2.616394784978778034e+02
5.299049049049049387e-01 2.616135649882622261e+02
5.307807807807807254e-01 2.615867566596992333e+02
5.316566566566566232e-01 2.615599483311362405e+02
5.325325325325325210e-01 2.615331400025732478e+02
5.334084084084084187e-01 2.615063316740102550e+02
5.342842842842843165e-01 2.614795233454472623e+02
5.351601601601601033e-01 2.614527150168842127e+02
5.360360360360360010e-01 2.614259066883212199e+02
5.369119119119118988e-01 2.613990983597582840e+02
5.377877877877877966e-01 2.613722900311952344e+02
5.386636636636636943e-01 2.613454817026322985e+02
5.395395395395394811e-01 2.613186733740692489e+02
5.404154154154153789e-01 2.612918650455062561e+02
5.412912912912912766e-01 2.612650567169433202e+02
5.421671671671671744e-01 2.612382483883803275e+02
5.430430430430430722e-01 2.612114400598172779e+02
5.439189189189188589e-01 2.611846317312542851e+02
5.447947947947947567e-01 2.611578234026912924e+02
5.456706706706706544e-01 2.611310150741282996e+02
5.465465465465465522e-01 2.611042067455653068e+02
5.474224224224224500e-01 2.610773984170023141e+02
5.482982982982983478e-01 2.610505900884393213e+02
5.491741741741741345e-01 2.610237817598763286e+02
5.500500500500500323e-01 2.609969236727750399e+02
5.509259259259259300e-01 2.609697868589316840e+02
5.518018018018018278e-01 2.609426500450883282e+02
5.526776776776777256e-01 2.609155132312449723e+02
5.535535535535535123e-01 2.608883764174016733e+02
5.544294294294294101e-01 2.608615569099697495e+02
5.553053053053053079e-01 2.608346839059526587e+02
5.561811811811812056e-01 2.608071206025356332e+02
5.570570570570571034e-01 2.607795572991185509e+02
5.579329329329328901e-01 2.607518293766588613e+02
5.588088088088087879e-01 2.607240285133777320e+02
5.596846846846846857e-01 2.606962276500966595e+02
5.605605605605605835e-01 2.606684267868155871e+02
5.614364364364364812e-01 2.606406259235344578e+02
5.623123123123122680e-01 2.606128250602533853e+02
5.631881881881881657e-01 2.605850241969723129e+02
5.640640640640640635e-01 2.605572233336912404e+02
5.649399399399399613e-01 2.605294224704101680e+02
5.658158158158158590e-01 2.605018000801062499e+02
5.666916916916916458e-01 2.604745858558976579e+02
5.675675675675675436e-01 2.604473716316890659e+02
5.684434434434434413e-01 2.604201574074804171e+02
5.693193193193193391e-01 2.603929431832717682e+02
5.701951951951952369e-01 2.603657289590631763e+02
5.710710710710710236e-01 2.603385147348545274e+02
5.719469469469469214e-01 2.603113005106459354e+02
5.728228228228228192e-01 2.602840862864372866e+02
5.736986986986987169e-01 2.602568720622286946e+02
5.745745745745746147e-01 2.602296578380200458e+02
5.754504504504504014e-01 2.602024436138114538e+02
5.763263263263262992e-01 2.601752293896028050e+02
5.772022022022021970e-01 2.601480151653941562e+02
5.780780780780780947e-01 2.601208009411855642e+02
5.789539539539539925e-01 2.600935867169769153e+02
5.798298298298297793e-01 2.600663724927683234e+02
5.807057057057056770e-01 2.600385151239971719e+02
5.815815815815815748e-01 2.600105427946358532e+02
5.824574574574574726e-01 2.599825704652745344e+02
5.833333333333333703e-01 2.599545981359132725e+02
5.842092092092091571e-01 2.599267124022102848e+02
5.850850850850850549e-01 2.598993405410445803e+02
5.859609609609609526e-01 2.598719686798788189e+02
5.868368368368368504e-01 2.598445968187131143e+02
5.877127127127127482e-01 2.598172249575474098e+02
5.885885885885885349e-01 2.597898530963817052e+02
5.894644644644644327e-01 2.597629834552411126e+02
5.903403403403403304e-01 2.597361808538564674e+02
5.912162162162162282e-01 2.597093782524717653e+02
5.920920920920921260e-01 2.596825756510870633e+02
5.929679679679679127e-01 2.596553588789658988e+02
5.938438438438438105e-01 2.596257685895508303e+02
5.947197197197197083e-01 2.595961783001357617e+02
5.955955955955956060e-01 2.595665880107206931e+02
5.964714714714715038e-01 2.595369977213056245e+02
5.973473473473472906e-01 2.595074074318906128e+02
5.982232232232231883e-01 2.594778171424755442e+02
5.990990990990990861e-01 2.594482268530605324e+02
5.999749749749749839e-01 2.594186365636454639e+02
6.008508508508508816e-01 2.593890462742303953e+02
6.017267267267266684e-01 2.593594559848153267e+02
6.026026026026025662e-01 2.593298656954002581e+02
6.034784784784784639e-01 2.592989187995253246e+02
6.043543543543543617e-01 2.592678259205609379e+02
6.052302302302302595e-01 2.592367330415966080e+02
6.061061061061060462e-01 2.592056401626322213e+02
6.069819819819819440e-01 2.591745472836678346e+02
6.078578578578578417e-01 2.591434544047034478e+02
6.087337337337337395e-01 2.591123615257391180e+02
6.096096096096096373e-01 2.590812686467747312e+02
6.104854854854855351e-01 2.590492237190061928e+02
6.113613613613613218e-01 2.590152516645309788e+02
6.122372372372372196e-01 2.589812796100557080e+02
6.131131131131131173e-01 2.589473075555804940e+02
6.139889889889890151e-01 2.589133355011052799e+02
6.148648648648649129e-01 2.588793634466300091e+02
6.157407407407406996e-01 2.588453913921548519e+02
6.166166166166165974e-01 2.588114193376795811e+02
6.174924924924924952e-01 2.587774472832044239e+02
6.183683683683683929e-01 2.587441183857358737e+02
6.192442442442442907e-01 2.587120071436315811e+02
6.201201201201200774e-01 2.586798959015272885e+02
6.209959959959959752e-01 2.586475826296407945e+02
6.218718718718718730e-01 2.586139036747508158e+02
6.227477477477477708e-01 2.585802247198608370e+02
6.236236236236236685e-01 2.585465457649708583e+02
6.244994994994994553e-01 2.585128668100808795e+02
6.253753753753753530e-01 2.584791878551909576e+02
6.262512512512512508e-01 2.584446081505851680e+02
6.271271271271271486e-01 2.584102986027441489e+02
6.280030030030030463e-01 2.583747866133716116e+02
6.288788788788788331e-01 2.583393383132176382e+02
6.297547547547547309e-01 2.583038900130636080e+02
6.306306306306306286e-01 2.582684417129096346e+02
6.315065065065065264e-01 2.582329934127556044e+02
6.323823823823824242e-01 2.581975451126016310e+02
6.332582582582582109e-01 2.581620968124476008e+02
6.341341341341341087e-01 2.581266960295080253e+02
6.350100100100100065e-01 2.580913370634133912e+02
6.358858858858859042e-01 2.580559780973188140e+02
6.367617617617618020e-01 2.580206191312241799e+02
6.376376376376375887e-01 2.579852601651296027e+02
6.385135135135134865e-01 2.579499011990350255e+02
6.393893893893893843e-01 2.579145422329404482e+02
6.402652652652652820e-01 2.578791832668458142e+02
6.411411411411411798e-01 2.578438243007512369e+02
6.420170170170169666e-01 2.578084653346566597e+02
6.428928928928928643e-01 2.577733688753445449e+02
6.437687687687687621e-01 2.577383186197051828e+02
6.446446446446446599e-01 2.577035610270872894e+02
6.455205205205205576e-01 2.576699294575459476e+02
6.463963963963963444e-01 2.576362978880045489e+02
6.472722722722722422e-01 2.576026663184631502e+02
6.481481481481481399e-01 2.575690347489217515e+02
6.490240240240240377e-01 2.575354031793803529e+02
6.498998998998999355e-01 2.575017716098390110e+02
6.507757757757757222e-01 2.574681400402976124e+02
6.516516516516516200e-01 2.574345084707562137e+02
6.525275275275275177e-01 2.574008769012148150e+02
6.534034034034034155e-01 2.573669523845273943e+02
6.542792792792793133e-01 2.573322709479317609e+02
6.551551551551551000e-01 2.572962233838080692e+02
6.560310310310309978e-01 2.572601758196844912e+02
6.569069069069068956e-01 2.572241282555607995e+02
6.577827827827827933e-01 2.571880806914372215e+02
6.586586586586586911e-01 2.571520331273135866e+02
6.595345345345344779e-01 2.571159855631899518e+02
6.604104104104103756e-01 2.570799379990663169e+02
6.612862862862862734e-01 2.570438904349426821e+02
6.621621621621621712e-01 2.570078428708190472e+02
6.630380380380380689e-01 2.569717953066954124e+02
6.639139139139138557e-01 2.569357477425717775e+02
6.647897897897897534e-01 2.568940695989782625e+02
6.656656656656656512e-01 2.568523024757511166e+02
6.665415415415415490e-01 2.568105353525238570e+02
6.674174174174174468e-01 2.567687682292966542e+02
6.682932932932932335e-01 2.567270011060694515e+02
6.691691691691691313e-01 2.566852339828421918e+02
6.700450450450450290e-01 2.566434668596149891e+02
6.709209209209209268e-01 2.566016997363877863e+02
6.717967967967968246e-01 2.565599326131605835e+02
6.726726726726726113e-01 2.565181654899333239e+02
6.735485485485485091e-01 2.564765583572034302e+02
6.744244244244244069e-01 2.564355111831418981e+02
6.753003003003003046e-01 2.563944640090804228e+02
6.761761761761762024e-01 2.563534168350189475e+02
6.770520520520521002e-01 2.563123696609574154e+02
6.779279279279278869e-01 2.562713224868959401e+02
6.788038038038037847e-01 2.562302753128344648e+02
6.796796796796796825e-01 2.561892281387729895e+02
6.805555555555555802e-01 2.561483474953164432e+02
6.814314314314314780e-01 2.561078964876787154e+02
6.823073073073072647e-01 2.560674454800408739e+02
6.831831831831831625e-01 2.560269944724031461e+02
6.840590590590590603e-01 2.559865434647653615e+02
6.849349349349349581e-01 2.559460924571275768e+02
6.858108108108108558e-01 2.559056414494897922e+02
6.866866866866866426e-01 2.558651904418520076e+02
6.875625625625625403e-01 2.558247394342142229e+02
6.884384384384384381e-01 2.557842884265764667e+02
6.893143143143143359e-01 2.557438374189386820e+02
6.901901901901902336e-01 2.557040857825675459e+02
6.910660660660660204e-01 2.556654863099266777e+02
6.919419419419419182e-01 2.556268868372857526e+02
6.928178178178178159e-01 2.555882873646448843e+02
6.936936936936937137e-01 2.555496878920039592e+02
6.945695695695696115e-01 2.555110884193630625e+02
6.954454454454453982e-01 2.554724889467221374e+02
6.963213213213212960e-01 2.554338894740812691e+02
6.971971971971971938e-01 2.553952900014403440e+02
6.980730730730730915e-01 2.553569136539272222e+02
6.989489489489489893e-01 2.553187638826844363e+02
6.998248248248247760e-01 2.552799612260659217e+02
7.007007007007006738e-01 2.552411585694474070e+02
7.015765765765765716e-01 2.552023559128289207e+02
7.024524524524524693e-01 2.551635532562104345e+02
7.033283283283283671e-01 2.551247505995919482e+02
7.042042042042041539e-01 2.550859479429734620e+02
7.050800800800800516e-01 2.550471452863549473e+02
7.059559559559559494e-01 2.550081503263385514e+02
7.068318318318318472e-01 2.549689404057522211e+02
7.077077077077077449e-01 2.549297304851658055e+02
7.085835835835835317e-01 2.548905205645795036e+02
7.094594594594594295e-01 2.548513106439930880e+02
7.103353353353353272e-01 2.548121007234067577e+02
7.112112112112112250e-01 2.547728908028203705e+02
7.120870870870871228e-01 2.547336808822340686e+02
7.129629629629629095e-01 2.546944709616476530e+02
7.138388388388388073e-01 2.546552610410613511e+02
7.147147147147147050e-01 2.546158469163962081e+02
7.155905905905906028e-01 2.545762937234932792e+02
7.164664664664665006e-01 2.545367405305903503e+02
7.173423423423422873e-01 2.544971873376874214e+02
7.182182182182181851e-01 2.544576341447844925e+02
7.190940940940940829e-01 2.544180809518815636e+02
7.199699699699699806e-01 2.543785277589786631e+02
7.208458458458458784e-01 2.543389745660757058e+02
7.217217217217216652e-01 2.542994213731727768e+02
7.225975975975975629e-01 2.542591696837693007e+02
7.234734734734734607e-01 2.542184709982712434e+02
7.243493493493493585e-01 2.541777723127732429e+02
7.252252252252252562e-01 2.541368407319022538e+02
7.261011011011010430e-01 2.540947553907535905e+02
7.269769769769769407e-01 2.540526700496049557e+02
7.278528528528528385e-01 2.540105847084562924e+02
7.287287287287287363e-01 2.539684993673076292e+02
7.296046046046046341e-01 2.539264140261589660e+02
7.304804804804804208e-01 2.538843286850103595e+02
7.313563563563563186e-01 2.538422433438616963e+02
7.322322322322322163e-01 2.538001580027130615e+02
7.331081081081081141e-01 2.537580726615644267e+02
7.339839839839840119e-01 2.537159873204157634e+02
7.348598598598597986e-01 2.536739019792671002e+02
7.357357357357356964e-01 2.536318166381184369e+02
7.366116116116115942e-01 2.535897312969697737e+02
7.374874874874874919e-01 2.535476459558211104e+02
7.383633633633633897e-01 2.535055606146724756e+02
7.392392392392392875e-01 2.534634752735238408e+02
7.401151151151150742e-01 2.534213899323751775e+02
7.409909909909909720e-01 2.533793045912265427e+02
7.418668668668668698e-01 2.533371944617436498e+02
7.427427427427427675e-01 2.532950504042349849e+02
7.436186186186186653e-01 2.532529063467264052e+02
7.444944944944944520e-01 2.532099289932419595e+02
7.453703703703703498e-01 2.531644245160583750e+02
7.462462462462462476e-01 2.531189200388748191e+02
7.471221221221221453e-01 2.530734155616912062e+02
7.479979979979980431e-01 2.530282115346665819e+02
7.488738738738738299e-01 2.529861832837390523e+02
7.497497497497497276e-01 2.529441550328115227e+02
7.506256256256256254e-01 2.529026941024027622e+02
7.515015015015015232e-01 2.528622399633334226e+02
7.523773773773774209e-01 2.528217858242641114e+02
7.532532532532532077e-01 2.527813316851948287e+02
7.541291291291291055e-01 2.527408775461254891e+02
7.550050050050050032e-01 2.527004234070561779e+02
7.558808808808809010e-01 2.526599692679868383e+02
7.567567567567567988e-01 2.526195151289175271e+02
7.576326326326325855e-01 2.525790609898481875e+02
7.585085085085084833e-01 2.525386068507788764e+02
7.593843843843843811e-01 2.524981527117095368e+02
7.602602602602602788e-01 2.524576985726402256e+02
7.611361361361361766e-01 2.524172444335709429e+02
7.620120120120119633e-01 2.523767902945015749e+02
7.628878878878878611e-01 2.523363361554322637e+02
7.637637637637637589e-01 2.522973816397626479e+02
7.646396396396396566e-01 2.522591731954478007e+02
7.655155155155155544e-01 2.522209647511329536e+02
7.663913913913913412e-01 2.521827563068181348e+02
7.672672672672672389e-01 2.521445478625033161e+02
7.681431431431431367e-01 2.521037570953157001e+02
7.690190190190190345e-01 2.520612921618844098e+02
7.698948948948949322e-01 2.520188272284531195e+02
7.707707707707707190e-01 2.519763622950218291e+02
7.716466466466466168e-01 2.519338973615905388e+02
7.725225225225225145e-01 2.518914324281592485e+02
7.733983983983984123e-01 2.518489674947279582e+02
7.742742742742743101e-01 2.518065025612966679e+02
7.751501501501500968e-01 2.517640376278653775e+02
7.760260260260259946e-01 2.517215726944340872e+02
7.769019019019018923e-01 2.516791077610028253e+02
7.777777777777777901e-01 2.516366428275715066e+02
7.786536536536536879e-01 2.515941778941402163e+02
7.795295295295294746e-01 2.515517129607089259e+02
7.804054054054053724e-01 2.515092480272776356e+02
7.812812812812812702e-01 2.514667830938463453e+02
7.821571571571571679e-01 2.514243181604150550e+02
7.830330330330330657e-01 2.513819223627925226e+02
7.839089089089088525e-01 2.513406675278600630e+02
7.847847847847847502e-01 2.512994126929276320e+02
7.856606606606606480e-01 2.512580728119891944e+02
7.865365365365365458e-01 2.512163344677908867e+02
7.874124124124124435e-01 2.511745961235925506e+02
7.882882882882882303e-01 2.511328577793942145e+02
7.891641641641641280e-01 2.510911194351958500e+02
7.900400400400400258e-01 2.510481931032991270e+02
7.909159159159159236e-01 2.510050753611947982e+02
7.917917917917918214e-01 2.509595254629015244e+02
7.926676676676676081e-01 2.509134337786338165e+02
7.935435435435435059e-01 2.508673420943661654e+02
7.944194194194194036e-01 2.508212504100985143e+02
7.952952952952953014e-01 2.507751587258308064e+02
7.961711711711711992e-01 2.507290670415630984e+02
7.970470470470469859e-01 2.506829753572954473e+02
7.979229229229228837e-01 2.506368836730277394e+02
7.987987987987987815e-01 2.505907919887600883e+02
7.996746746746746792e-01 2.505447003044924088e+02
8.005505505505505770e-01 2.504986086202247293e+02
8.014264264264264748e-01 2.504525169359570214e+02
8.023023023023022615e-01 2.504064252516893418e+02
8.031781781781781593e-01 2.503603335674216623e+02
8.040540540540540571e-01 2.503142418831540112e+02
8.049299299299299548e-01 2.502681501988863033e+02
8.058058058058058526e-01 2.502220585146186238e+02
8.066816816816816393e-01 2.501759668303509443e+02
8.075575575575575371e-01 2.501298751460832364e+02
8.084334334334334349e-01 2.500837834618155568e+02
8.093093093093093326e-01 2.500376917775479058e+02
8.101851851851852304e-01 2.499916000932802262e+02
8.110610610610610172e-01 2.499455002493498625e+02
8.119369369369369149e-01 2.498985051227460588e+02
8.128128128128128127e-01 2.498538008470823115e+02
8.136886886886887105e-01 2.498091740809433077e+02
8.145645645645646082e-01 2.497645473148043322e+02
8.154404404404403950e-01 2.497199205486653568e+02
8.163163163163162928e-01 2.496752937825263245e+02
8.171921921921921905e-01 2.496306670163873491e+02
8.180680680680680883e-01 2.495860724352960460e+02
8.189439439439439861e-01 2.495420039352940762e+02
8.198198198198197728e-01 2.494979354352920495e+02
8.206956956956956706e-01 2.494538669352900513e+02
8.215715715715715683e-01 2.494097978796157804e+02
8.224474474474474661e-01 2.493657285829004024e+02
8.233233233233233639e-01 2.493216592861850245e+02
8.241991991991991506e-01 2.492775899894696181e+02
8.250750750750750484e-01 2.492335206927542401e+02
8.259509509509509462e-01 2.491894513960388622e+02
8.268268268268268439e-01 2.491453820993234842e+02
8.277027027027027417e-01 2.491013128026080778e+02
8.285785785785785285e-01 2.490572435058927283e+02
8.294544544544544262e-01 2.490131740752317739e+02
8.303303303303303240e-01 2.489691042972318087e+02
8.312062062062062218e-01 2.489250345192318719e+02
8.320820820820821195e-01 2.488809647412319350e+02
8.329579579579579063e-01 2.488368949632320266e+02
8.338338338338338041e-01 2.487921410591717120e+02
8.347097097097097018e-01 2.487458893323457119e+02
8.355855855855855996e-01 2.486996376055197402e+02
8.364614614614614974e-01 2.486533858786937685e+02
8.373373373373372841e-01 2.486067520239718647e+02
8.382132132132131819e-01 2.485580685827203240e+02
8.390890890890890796e-01 2.485093851414687833e+02
8.399649649649649774e-01 2.484607017002172711e+02
8.408408408408408752e-01 2.484120182589657588e+02
8.417167167167166619e-01 2.483633348177142182e+02
8.425925925925925597e-01 2.483146513764626775e+02
8.434684684684684575e-01 2.482659679352111652e+02
8.443443443443443552e-01 2.482172844939596530e+02
8.452202202202202530e-01 2.481686010527080839e+02
8.460960960960960398e-01 2.481199176114565432e+02
8.469719719719719375e-01 2.480712341702050026e+02
8.478478478478478353e-01 2.480260983860817987e+02
8.487237237237237331e-01 2.479817767109142039e+02
8.495995995995996308e-01 2.479374550357465807e+02
8.504754754754754176e-01 2.478931333605789291e+02
8.513513513513513153e-01 2.478488116854113059e+02
8.522272272272272131e-01 2.478044900102436827e+02
8.531031031031031109e-01 2.477601683350760879e+02
8.539789789789790087e-01 2.477158466599084932e+02
8.548548548548547954e-01 2.476715249847408700e+02
8.557307307307306932e-01 2.476272033095732468e+02
8.566066066066065909e-01 2.475828816344056236e+02
8.574824824824824887e-01 2.475385599592380004e+02
8.583583583583583865e-01 2.474942382840703772e+02
8.592342342342341732e-01 2.474499166089027540e+02
8.601101101101100710e-01 2.474055949337351308e+02
8.609859859859859688e-01 2.473612732585675076e+02
8.618618618618618665e-01 2.473169515833999128e+02
8.627377377377377643e-01 2.472726299082322896e+02
8.636136136136135510e-01 2.472283082330646664e+02
8.644894894894894488e-01 2.471839865578970432e+02
8.653653653653653466e-01 2.471393992446342338e+02
8.662412412412412444e-01 2.470947752625590397e+02
8.671171171171171421e-01 2.470501512804838455e+02
8.679929929929930399e-01 2.470055272984086514e+02
8.688688688688688266e-01 2.469609033163334573e+02
8.697447447447447244e-01 2.469162793342582916e+02
8.706206206206206222e-01 2.468716553521830122e+02
8.714964964964965199e-01 2.468270313701078464e+02
8.723723723723724177e-01 2.467824073880326807e+02
8.732482482482482045e-01 2.467377834059574582e+02
8.741241241241241022e-01 2.466936550750877473e+02
8.750000000000000000e-01 2.466500000000000341e+02
