LineProbe
number of points: 1000 (fixed)
point 0: [0. 0. 0.]
point 1: [0.1023 0.     0.    ]
-----

# T 1000
0.000000000000000000e+00 2.531345597542259043e+02
1.024024024024024014e-04 2.531345743324238526e+02
2.048048048048048029e-04 2.531345889106216873e+02
3.072072072072072179e-04 2.531346034888196073e+02
4.096096096096096058e-04 2.531346180670174419e+02
5.120120120120119937e-04 2.531346326452153903e+02
6.144144144144144358e-04 2.531346472234132534e+02
7.168168168168167695e-04 2.531346618016111734e+02
8.192192192192192116e-04 2.531346763798090365e+02
9.216216216216216537e-04 2.531346909580069280e+02
1.024024024024023987e-03 2.531347055362048479e+02
1.126426426426426321e-03 2.531347201144027395e+02
1.228828828828828872e-03 2.531347346926006594e+02
1.331231231231231205e-03 2.531347492707985225e+02
1.433633633633633539e-03 2.531347638489964140e+02
1.536036036036036089e-03 2.531347784271942487e+02
1.638438438438438423e-03 2.531347930053922255e+02
1.740840840840840757e-03 2.531348075835900886e+02
1.843243243243243307e-03 2.531348221617879517e+02
1.945645645645645641e-03 2.531348367399858716e+02
2.048048048048047975e-03 2.531348513181837916e+02
2.150450450450450308e-03 2.531348658963816547e+02
2.252852852852852642e-03 2.531348804745795462e+02
2.355255255255255410e-03 2.531348950448547157e+02
2.457657657657657743e-03 2.531349096044826581e+02
2.560060060060060077e-03 2.531349241641106289e+02
2.662462462462462411e-03 2.531349387237385713e+02
2.764864864864864744e-03 2.531349532833664853e+02
2.867267267267267078e-03 2.531349678429944561e+02
2.969669669669669845e-03 2.531349824026223985e+02
3.072072072072072179e-03 2.531349969622503409e+02
3.174474474474474513e-03 2.531350115218783117e+02
3.276876876876876846e-03 2.531350260815062256e+02
3.379279279279279180e-03 2.531350406411341396e+02
3.481681681681681514e-03 2.531350552007621104e+02
3.584084084084083847e-03 2.531350697603900528e+02
3.686486486486486615e-03 2.531350843200179952e+02
3.788888888888888948e-03 2.531350988796459660e+02
3.891291291291291282e-03 2.531351134392739084e+02
3.993693693693694050e-03 2.531351279989018508e+02
4.096096096096095950e-03 2.531351425725928834e+02
4.198498498498498717e-03 2.531351571548440802e+02
4.300900900900900617e-03 2.531351717370952770e+02
4.403303303303303384e-03 2.531351863193464453e+02
4.505705705705705284e-03 2.531352009015976705e+02
4.608108108108108052e-03 2.531352154838488104e+02
4.710510510510510819e-03 2.531352300726148883e+02
4.812912912912912719e-03 2.531352446623722301e+02
4.915315315315315486e-03 2.531352593475756407e+02
5.017717717717717386e-03 2.531352742030248919e+02
5.120120120120120154e-03 2.531352890584741715e+02
5.222522522522522054e-03 2.531353039139234511e+02
5.324924924924924821e-03 2.531353187693727307e+02
5.427327327327327589e-03 2.531353336248219819e+02
5.529729729729729489e-03 2.531353484802712615e+02
5.632132132132132256e-03 2.531353633357205126e+02
5.734534534534534156e-03 2.531353781405250913e+02
5.836936936936936923e-03 2.531353929313804088e+02
5.939339339339339691e-03 2.531354077222357262e+02
6.041741741741741591e-03 2.531354225130910436e+02
6.144144144144144358e-03 2.531354373039463326e+02
6.246546546546546258e-03 2.531354520948016216e+02
6.348948948948949025e-03 2.531354668856569390e+02
6.451351351351350925e-03 2.531354816765122564e+02
6.553753753753753693e-03 2.531354964673675454e+02
6.656156156156156460e-03 2.531355112582228344e+02
6.758558558558558360e-03 2.531355260490781518e+02
6.860960960960961127e-03 2.531355408399334692e+02
6.963363363363363027e-03 2.531355556307887582e+02
7.065765765765765795e-03 2.531355704216440472e+02
7.168168168168167695e-03 2.531355852124993930e+02
7.270570570570570462e-03 2.531356000033546820e+02
7.372972972972973230e-03 2.531356147942099710e+02
7.475375375375375130e-03 2.531356295850652884e+02
7.577777777777777897e-03 2.531356443759206059e+02
7.680180180180179797e-03 2.531356591667758948e+02
7.782582582582582564e-03 2.531356739576312123e+02
7.884984984984985332e-03 2.531356887484865013e+02
7.987387387387388099e-03 2.531357035393418187e+02
8.089789789789789132e-03 2.531357183301971077e+02
8.192192192192191899e-03 2.531357331210524251e+02
8.294594594594594666e-03 2.531357479119077141e+02
8.396996996996997434e-03 2.531357627027630315e+02
8.499399399399398466e-03 2.531357774936183205e+02
8.601801801801801234e-03 2.531357922844736379e+02
8.704204204204204001e-03 2.531358070753289553e+02
8.806606606606606769e-03 2.531358218661842443e+02
8.909009009009009536e-03 2.531358366570395617e+02
9.011411411411410569e-03 2.531358514653323084e+02
9.113813813813813336e-03 2.531358664395353344e+02
9.216216216216216103e-03 2.531358814137383888e+02
9.318618618618618871e-03 2.531358963879414148e+02
9.421021021021021638e-03 2.531359113621444692e+02
9.523423423423422671e-03 2.531359263363474668e+02
9.625825825825825438e-03 2.531359413105504927e+02
9.728228228228228205e-03 2.531359562847535187e+02
9.830630630630630973e-03 2.531359712589565447e+02
9.933033033033033740e-03 2.531359862331595991e+02
1.003543543543543477e-02 2.531360012073625967e+02
1.013783783783783754e-02 2.531360161815656511e+02
1.024024024024024031e-02 2.531360311557686771e+02
1.034264264264264307e-02 2.531360461299717031e+02
1.044504504504504411e-02 2.531360611041747575e+02
1.054744744744744687e-02 2.531360760783777550e+02
1.064984984984984964e-02 2.531360910525807810e+02
1.075225225225225241e-02 2.531361060267838070e+02
1.085465465465465518e-02 2.531361210009868614e+02
1.095705705705705621e-02 2.531361359751898590e+02
1.105945945945945898e-02 2.531361509493929134e+02
1.116186186186186174e-02 2.531361659235959110e+02
1.126426426426426451e-02 2.531361808977989654e+02
1.136666666666666728e-02 2.531361958720019913e+02
1.146906906906906831e-02 2.531362108462050173e+02
1.157147147147147108e-02 2.531362258204080717e+02
1.167387387387387385e-02 2.531362407946110693e+02
1.177627627627627661e-02 2.531362557688141237e+02
1.187867867867867938e-02 2.531362707430171213e+02
1.198108108108108041e-02 2.531362857172201757e+02
1.208348348348348318e-02 2.531363006914232017e+02
1.218588588588588595e-02 2.531363156656262277e+02
1.228828828828828872e-02 2.531363306398292252e+02
1.239069069069068975e-02 2.531363456140322796e+02
1.249309309309309252e-02 2.531363606120552561e+02
1.259549549549549528e-02 2.531363756278885262e+02
1.269789789789789805e-02 2.531363906745515919e+02
1.280030030030030082e-02 2.531364057272497803e+02
1.290270270270270185e-02 2.531364207733183207e+02
1.300510510510510462e-02 2.531364357827200138e+02
1.310750750750750739e-02 2.531364507921217353e+02
1.320990990990991015e-02 2.531364658015234568e+02
1.331231231231231292e-02 2.531364808109251783e+02
1.341471471471471395e-02 2.531364958203268998e+02
1.351711711711711672e-02 2.531365108297286213e+02
1.361951951951951949e-02 2.531365258391303144e+02
1.372192192192192225e-02 2.531365408485320359e+02
1.382432432432432502e-02 2.531365558579337574e+02
1.392672672672672605e-02 2.531365708673354504e+02
1.402912912912912882e-02 2.531365858767372004e+02
1.413153153153153159e-02 2.531366008861388934e+02
1.423393393393393436e-02 2.531366158955405865e+02
1.433633633633633539e-02 2.531366309049423364e+02
1.443873873873873816e-02 2.531366459143440295e+02
1.454114114114114092e-02 2.531366609237457510e+02
1.464354354354354369e-02 2.531366759331474441e+02
1.474594594594594646e-02 2.531366909425491656e+02
1.484834834834834749e-02 2.531367059519508871e+02
1.495075075075075026e-02 2.531367209613526086e+02
1.505315315315315303e-02 2.531367359707543017e+02
1.515555555555555579e-02 2.531367509801560232e+02
1.525795795795795856e-02 2.531367659895577162e+02
1.536036036036035959e-02 2.531367809989594377e+02
1.546276276276276236e-02 2.531367960083611592e+02
1.556516516516516513e-02 2.531368110177629092e+02
1.566756756756756616e-02 2.531368260271646022e+02
1.576996996996997066e-02 2.531368411259706193e+02
1.587237237237237170e-02 2.531368562341518498e+02
1.597477477477477620e-02 2.531368713423330519e+02
1.607717717717717723e-02 2.531368864505142255e+02
1.617957957957957826e-02 2.531369015586954561e+02
1.628198198198198277e-02 2.531369166668766297e+02
1.638438438438438380e-02 2.531369317750578602e+02
1.648678678678678830e-02 2.531369468832390339e+02
1.658918918918918933e-02 2.531369619914202644e+02
1.669159159159159037e-02 2.531369770996014950e+02
1.679399399399399487e-02 2.531369922077826686e+02
1.689639639639639590e-02 2.531370073312076556e+02
1.699879879879879693e-02 2.531370224690111002e+02
1.710120120120120144e-02 2.531370376068145447e+02
1.720360360360360247e-02 2.531370527446180176e+02
1.730600600600600697e-02 2.531370678885246548e+02
1.740840840840840800e-02 2.531370830629656155e+02
1.751081081081080904e-02 2.531370982374065193e+02
1.761321321321321354e-02 2.531371134118474799e+02
1.771561561561561457e-02 2.531371285862884122e+02
1.781801801801801907e-02 2.531371437607293444e+02
1.792042042042042010e-02 2.531371589351703051e+02
1.802282282282282114e-02 2.531371741096112373e+02
1.812522522522522564e-02 2.531371892840521696e+02
1.822762762762762667e-02 2.531372044584931018e+02
1.833003003003003117e-02 2.531372196329340341e+02
1.843243243243243221e-02 2.531372348073749947e+02
1.853483483483483324e-02 2.531372499818159270e+02
1.863723723723723774e-02 2.531372651562568308e+02
1.873963963963963877e-02 2.531372803398446933e+02
1.884204204204204328e-02 2.531372955482203224e+02
1.894444444444444431e-02 2.531373107565960083e+02
1.904684684684684534e-02 2.531373259649716658e+02
1.914924924924924984e-02 2.531373411733472949e+02
1.925165165165165088e-02 2.531373563817229524e+02
1.935405405405405538e-02 2.531373715900986099e+02
1.945645645645645641e-02 2.531373867984742674e+02
1.955885885885885744e-02 2.531374020068499249e+02
1.966126126126126195e-02 2.531374172152255824e+02
1.976366366366366298e-02 2.531374324236012114e+02
1.986606606606606748e-02 2.531374476319768689e+02
1.996846846846846851e-02 2.531374628372502968e+02
2.007087087087086955e-02 2.531374780424343953e+02
2.017327327327327405e-02 2.531374932476185222e+02
2.027567567567567508e-02 2.531375084528025923e+02
2.037807807807807958e-02 2.531375236579866623e+02
2.048048048048048062e-02 2.531375388631707608e+02
2.058288288288288165e-02 2.531375540683548877e+02
2.068528528528528615e-02 2.531375692735389578e+02
2.078768768768768718e-02 2.531375844787230847e+02
2.089009009009008822e-02 2.531375996839071547e+02
2.099249249249249272e-02 2.531376148890912532e+02
2.109489489489489375e-02 2.531376300942753801e+02
2.119729729729729825e-02 2.531376452994594501e+02
2.129969969969969928e-02 2.531376605046435770e+02
2.140210210210210032e-02 2.531376757098277039e+02
2.150450450450450482e-02 2.531376909150117740e+02
2.160690690690690585e-02 2.531377061201958725e+02
2.170930930930931035e-02 2.531377213253799709e+02
2.181171171171171139e-02 2.531377365305640978e+02
2.191411411411411242e-02 2.531377517357481679e+02
2.201651651651651692e-02 2.531377669409322664e+02
2.211891891891891795e-02 2.531377821461163649e+02
2.222132132132132246e-02 2.531377973513004349e+02
2.232372372372372349e-02 2.531378125564845618e+02
2.242612612612612452e-02 2.531378277616686887e+02
2.252852852852852902e-02 2.531378429668527588e+02
2.263093093093093006e-02 2.531378581720368572e+02
2.273333333333333456e-02 2.531378733772209557e+02
2.283573573573573559e-02 2.531378885824050542e+02
2.293813813813813662e-02 2.531379037875891811e+02
2.304054054054054113e-02 2.531379189927732796e+02
2.314294294294294216e-02 2.531379341979573780e+02
2.324534534534534666e-02 2.531379493993084679e+02
2.334774774774774769e-02 2.531379645954229716e+02
2.345015015015014873e-02 2.531379797915374468e+02
2.355255255255255323e-02 2.531379949876519220e+02
2.365495495495495426e-02 2.531380101837663972e+02
2.375735735735735876e-02 2.531380253798809292e+02
2.385975975975975980e-02 2.531380405759953760e+02
2.396216216216216083e-02 2.531380557973911607e+02
2.406456456456456533e-02 2.531380711442656661e+02
2.416696696696696636e-02 2.531380864911402568e+02
2.426936936936937086e-02 2.531381018380148191e+02
2.437177177177177190e-02 2.531381171848893814e+02
2.447417417417417293e-02 2.531381325317639437e+02
2.457657657657657743e-02 2.531381478786384776e+02
2.467897897897897846e-02 2.531381632255130398e+02
2.478138138138137950e-02 2.531381785762070820e+02
2.488378378378378400e-02 2.531381939317392664e+02
2.498618618618618503e-02 2.531382092872714225e+02
2.508858858858858953e-02 2.531382246428035785e+02
2.519099099099099057e-02 2.531382399983357345e+02
2.529339339339339160e-02 2.531382553538678906e+02
2.539579579579579610e-02 2.531382707081120031e+02
2.549819819819819713e-02 2.531382860549723262e+02
2.560060060060060164e-02 2.531383014018327344e+02
2.570300300300300267e-02 2.531383167486930574e+02
2.580540540540540370e-02 2.531383320955534089e+02
2.590780780780780820e-02 2.531383474424137887e+02
2.601021021021020924e-02 2.531383627892741401e+02
2.611261261261261374e-02 2.531383781361345200e+02
2.621501501501501477e-02 2.531383934829948430e+02
2.631741741741741580e-02 2.531384088298551944e+02
2.641981981981982031e-02 2.531384241767155459e+02
2.652222222222222134e-02 2.531384395235759257e+02
2.662462462462462584e-02 2.531384548704362771e+02
2.672702702702702687e-02 2.531384702172966286e+02
2.682942942942942791e-02 2.531384855641570084e+02
2.693183183183183241e-02 2.531385009110173314e+02
2.703423423423423344e-02 2.531385162578777113e+02
2.713663663663663794e-02 2.531385316047380911e+02
2.723903903903903898e-02 2.531385469515984425e+02
2.734144144144144001e-02 2.531385622984587656e+02
2.744384384384384451e-02 2.531385776453191170e+02
2.754624624624624554e-02 2.531385929921794968e+02
2.764864864864865004e-02 2.531386083390398483e+02
2.775105105105105108e-02 2.531386236859002281e+02
2.785345345345345211e-02 2.531386390327605795e+02
2.795585585585585661e-02 2.531386543796209025e+02
2.805825825825825764e-02 2.531386697264812824e+02
2.816066066066065868e-02 2.531386850733416054e+02
2.826306306306306318e-02 2.531387004202019853e+02
2.836546546546546421e-02 2.531387157670623083e+02
2.846786786786786871e-02 2.531387311139226881e+02
2.857027027027026975e-02 2.531387464607830395e+02
2.867267267267267078e-02 2.531387618076433910e+02
2.877507507507507528e-02 2.531387771545037708e+02
2.887747747747747631e-02 2.531387925013641222e+02
2.897987987987988082e-02 2.531388078482244737e+02
2.908228228228228185e-02 2.531388231950848535e+02
2.918468468468468288e-02 2.531388385419452050e+02
2.928708708708708738e-02 2.531388538888055564e+02
2.938948948948948842e-02 2.531388692399936531e+02
2.949189189189189292e-02 2.531388846267833515e+02
2.959429429429429395e-02 2.531389000135730498e+02
2.969669669669669498e-02 2.531389154003627482e+02
2.979909909909909949e-02 2.531389307871525034e+02
2.990150150150150052e-02 2.531389461739421733e+02
3.000390390390390502e-02 2.531389615607319001e+02
3.010630630630630605e-02 2.531389769475215985e+02
3.020870870870870709e-02 2.531389923343112969e+02
3.031111111111111159e-02 2.531390077211009952e+02
3.041351351351351262e-02 2.531390231078906652e+02
3.051591591591591712e-02 2.531390384946803920e+02
3.061831831831831816e-02 2.531390538814700903e+02
3.072072072072071919e-02 2.531390692682597887e+02
3.082312312312312369e-02 2.531390846550495155e+02
3.092552552552552472e-02 2.531391000418391855e+02
3.102792792792792922e-02 2.531391154286289122e+02
3.113033033033033026e-02 2.531391308154186390e+02
3.123273273273273129e-02 2.531391461795777786e+02
3.133513513513513232e-02 2.531391615277254346e+02
3.143753753753753682e-02 2.531391768758731473e+02
3.153993993993994133e-02 2.531391922240208601e+02
3.164234234234233889e-02 2.531392075721685444e+02
3.174474474474474339e-02 2.531392229203162287e+02
3.184714714714714789e-02 2.531392382684639415e+02
3.194954954954955240e-02 2.531392536166115974e+02
3.205195195195194996e-02 2.531392689647593102e+02
3.215435435435435446e-02 2.531392843129070229e+02
3.225675675675675896e-02 2.531392996610547073e+02
3.235915915915915653e-02 2.531393150092024200e+02
3.246156156156156103e-02 2.531393303573501044e+02
3.256396396396396553e-02 2.531393457516804233e+02
3.266636636636636309e-02 2.531393612676057785e+02
3.276876876876876760e-02 2.531393767835311905e+02
3.287117117117117210e-02 2.531393922994565742e+02
3.297357357357357660e-02 2.531394078153819578e+02
3.307597597597597416e-02 2.531394233313073414e+02
3.317837837837837867e-02 2.531394388472327250e+02
3.328078078078078317e-02 2.531394543631581371e+02
3.338318318318318073e-02 2.531394698790834923e+02
3.348558558558558523e-02 2.531394853950088759e+02
3.358798798798798974e-02 2.531395009109342880e+02
3.369039039039038730e-02 2.531395164268596716e+02
3.379279279279279180e-02 2.531395319427850552e+02
3.389519519519519630e-02 2.531395474587104388e+02
3.399759759759759387e-02 2.531395629746358225e+02
3.409999999999999837e-02 2.531395784905612061e+02
3.420240240240240287e-02 2.531395940064866181e+02
3.430480480480480737e-02 2.531396095224119733e+02
3.440720720720720494e-02 2.531396250383373854e+02
3.450960960960960944e-02 2.531396405542627406e+02
3.461201201201201394e-02 2.531396560701880958e+02
3.471441441441441150e-02 2.531396715861134794e+02
3.481681681681681600e-02 2.531396871020388915e+02
3.491921921921922051e-02 2.531397026179643035e+02
3.502162162162161807e-02 2.531397181268032455e+02
3.512402402402402257e-02 2.531397336244396570e+02
3.522642642642642707e-02 2.531397491220760685e+02
3.532882882882883158e-02 2.531397646197124516e+02
3.543123123123122914e-02 2.531397801173488915e+02
3.553363363363363364e-02 2.531397956149853030e+02
3.563603603603603814e-02 2.531398111126216861e+02
3.573843843843843571e-02 2.531398266102580976e+02
3.584084084084084021e-02 2.531398421078945375e+02
3.594324324324324471e-02 2.531398576055309491e+02
3.604564564564564227e-02 2.531398731031673321e+02
3.614804804804804678e-02 2.531398886008037721e+02
3.625045045045045128e-02 2.531399040984401836e+02
3.635285285285285578e-02 2.531399195960766235e+02
3.645525525525525334e-02 2.531399350932857999e+02
3.655765765765765785e-02 2.531399505851813956e+02
3.666006006006006235e-02 2.531399660770769628e+02
3.676246246246245991e-02 2.531399815689725301e+02
3.686486486486486441e-02 2.531399970608681258e+02
3.696726726726726892e-02 2.531400125527636931e+02
3.706966966966966648e-02 2.531400280446592603e+02
3.717207207207207098e-02 2.531400435365548844e+02
3.727447447447447548e-02 2.531400590284504517e+02
3.737687687687687998e-02 2.531400745203459905e+02
3.747927927927927755e-02 2.531400900122416147e+02
3.758168168168168205e-02 2.531401055041371819e+02
3.768408408408408655e-02 2.531401209894468707e+02
3.778648648648648412e-02 2.531401364675762409e+02
3.788888888888888862e-02 2.531401519457056111e+02
3.799129129129129312e-02 2.531401674238349528e+02
3.809369369369369068e-02 2.531401829019642662e+02
3.819609609609609518e-02 2.531401983772356914e+02
3.829849849849849969e-02 2.531402138422020585e+02
3.840090090090089725e-02 2.531402293071684539e+02
3.850330330330330175e-02 2.531402447721348210e+02
3.860570570570570625e-02 2.531402602371011881e+02
3.870810810810811076e-02 2.531402757020675551e+02
3.881051051051050832e-02 2.531402911670339222e+02
3.891291291291291282e-02 2.531403066320002893e+02
3.901531531531531732e-02 2.531403220969667132e+02
3.911771771771771489e-02 2.531403375619330802e+02
3.922012012012011939e-02 2.531403530268994473e+02
3.932252252252252389e-02 2.531403684918658143e+02
3.942492492492492145e-02 2.531403839568321530e+02
3.952732732732732596e-02 2.531403994217985201e+02
3.962972972972973046e-02 2.531404148867648871e+02
3.973213213213213496e-02 2.531404303517312826e+02
3.983453453453453252e-02 2.531404458166977065e+02
3.993693693693693703e-02 2.531404612816640451e+02
4.003933933933934153e-02 2.531404767466304122e+02
4.014174174174173909e-02 2.531404922115967793e+02
4.024414414414414359e-02 2.531405076765631463e+02
4.034654654654654810e-02 2.531405231415295418e+02
4.044894894894894566e-02 2.531405386064959089e+02
4.055135135135135016e-02 2.531405540714623044e+02
4.065375375375375466e-02 2.531405695364286714e+02
4.075615615615615916e-02 2.531405850013950385e+02
4.085855855855855673e-02 2.531406004663614056e+02
4.096096096096096123e-02 2.531406159314201432e+02
4.106336336336336573e-02 2.531406313981156018e+02
4.116576576576576330e-02 2.531406468648110604e+02
4.126816816816816780e-02 2.531406623315065190e+02
4.137057057057057230e-02 2.531406777982019776e+02
4.147297297297296986e-02 2.531406932648974362e+02
4.157537537537537436e-02 2.531407087315929232e+02
4.167777777777777887e-02 2.531407241982883534e+02
4.178018018018017643e-02 2.531407396649838120e+02
4.188258258258258093e-02 2.531407551316792706e+02
4.198498498498498543e-02 2.531407705983747292e+02
4.208738738738738994e-02 2.531407860650702162e+02
4.218978978978978750e-02 2.531408015317656748e+02
4.229219219219219200e-02 2.531408169984611334e+02
4.239459459459459650e-02 2.531408324651565636e+02
4.249699699699699407e-02 2.531408479318520222e+02
4.259939939939939857e-02 2.531408633985474808e+02
4.270180180180180307e-02 2.531408788652429678e+02
4.280420420420420063e-02 2.531408943319384264e+02
4.290660660660660514e-02 2.531409097986338850e+02
4.300900900900900964e-02 2.531409253362522236e+02
4.311141141141141414e-02 2.531409408918142390e+02
4.321381381381381170e-02 2.531409564473763112e+02
4.331621621621621621e-02 2.531409719990273857e+02
4.341861861861862071e-02 2.531409875253527844e+02
4.352102102102101827e-02 2.531410030516781262e+02
4.362342342342342277e-02 2.531410185780034681e+02
4.372582582582582728e-02 2.531410341043288668e+02
4.382822822822822484e-02 2.531410496306541802e+02
4.393063063063062934e-02 2.531410651569795789e+02
4.403303303303303384e-02 2.531410806833048923e+02
4.413543543543543834e-02 2.531410962096302910e+02
4.423783783783783591e-02 2.531411117359556329e+02
4.434024024024024041e-02 2.531411272622810031e+02
4.444264264264264491e-02 2.531411427886063734e+02
4.454504504504504248e-02 2.531411583149317153e+02
4.464744744744744698e-02 2.531411738412570855e+02
4.474984984984985148e-02 2.531411893675824558e+02
4.485225225225224904e-02 2.531412048939077977e+02
4.495465465465465354e-02 2.531412204202331679e+02
4.505705705705705805e-02 2.531412359465585382e+02
4.515945945945945561e-02 2.531412514728838516e+02
4.526186186186186011e-02 2.531412670554577176e+02
4.536426426426426461e-02 2.531412826526077993e+02
4.546666666666666912e-02 2.531412982497578810e+02
4.556906906906906668e-02 2.531413138469079342e+02
4.567147147147147118e-02 2.531413294440580160e+02
4.577387387387387568e-02 2.531413450412080692e+02
4.587627627627627325e-02 2.531413606383581509e+02
4.597867867867867775e-02 2.531413762355082042e+02
4.608108108108108225e-02 2.531413918326582859e+02
4.618348348348347981e-02 2.531414074298083392e+02
4.628588588588588432e-02 2.531414230269584209e+02
4.638828828828828882e-02 2.531414386241084742e+02
4.649069069069069332e-02 2.531414542212585275e+02
4.659309309309309088e-02 2.531414698184086092e+02
4.669549549549549539e-02 2.531414854155586909e+02
4.679789789789789989e-02 2.531415010127087442e+02
4.690030030030029745e-02 2.531415166098587974e+02
4.700270270270270195e-02 2.531415322070088791e+02
4.710510510510510646e-02 2.531415478041589608e+02
4.720750750750750402e-02 2.531415634013090425e+02
4.730990990990990852e-02 2.531415789984590674e+02
4.741231231231231302e-02 2.531415945956091491e+02
4.751471471471471753e-02 2.531416101927592308e+02
4.761711711711711509e-02 2.531416257899092841e+02
4.771951951951951959e-02 2.531416413870593658e+02
4.782192192192192409e-02 2.531416569842094191e+02
4.792432432432432166e-02 2.531416725813595008e+02
4.802672672672672616e-02 2.531416881785095256e+02
4.812912912912913066e-02 2.531417037756596073e+02
4.823153153153152822e-02 2.531417193925079516e+02
4.833393393393393273e-02 2.531417350099638952e+02
4.843633633633633723e-02 2.531417506274198104e+02
4.853873873873874173e-02 2.531417662448757824e+02
4.864114114114113929e-02 2.531417818623317544e+02
4.874354354354354379e-02 2.531417974248800817e+02
4.884594594594594830e-02 2.531418129867898017e+02
4.894834834834834586e-02 2.531418285486995217e+02
4.905075075075075036e-02 2.531418441106092700e+02
4.915315315315315486e-02 2.531418596725189900e+02
4.925555555555555243e-02 2.531418752344286816e+02
4.935795795795795693e-02 2.531418907963384584e+02
4.946036036036036143e-02 2.531419063582481499e+02
4.956276276276275899e-02 2.531419219201578983e+02
4.966516516516516350e-02 2.531419374820675898e+02
4.976756756756756800e-02 2.531419530595741492e+02
4.986996996996997250e-02 2.531419686563891105e+02
4.997237237237237006e-02 2.531419842580247916e+02
5.007477477477477457e-02 2.531419998945141288e+02
5.017717717717717907e-02 2.531420155310033806e+02
5.027957957957957663e-02 2.531420311674926893e+02
5.038198198198198113e-02 2.531420468039819696e+02
5.048438438438438564e-02 2.531420624404712498e+02
5.058678678678678320e-02 2.531420780769605301e+02
5.068918918918918770e-02 2.531420937134497819e+02
5.079159159159159220e-02 2.531421093499391191e+02
5.089399399399399671e-02 2.531421249864283709e+02
5.099639639639639427e-02 2.531421406229176512e+02
5.109879879879879877e-02 2.531421562594069599e+02
5.120120120120120327e-02 2.531421718958962401e+02
5.130360360360360084e-02 2.531421875323855204e+02
5.140600600600600534e-02 2.531422031688748007e+02
5.150840840840840984e-02 2.531422188053640809e+02
5.161081081081080740e-02 2.531422344418533612e+02
5.171321321321321191e-02 2.531422500783426415e+02
5.181561561561561641e-02 2.531422657148319502e+02
5.191801801801802091e-02 2.531422813513212020e+02
5.202042042042041847e-02 2.531422969878104823e+02
5.212282282282282297e-02 2.531423126242997910e+02
5.222522522522522748e-02 2.531423282607890712e+02
5.232762762762762504e-02 2.531423438972783515e+02
5.243003003003002954e-02 2.531423595337676034e+02
5.253243243243243404e-02 2.531423751702569120e+02
5.263483483483483161e-02 2.531423908067462207e+02
5.273723723723723611e-02 2.531424064432355010e+02
5.283963963963964061e-02 2.531424220797247528e+02
5.294204204204203817e-02 2.531424377162140047e+02
5.304444444444444268e-02 2.531424533527033702e+02
5.314684684684684718e-02 2.531424689891926221e+02
5.324924924924925168e-02 2.531424846256819023e+02
5.335165165165164924e-02 2.531425002621711826e+02
5.345405405405405375e-02 2.531425158986604913e+02
5.355645645645645825e-02 2.531425315351497431e+02
5.365885885885885581e-02 2.531425471716389950e+02
5.376126126126126031e-02 2.531425628081283605e+02
5.386366366366366482e-02 2.531425784446176124e+02
5.396606606606606238e-02 2.531425940811068926e+02
5.406846846846846688e-02 2.531426097175961445e+02
5.417087087087087138e-02 2.531426253540854532e+02
5.427327327327327589e-02 2.531426409905747619e+02
5.437567567567567345e-02 2.531426566270640137e+02
5.447807807807807795e-02 2.531426722635532940e+02
5.458048048048048245e-02 2.531426879000426027e+02
5.468288288288288002e-02 2.531427035365318545e+02
5.478528528528528452e-02 2.531427191730211632e+02
5.488768768768768902e-02 2.531427348095104435e+02
5.499009009009008658e-02 2.531427504400805333e+02
5.509249249249249109e-02 2.531427660693394159e+02
5.519489489489489559e-02 2.531427816985982417e+02
5.529729729729730009e-02 2.531427973278571244e+02
5.539969969969969765e-02 2.531428129571160355e+02
5.550210210210210215e-02 2.531428285863748897e+02
5.560450450450450666e-02 2.531428442156337155e+02
5.570690690690690422e-02 2.531428598448925982e+02
5.580930930930930872e-02 2.531428754741514808e+02
5.591171171171171322e-02 2.531428911034103351e+02
5.601411411411411079e-02 2.531429067326691893e+02
5.611651651651651529e-02 2.531429223619280435e+02
5.621891891891891979e-02 2.531429379911868978e+02
5.632132132132131735e-02 2.531429536204458373e+02
5.642372372372372186e-02 2.531429692497046631e+02
5.652612612612612636e-02 2.531429848789634889e+02
5.662852852852853086e-02 2.531430005082223715e+02
5.673093093093092842e-02 2.531430161374812542e+02
5.683333333333333293e-02 2.531430317667401084e+02
5.693573573573573743e-02 2.531430473959989911e+02
5.703813813813813499e-02 2.531430630252578169e+02
5.714054054054053949e-02 2.531430786545166711e+02
5.724294294294294400e-02 2.531430942837756106e+02
5.734534534534534156e-02 2.531431099130344364e+02
5.744774774774774606e-02 2.531431255422932622e+02
5.755015015015015056e-02 2.531431411715521733e+02
5.765255255255255507e-02 2.531431568008110276e+02
5.775495495495495263e-02 2.531431724300699102e+02
5.785735735735735713e-02 2.531431880593287644e+02
5.795975975975976163e-02 2.531432036885875902e+02
5.806216216216215920e-02 2.531432193178465013e+02
5.816456456456456370e-02 2.531432349471053556e+02
5.826696696696696820e-02 2.531432505763642098e+02
5.836936936936936576e-02 2.531432662056230640e+02
5.847177177177177027e-02 2.531432818348818898e+02
5.857417417417417477e-02 2.531432974641408009e+02
5.867657657657657927e-02 2.531433130933996836e+02
5.877897897897897683e-02 2.531433287226585094e+02
5.888138138138138133e-02 2.531433443519173920e+02
5.898378378378378584e-02 2.531433599811762747e+02
5.908618618618618340e-02 2.531433756104351289e+02
5.918858858858858790e-02 2.531433912396939832e+02
5.929099099099099240e-02 2.531434068689528658e+02
5.939339339339338997e-02 2.531434224982117200e+02
5.949579579579579447e-02 2.531434381274706027e+02
5.959819819819819897e-02 2.531434537567294569e+02
5.970060060060060347e-02 2.531434693859883112e+02
5.980300300300300104e-02 2.531434850152471654e+02
5.990540540540540554e-02 2.531435006445060480e+02
6.000780780780781004e-02 2.531435162737649307e+02
6.011021021021020760e-02 2.531435319030237849e+02
6.021261261261261211e-02 2.531435475322826107e+02
6.031501501501501661e-02 2.531435631615415218e+02
6.041741741741741417e-02 2.531435787908003761e+02
6.051981981981981867e-02 2.531435944200592303e+02
6.062222222222222318e-02 2.531436100493181129e+02
6.072462462462462074e-02 2.531436256785769388e+02
6.082702702702702524e-02 2.531436413078358214e+02
6.092942942942942974e-02 2.531436569370947041e+02
6.103183183183183425e-02 2.531436725663535583e+02
6.113423423423423181e-02 2.531436881956124125e+02
6.123663663663663631e-02 2.531437038248712952e+02
6.133903903903904081e-02 2.531437194541301494e+02
6.144144144144143838e-02 2.531437350833890036e+02
6.154384384384384288e-02 2.531437507126478863e+02
6.164624624624624738e-02 2.531437664212787126e+02
6.174864864864864494e-02 2.531437821230202303e+02
6.185105105105104945e-02 2.531437977831823218e+02
6.195345345345345395e-02 2.531438134356970124e+02
6.205585585585585845e-02 2.531438290866843772e+02
6.215825825825825601e-02 2.531438447376717704e+02
6.226066066066066051e-02 2.531438603886591068e+02
6.236306306306306502e-02 2.531438760396465000e+02
6.246546546546546258e-02 2.531438916906338932e+02
6.256786786786787402e-02 2.531439073416212864e+02
6.267027027027026465e-02 2.531439229926086512e+02
6.277267267267266915e-02 2.531439386435960444e+02
6.287507507507507365e-02 2.531439542945834091e+02
6.297747747747747815e-02 2.531439699455708023e+02
6.307987987987988265e-02 2.531439855965581671e+02
6.318228228228228716e-02 2.531440012475455603e+02
6.328468468468467778e-02 2.531440168985329251e+02
6.338708708708708228e-02 2.531440325495203183e+02
6.348948948948948678e-02 2.531440482005076831e+02
6.359189189189189129e-02 2.531440638514950763e+02
6.369429429429429579e-02 2.531440795024824411e+02
6.379669669669670029e-02 2.531440951534698058e+02
6.389909909909910479e-02 2.531441108044571990e+02
6.400150150150149542e-02 2.531441264554445638e+02
6.410390390390389992e-02 2.531441421064319570e+02
6.420630630630630442e-02 2.531441577574193218e+02
6.430870870870870892e-02 2.531441734084067150e+02
6.441111111111111343e-02 2.531441890593940798e+02
6.451351351351351793e-02 2.531442047103814446e+02
6.461591591591590855e-02 2.531442203613688662e+02
6.471831831831831305e-02 2.531442360123562025e+02
6.482072072072071756e-02 2.531442516633435957e+02
6.492312312312312206e-02 2.531442673143309605e+02
6.502552552552552656e-02 2.531442829653183253e+02
6.512792792792793106e-02 2.531442986163056901e+02
6.523033033033033556e-02 2.531443142672931117e+02
6.533273273273272619e-02 2.531443299182804765e+02
6.543513513513513069e-02 2.531443455692678697e+02
6.553753753753753519e-02 2.531443612202552060e+02
6.563993993993993969e-02 2.531443768712425992e+02
6.574234234234234420e-02 2.531443925222299924e+02
6.584474474474474870e-02 2.531444081732173856e+02
6.594714714714715320e-02 2.531444238242047504e+02
6.604954954954954383e-02 2.531444394751921436e+02
6.615195195195194833e-02 2.531444551261794800e+02
6.625435435435435283e-02 2.531444707637928389e+02
6.635675675675675733e-02 2.531444863971543100e+02
6.645915915915916183e-02 2.531445020305158096e+02
6.656156156156156634e-02 2.531445176638773091e+02
6.666396396396395696e-02 2.531445332972388087e+02
6.676636636636636146e-02 2.531445489423358310e+02
6.686876876876876596e-02 2.531445646324015115e+02
6.697117117117117047e-02 2.531445803224671636e+02
6.707357357357357497e-02 2.531445960033493066e+02
6.717597597597597947e-02 2.531446116825763966e+02
6.727837837837838397e-02 2.531446273618034866e+02
6.738078078078077460e-02 2.531446430410306050e+02
6.748318318318317910e-02 2.531446587376885873e+02
6.758558558558558360e-02 2.531446744386857688e+02
6.768798798798798810e-02 2.531446901396829219e+02
6.779039039039039261e-02 2.531447058406800750e+02
6.789279279279279711e-02 2.531447215416772565e+02
6.799519519519518773e-02 2.531447372426744380e+02
6.809759759759759223e-02 2.531447529211888536e+02
6.819999999999999674e-02 2.531447685896354756e+02
6.830240240240240124e-02 2.531447842580820975e+02
6.840480480480480574e-02 2.531447999265286626e+02
6.850720720720721024e-02 2.531448155949752845e+02
6.860960960960961474e-02 2.531448312634219064e+02
6.871201201201200537e-02 2.531448469318685284e+02
6.881441441441440987e-02 2.531448626003151503e+02
6.891681681681681437e-02 2.531448782687617154e+02
6.901921921921921887e-02 2.531448939372083373e+02
6.912162162162162338e-02 2.531449096056549593e+02
6.922402402402402788e-02 2.531449252741015812e+02
6.932642642642643238e-02 2.531449409425482031e+02
6.942882882882882301e-02 2.531449566109947682e+02
6.953123123123122751e-02 2.531449722794414470e+02
6.963363363363363201e-02 2.531449879478880405e+02
6.973603603603603651e-02 2.531450036163346340e+02
6.983843843843844101e-02 2.531450192847812559e+02
6.994084084084084552e-02 2.531450349532278778e+02
7.004324324324323614e-02 2.531450506216744998e+02
7.014564564564564064e-02 2.531450662901211217e+02
7.024804804804804514e-02 2.531450819585677152e+02
7.035045045045044965e-02 2.531450976270143087e+02
7.045285285285285415e-02 2.531451132954609307e+02
7.055525525525525865e-02 2.531451289639075810e+02
7.065765765765766315e-02 2.531451446323541745e+02
7.076006006006005378e-02 2.531451603008007680e+02
7.086246246246245828e-02 2.531451759692473900e+02
7.096486486486486278e-02 2.531451916376940119e+02
7.106726726726726728e-02 2.531452073061406338e+02
7.116966966966967179e-02 2.531452229745872273e+02
7.127207207207207629e-02 2.531452386430338493e+02
7.137447447447446691e-02 2.531452543114804428e+02
7.147687687687687141e-02 2.531452699799270931e+02
7.157927927927927592e-02 2.531452856483736582e+02
7.168168168168168042e-02 2.531453013168202801e+02
7.178408408408408492e-02 2.531453169852669021e+02
7.188648648648648942e-02 2.531453326537135240e+02
7.198888888888889392e-02 2.531453483221601459e+02
7.209129129129128455e-02 2.531453639906067110e+02
7.219369369369368905e-02 2.531453796590533329e+02
7.229609609609609355e-02 2.531453953274999549e+02
7.239849849849849805e-02 2.531454109959465768e+02
7.250090090090090256e-02 2.531454266643931987e+02
7.260330330330330706e-02 2.531454423328398207e+02
7.270570570570571156e-02 2.531454579755669556e+02
7.280810810810810219e-02 2.531454735850632574e+02
7.291051051051050669e-02 2.531454891958783833e+02
7.301291291291291119e-02 2.531455048066934808e+02
7.311531531531531569e-02 2.531455204175085782e+02
7.321771771771772019e-02 2.531455360283237042e+02
7.332012012012012470e-02 2.531455516391388016e+02
7.342252252252251532e-02 2.531455672499538991e+02
7.352492492492491982e-02 2.531455828607690535e+02
7.362732732732732432e-02 2.531455984715841510e+02
7.372972972972972883e-02 2.531456140823992769e+02
7.383213213213213333e-02 2.531456296932143459e+02
7.393453453453453783e-02 2.531456453040294718e+02
7.403693693693694233e-02 2.531456609148445693e+02
7.413933933933933296e-02 2.531456765256596952e+02
7.424174174174173746e-02 2.531456921364748212e+02
7.434414414414414196e-02 2.531457077472899186e+02
7.444654654654654646e-02 2.531457233581050446e+02
7.454894894894895097e-02 2.531457389689201136e+02
7.465135135135135547e-02 2.531457545797352395e+02
7.475375375375375997e-02 2.531457701905503654e+02
7.485615615615615059e-02 2.531457858013654914e+02
7.495855855855855510e-02 2.531458014121805604e+02
7.506096096096095960e-02 2.531458170229956863e+02
7.516336336336336410e-02 2.531458326338108122e+02
7.526576576576576860e-02 2.531458482446259382e+02
7.536816816816817310e-02 2.531458638554410356e+02
7.547057057057056373e-02 2.531458794662561331e+02
7.557297297297296823e-02 2.531458950770712306e+02
7.567537537537537273e-02 2.531459106878863565e+02
7.577777777777777724e-02 2.531459262987014824e+02
7.588018018018018174e-02 2.531459419095165799e+02
7.598258258258258624e-02 2.531459575203316774e+02
7.608498498498499074e-02 2.531459731424065183e+02
7.618738738738738137e-02 2.531459887906496249e+02
7.628978978978978587e-02 2.531460044388927031e+02
7.639219219219219037e-02 2.531460200871358097e+02
7.649459459459459487e-02 2.531460357353788879e+02
7.659699699699699937e-02 2.531460513836219661e+02
7.669939939939940388e-02 2.531460670318650727e+02
7.680180180180179450e-02 2.531460826801081510e+02
7.690420420420419900e-02 2.531460983283512576e+02
7.700660660660660350e-02 2.531461139765943642e+02
7.710900900900900801e-02 2.531461296248374424e+02
7.721141141141141251e-02 2.531461452730805206e+02
7.731381381381381701e-02 2.531461609213236272e+02
7.741621621621622151e-02 2.531461765695667054e+02
7.751861861861861214e-02 2.531461922178098121e+02
7.762102102102101664e-02 2.531462078660529187e+02
7.772342342342342114e-02 2.531462235142959685e+02
7.782582582582582564e-02 2.531462391625390751e+02
7.792822822822823015e-02 2.531462548144237985e+02
7.803063063063063465e-02 2.531462704888152757e+02
7.813303303303303915e-02 2.531462861604030081e+02
7.823543543543542977e-02 2.531463018773891349e+02
7.833783783783783428e-02 2.531463176417858563e+02
7.844024024024023878e-02 2.531463334061826060e+02
7.854264264264264328e-02 2.531463491705793558e+02
7.864504504504504778e-02 2.531463649349761056e+02
7.874744744744745228e-02 2.531463806993728554e+02
7.884984984984984291e-02 2.531463964637695767e+02
7.895225225225224741e-02 2.531464122281663265e+02
7.905465465465465191e-02 2.531464279925630763e+02
7.915705705705705642e-02 2.531464437569597976e+02
7.925945945945946092e-02 2.531464595213565758e+02
7.936186186186186542e-02 2.531464752857532972e+02
7.946426426426426992e-02 2.531464910501500185e+02
7.956666666666666055e-02 2.531465068145467967e+02
7.966906906906906505e-02 2.531465225789435181e+02
7.977147147147146955e-02 2.531465383433402678e+02
7.987387387387387405e-02 2.531465541077370176e+02
7.997627627627627855e-02 2.531465698721337958e+02
8.007867867867868306e-02 2.531465856365305171e+02
8.018108108108107368e-02 2.531466014009272385e+02
8.028348348348347818e-02 2.531466171653240167e+02
8.038588588588588268e-02 2.531466329297207380e+02
8.048828828828828719e-02 2.531466486941174594e+02
8.059069069069069169e-02 2.531466644585142376e+02
8.069309309309309619e-02 2.531466802229110158e+02
8.079549549549550069e-02 2.531466959873077371e+02
8.089789789789789132e-02 2.531467117517044585e+02
8.100030030030029582e-02 2.531467275161012083e+02
8.110270270270270032e-02 2.531467432804979580e+02
8.120510510510510482e-02 2.531467590448946510e+02
8.130750750750750933e-02 2.531467748092914292e+02
8.140990990990991383e-02 2.531467905736881789e+02
8.151231231231231833e-02 2.531468063380849287e+02
8.161471471471470895e-02 2.531468221024816785e+02
8.171711711711711346e-02 2.531468378668783998e+02
8.181951951951951796e-02 2.531468536312751496e+02
8.192192192192192246e-02 2.531468693956718994e+02
8.202432432432432696e-02 2.531468851600686492e+02
8.212672672672673146e-02 2.531469009244653989e+02
8.222912912912912209e-02 2.531469166888621203e+02
8.233153153153152659e-02 2.531469324532588985e+02
8.243393393393393109e-02 2.531469482176556198e+02
8.253633633633633560e-02 2.531469639820523412e+02
8.263873873873874010e-02 2.531469797464490910e+02
8.274114114114114460e-02 2.531469955108458691e+02
8.284354354354354910e-02 2.531470112752426189e+02
8.294594594594593973e-02 2.531470270161878773e+02
8.304834834834834423e-02 2.531470427265091416e+02
8.315075075075074873e-02 2.531470584316179497e+02
8.325315315315315323e-02 2.531470741367268147e+02
8.335555555555555773e-02 2.531470898418356512e+02
8.345795795795796224e-02 2.531471055469445446e+02
8.356036036036035286e-02 2.531471212520533811e+02
8.366276276276275736e-02 2.531471369571622176e+02
8.376516516516516186e-02 2.531471526622710257e+02
8.386756756756756637e-02 2.531471683673798907e+02
8.396996996996997087e-02 2.531471840724887272e+02
8.407237237237237537e-02 2.531471997775975922e+02
8.417477477477477987e-02 2.531472154827064287e+02
8.427717717717717050e-02 2.531472311878152937e+02
8.437957957957957500e-02 2.531472468929241302e+02
8.448198198198197950e-02 2.531472625980329951e+02
8.458438438438438400e-02 2.531472783031418317e+02
8.468678678678678851e-02 2.531472940082506966e+02
8.478918918918919301e-02 2.531473097133595047e+02
8.489159159159159751e-02 2.531473254184683697e+02
8.499399399399398813e-02 2.531473411235772062e+02
8.509639639639639264e-02 2.531473568286860427e+02
8.519879879879879714e-02 2.531473725337948792e+02
8.530120120120120164e-02 2.531473882389037158e+02
8.540360360360360614e-02 2.531474039440125523e+02
8.550600600600601064e-02 2.531474196491214173e+02
8.560840840840840127e-02 2.531474353542302822e+02
8.571081081081080577e-02 2.531474510593391472e+02
8.581321321321321027e-02 2.531474667644479837e+02
8.591561561561561478e-02 2.531474824695568202e+02
8.601801801801801928e-02 2.531474981746656567e+02
8.612042042042042378e-02 2.531475138797745501e+02
8.622282282282282828e-02 2.531475295848833866e+02
8.632522522522521891e-02 2.531475452899922232e+02
8.642762762762762341e-02 2.531475609951011165e+02
8.653003003003002791e-02 2.531475767002099246e+02
8.663243243243243241e-02 2.531475924053187896e+02
8.673483483483483691e-02 2.531476081104275977e+02
8.683723723723724142e-02 2.531476238155364342e+02
8.693963963963963204e-02 2.531476395206452992e+02
8.704204204204203654e-02 2.531476552257541357e+02
8.714444444444444104e-02 2.531476709308630006e+02
8.724684684684684555e-02 2.531476866359718656e+02
8.734924924924925005e-02 2.531477023410806737e+02
8.745165165165165455e-02 2.531477180461895387e+02
8.755405405405405905e-02 2.531477337512983752e+02
8.765645645645644968e-02 2.531477494564072401e+02
8.775885885885885418e-02 2.531477651615160767e+02
8.786126126126125868e-02 2.531477808666249416e+02
8.796366366366366318e-02 2.531477965717338066e+02
8.806606606606606769e-02 2.531478122768426147e+02
8.816846846846847219e-02 2.531478279819514512e+02
8.827087087087087669e-02 2.531478436870602877e+02
8.837327327327326731e-02 2.531478593921691527e+02
8.847567567567567182e-02 2.531478750972780176e+02
8.857807807807807632e-02 2.531478908023868257e+02
8.868048048048048082e-02 2.531479065074956907e+02
8.878288288288288532e-02 2.531479222126045272e+02
8.888528528528528982e-02 2.531479379177134206e+02
8.898768768768768045e-02 2.531479536228222287e+02
8.909009009009008495e-02 2.531479693436469063e+02
8.919249249249248945e-02 2.531479850911665608e+02
8.929489489489489396e-02 2.531480008386861584e+02
8.939729729729729846e-02 2.531480165836756555e+02
8.949969969969970296e-02 2.531480323187524277e+02
8.960210210210210746e-02 2.531480480538291999e+02
8.970450450450449809e-02 2.531480637889059722e+02
8.980690690690690259e-02 2.531480795239827444e+02
8.990930930930930709e-02 2.531480952590595166e+02
9.001171171171171159e-02 2.531481109941362888e+02
9.011411411411411609e-02 2.531481267276248559e+02
9.021651651651652060e-02 2.531481424607913198e+02
9.031891891891891122e-02 2.531481581939577552e+02
9.042132132132131572e-02 2.531481739271241906e+02
9.052372372372372022e-02 2.531481896602906261e+02
9.062612612612612473e-02 2.531482053934570331e+02
9.072852852852852923e-02 2.531482211266234685e+02
9.083093093093093373e-02 2.531482368597899040e+02
9.093333333333333823e-02 2.531482525929563394e+02
9.103573573573572886e-02 2.531482683261227749e+02
9.113813813813813336e-02 2.531482840592892103e+02
9.124054054054053786e-02 2.531482997924556173e+02
9.134294294294294236e-02 2.531483155256220812e+02
9.144534534534534687e-02 2.531483312587885166e+02
9.154774774774775137e-02 2.531483469919549236e+02
9.165015015015015587e-02 2.531483627251213591e+02
9.175255255255254649e-02 2.531483784582877945e+02
9.185495495495495100e-02 2.531483941947590779e+02
9.195735735735735550e-02 2.531484099313452987e+02
9.205975975975976000e-02 2.531484256679315763e+02
9.216216216216216450e-02 2.531484414045177971e+02
9.226456456456456900e-02 2.531484571411040179e+02
9.236696696696695963e-02 2.531484728776902671e+02
9.246936936936936413e-02 2.531484886142765163e+02
9.257177177177176863e-02 2.531485043508627939e+02
9.267417417417417314e-02 2.531485200874490147e+02
9.277657657657657764e-02 2.531485358240352639e+02
9.287897897897898214e-02 2.531485515606215131e+02
9.298138138138138664e-02 2.531485672972077623e+02
9.308378378378377727e-02 2.531485830337940115e+02
9.318618618618618177e-02 2.531485987703802323e+02
9.328858858858858627e-02 2.531486145069664531e+02
9.339099099099099077e-02 2.531486302435527307e+02
9.349339339339339527e-02 2.531486459801389515e+02
9.359579579579579978e-02 2.531486617167252007e+02
9.369819819819819040e-02 2.531486774533114499e+02
9.380060060060059490e-02 2.531486931898976991e+02
9.390300300300299940e-02 2.531487089264839199e+02
9.400540540540540391e-02 2.531487246630701691e+02
9.410780780780780841e-02 2.531487403996564183e+02
9.421021021021021291e-02 2.531487561362426675e+02
9.431261261261261741e-02 2.531487718728288883e+02
9.441501501501500804e-02 2.531487876094151659e+02
9.451741741741741254e-02 2.531488033460013867e+02
9.461981981981981704e-02 2.531488190825876359e+02
9.472222222222222154e-02 2.531488348191738851e+02
9.482462462462462605e-02 2.531488505557601343e+02
9.492702702702703055e-02 2.531488662923463835e+02
9.502942942942943505e-02 2.531488820289326327e+02
9.513183183183182567e-02 2.531488977655188535e+02
9.523423423423423018e-02 2.531489135021051027e+02
9.533663663663663468e-02 2.531489292386913235e+02
9.543903903903903918e-02 2.531489449752776011e+02
9.554144144144144368e-02 2.531489607114139346e+02
9.564384384384384818e-02 2.531489764385116530e+02
9.574624624624623881e-02 2.531489921656093429e+02
9.584864864864864331e-02 2.531490078927070613e+02
9.595105105105104781e-02 2.531490236198047796e+02
9.605345345345345232e-02 2.531490393469024980e+02
9.615585585585585682e-02 2.531490550740002163e+02
9.625825825825826132e-02 2.531490708096085882e+02
9.636066066066066582e-02 2.531490865580690581e+02
9.646306306306305645e-02 2.531491023065295565e+02
9.656546546546546095e-02 2.531491180549900264e+02
9.666786786786786545e-02 2.531491338034504963e+02
9.677027027027026995e-02 2.531491495519109947e+02
9.687267267267267445e-02 2.531491653003714646e+02
9.697507507507507896e-02 2.531491810488319061e+02
9.707747747747748346e-02 2.531491967972924044e+02
9.717987987987987408e-02 2.531492125457528743e+02
9.728228228228227858e-02 2.531492282942133727e+02
9.738468468468468309e-02 2.531492440426738426e+02
9.748708708708708759e-02 2.531492597911343125e+02
9.758948948948949209e-02 2.531492755395948109e+02
9.769189189189189659e-02 2.531492912880552808e+02
9.779429429429428722e-02 2.531493070302886679e+02
9.789669669669669172e-02 2.531493227649349933e+02
9.799909909909909622e-02 2.531493384995813472e+02
9.810150150150150072e-02 2.531493542342276726e+02
9.820390390390390523e-02 2.531493699688740264e+02
9.830630630630630973e-02 2.531493857035203519e+02
9.840870870870871423e-02 2.531494014381667057e+02
9.851111111111110485e-02 2.531494171728130596e+02
9.861351351351350936e-02 2.531494329193893975e+02
9.871591591591591386e-02 2.531494486716285905e+02
9.881831831831831836e-02 2.531494644238677552e+02
9.892072072072072286e-02 2.531494801761069482e+02
9.902312312312312736e-02 2.531494959283461412e+02
9.912552552552551799e-02 2.531495116805853058e+02
9.922792792792792249e-02 2.531495274328244705e+02
9.933033033033032699e-02 2.531495431850636919e+02
9.943273273273273150e-02 2.531495589373028565e+02
9.953513513513513600e-02 2.531495746895420780e+02
9.963753753753754050e-02 2.531495904417812426e+02
9.973993993993994500e-02 2.531496061940204072e+02
9.984234234234233563e-02 2.531496219462596002e+02
9.994474474474474013e-02 2.531496376984987933e+02
1.000471471471471446e-01 2.531496534507379579e+02
1.001495495495495491e-01 2.531496692029771225e+02
1.002519519519519536e-01 2.531496849552163440e+02
1.003543543543543581e-01 2.531497007074555086e+02
1.004567567567567626e-01 2.531497164596947300e+02
1.005591591591591533e-01 2.531497322119338946e+02
1.006615615615615578e-01 2.531497479641730592e+02
1.007639639639639623e-01 2.531497637164122807e+02
1.008663663663663668e-01 2.531497794686514453e+02
1.009687687687687713e-01 2.531497952208906099e+02
1.010711711711711758e-01 2.531498109731298314e+02
1.011735735735735664e-01 2.531498267253689960e+02
1.012759759759759709e-01 2.531498424776081890e+02
1.013783783783783754e-01 2.531498582298473821e+02
1.014807807807807799e-01 2.531498739820865467e+02
1.015831831831831844e-01 2.531498897343257113e+02
1.016855855855855889e-01 2.531499054865649043e+02
1.017879879879879934e-01 2.531499212388040974e+02
1.018903903903903840e-01 2.531499369910432620e+02
1.019927927927927885e-01 2.531499527432824834e+02
1.020951951951951930e-01 2.531499684955216480e+02
1.021975975975975975e-01 2.531499842477608127e+02
1.023000000000000020e-01 2.531500000000000341e+02
