LineProbe
number of points: 1000 (fixed)
point 0: [0. 0. 0.]
point 1: [0.875 0.    0.   ]
-----

# T 1000
0.000000000000000000e+00 2.622130739981170677e+02
8.758758758758758683e-04 2.622223651571433720e+02
1.751751751751751737e-03 2.622316563161696763e+02
2.627627627627627388e-03 2.622409328625002445e+02
3.503503503503503473e-03 2.622501424214343047e+02
4.379379379379379558e-03 2.622593519803683648e+02
5.255255255255254776e-03 2.622685615393024250e+02
6.131131131131130861e-03 2.622777710982364852e+02
7.007007007007006946e-03 2.622869806571706022e+02
7.882882882882882164e-03 2.622961902161047192e+02
8.758758758758759116e-03 2.623053997750387794e+02
9.634634634634634334e-03 2.623146093339728395e+02
1.051051051051050955e-02 2.623238188929069565e+02
1.138638638638638650e-02 2.623330284518409599e+02
1.226226226226226172e-02 2.623423414977644370e+02
1.313813813813813867e-02 2.623517083023312466e+02
1.401401401401401389e-02 2.623610751068980562e+02
1.488988988988988911e-02 2.623704419114649227e+02
1.576576576576576433e-02 2.623798087160316754e+02
1.664164164164164128e-02 2.623891755205985419e+02
1.751751751751751823e-02 2.623985423251653515e+02
1.839339339339339172e-02 2.624078710455671626e+02
1.926926926926926867e-02 2.624168005358100118e+02
2.014514514514514562e-02 2.624257300260528609e+02
2.102102102102101910e-02 2.624346595162957101e+02
2.189689689689689606e-02 2.624435304433181386e+02
2.277277277277277301e-02 2.624523084911916158e+02
2.364864864864864996e-02 2.624608556755088102e+02
2.452452452452452344e-02 2.624693214671168562e+02
2.540040040040040040e-02 2.624777872587248453e+02
2.627627627627627735e-02 2.624862530503328912e+02
2.715215215215215083e-02 2.624947188419408803e+02
2.802802802802802778e-02 2.625031846335488694e+02
2.890390390390390474e-02 2.625116504251569154e+02
2.977977977977977822e-02 2.625201162167649045e+02
3.065565565565565517e-02 2.625285820083729504e+02
3.153153153153152866e-02 2.625370477999809395e+02
3.240740740740740561e-02 2.625455135915889286e+02
3.328328328328328256e-02 2.625539793831969178e+02
3.415915915915915951e-02 2.625624130001704088e+02
3.503503503503503647e-02 2.625705685669324794e+02
3.591091091091091342e-02 2.625787241336945499e+02
3.678678678678678343e-02 2.625868797004566204e+02
3.766266266266266038e-02 2.625950352672186341e+02
3.853853853853853734e-02 2.626031908339807046e+02
3.941441441441441429e-02 2.626113464007427751e+02
4.029029029029029124e-02 2.626195019675048457e+02
4.116616616616616819e-02 2.626280813949542221e+02
4.204204204204203821e-02 2.626368369990934184e+02
4.291791791791791516e-02 2.626458227024508574e+02
4.379379379379379211e-02 2.626548084058082395e+02
4.466966966966966907e-02 2.626637941091656785e+02
4.554554554554554602e-02 2.626727798125230606e+02
4.642142142142142297e-02 2.626817655158804996e+02
4.729729729729729992e-02 2.626907512192379386e+02
4.817317317317316994e-02 2.626997369225953207e+02
4.904904904904904689e-02 2.627087226259527597e+02
4.992492492492492384e-02 2.627177083293101987e+02
5.080080080080080079e-02 2.627267028425413855e+02
5.167667667667667775e-02 2.627357031227288076e+02
5.255255255255255470e-02 2.627447034029162864e+02
5.342842842842842471e-02 2.627537036831037085e+02
5.430430430430430166e-02 2.627627039632911305e+02
5.518018018018017862e-02 2.627717042434785526e+02
5.605605605605605557e-02 2.627803182681824410e+02
5.693193193193193252e-02 2.627887354392507291e+02
5.780780780780780947e-02 2.627971526103190172e+02
5.868368368368368643e-02 2.628055697813873053e+02
5.955955955955955644e-02 2.628139869524555934e+02
6.043543543543543339e-02 2.628224041235238815e+02
6.131131131131131035e-02 2.628308212945921696e+02
6.218718718718718730e-02 2.628392384656604577e+02
6.306306306306305731e-02 2.628476556367287458e+02
6.393893893893894120e-02 2.628560728077969770e+02
6.481481481481481122e-02 2.628643843617055609e+02
6.569069069069069511e-02 2.628721094711397654e+02
6.656656656656656512e-02 2.628798345805740269e+02
6.744244244244243514e-02 2.628875596900082883e+02
6.831831831831831903e-02 2.628952847994425497e+02
6.919419419419418904e-02 2.629030099088768111e+02
7.007007007007007293e-02 2.629107582033277026e+02
7.094594594594594295e-02 2.629185709269141853e+02
7.182182182182182684e-02 2.629263836505006111e+02
7.269769769769769685e-02 2.629341963740871506e+02
7.357357357357356686e-02 2.629420090976735764e+02
7.444944944944945076e-02 2.629497140231362664e+02
7.532532532532532077e-02 2.629572666172651907e+02
7.620120120120120466e-02 2.629648192113941718e+02
7.707707707707707467e-02 2.629723469571385408e+02
7.795295295295295857e-02 2.629796680821365840e+02
7.882882882882882858e-02 2.629869892071345134e+02
7.970470470470469859e-02 2.629943103321324998e+02
8.058058058058058248e-02 2.630016314571304861e+02
8.145645645645645250e-02 2.630089525821284724e+02
8.233233233233233639e-02 2.630162737071264587e+02
8.320820820820820640e-02 2.630235948321244450e+02
8.408408408408407642e-02 2.630309159571224313e+02
8.495995995995996031e-02 2.630382370821204177e+02
8.583583583583583032e-02 2.630455652411611709e+02
8.671171171171171421e-02 2.630529165892350534e+02
8.758758758758758423e-02 2.630602679373089359e+02
8.846346346346346812e-02 2.630676192853828184e+02
8.933933933933933813e-02 2.630749706334567009e+02
9.021521521521520814e-02 2.630823219815305833e+02
9.109109109109109204e-02 2.630896974879537424e+02
9.196696696696696205e-02 2.630973055451457299e+02
9.284284284284284594e-02 2.631049136023376036e+02
9.371871871871871595e-02 2.631125216595294773e+02
9.459459459459459985e-02 2.631201297167214079e+02
9.547047047047046986e-02 2.631277377739133385e+02
9.634634634634633987e-02 2.631353458311052123e+02
9.722222222222222376e-02 2.631429538882971428e+02
9.809809809809809378e-02 2.631505619454890734e+02
9.897397397397397767e-02 2.631581700026809472e+02
9.984984984984984768e-02 2.631657780598728777e+02
1.007257257257257316e-01 2.631733861170647515e+02
1.016016016016016016e-01 2.631809941742566821e+02
1.024774774774774716e-01 2.631886022314486127e+02
1.033533533533533555e-01 2.631962102886404864e+02
1.042292292292292255e-01 2.632038309177655719e+02
1.051051051051051094e-01 2.632114445340466773e+02
1.059809809809809794e-01 2.632189910918754663e+02
1.068568568568568494e-01 2.632265376497043121e+02
1.077327327327327333e-01 2.632340842075331011e+02
1.086086086086086033e-01 2.632416307653618901e+02
1.094844844844844872e-01 2.632491773231906791e+02
1.103603603603603572e-01 2.632567238810195249e+02
1.112362362362362411e-01 2.632642704388483708e+02
1.121121121121121111e-01 2.632718169966771598e+02
1.129879879879879812e-01 2.632793635545059487e+02
1.138638638638638650e-01 2.632872182613649557e+02
1.147397397397397351e-01 2.632954596804935932e+02
1.156156156156156189e-01 2.633037010996222875e+02
1.164914914914914890e-01 2.633119425187509250e+02
1.173673673673673729e-01 2.633201839378795626e+02
1.182432432432432429e-01 2.633284253570082569e+02
1.191191191191191129e-01 2.633366667761368944e+02
1.199949949949949968e-01 2.633449081952655320e+02
1.208708708708708668e-01 2.633531496143941695e+02
1.217467467467467507e-01 2.633613910335228070e+02
1.226226226226226207e-01 2.633696324526514445e+02
1.234984984984984907e-01 2.633769421637555865e+02
1.243743743743743746e-01 2.633839576788905674e+02
1.252502502502502446e-01 2.633909731940255483e+02
1.261261261261261146e-01 2.633979887091605292e+02
1.270020020020020124e-01 2.634050042242955669e+02
1.278778778778778824e-01 2.634120197394305478e+02
1.287537537537537524e-01 2.634190352545655287e+02
1.296296296296296224e-01 2.634260507697005096e+02
1.305055055055054924e-01 2.634330662848354905e+02
1.313813813813813902e-01 2.634400817999704714e+02
1.322572572572572602e-01 2.634469730146653319e+02
1.331331331331331302e-01 2.634538175825023245e+02
1.340090090090090003e-01 2.634606621503392603e+02
1.348848848848848703e-01 2.634675067181761960e+02
1.357607607607607680e-01 2.634743512860131887e+02
1.366366366366366381e-01 2.634811958538501813e+02
1.375125125125125081e-01 2.634880404216871739e+02
1.383883883883883781e-01 2.634948849895241096e+02
1.392642642642642758e-01 2.635014326584577020e+02
1.401401401401401459e-01 2.635079012727180157e+02
1.410160160160160159e-01 2.635143698869783293e+02
1.418918918918918859e-01 2.635208385012386998e+02
1.427677677677677559e-01 2.635273071154990134e+02
1.436436436436436537e-01 2.635337757297593839e+02
1.445195195195195237e-01 2.635402443440196976e+02
1.453953953953953937e-01 2.635467129582799544e+02
1.462712712712712637e-01 2.635531815725403249e+02
1.471471471471471337e-01 2.635596501868006953e+02
1.480230230230230315e-01 2.635661188010610090e+02
1.488988988988989015e-01 2.635725874153213226e+02
1.497747747747747715e-01 2.635790560295816363e+02
1.506506506506506415e-01 2.635855246438420068e+02
1.515265265265265116e-01 2.635919932581023204e+02
1.524024024024024093e-01 2.635984618723626340e+02
1.532782782782782793e-01 2.636049304866229477e+02
1.541541541541541493e-01 2.636113991008833182e+02
1.550300300300300194e-01 2.636173385719167186e+02
1.559059059059059171e-01 2.636225478361809564e+02
1.567817817817817871e-01 2.636279581660454596e+02
1.576576576576576572e-01 2.636336662916120872e+02
1.585335335335335272e-01 2.636394862385097326e+02
1.594094094094093972e-01 2.636453061854073781e+02
1.602852852852852950e-01 2.636511261323049666e+02
1.611611611611611650e-01 2.636569460792026121e+02
1.620370370370370350e-01 2.636627660261002006e+02
1.629129129129129050e-01 2.636685859729978461e+02
1.637887887887887750e-01 2.636744059198954915e+02
1.646646646646646728e-01 2.636802258667931369e+02
1.655405405405405428e-01 2.636860458136907255e+02
1.664164164164164128e-01 2.636918657605883709e+02
1.672922922922922828e-01 2.636976857074859595e+02
1.681681681681681528e-01 2.637035056543836049e+02
1.690440440440440506e-01 2.637093256012812503e+02
1.699199199199199206e-01 2.637151455481788389e+02
1.707957957957957906e-01 2.637207486730136452e+02
1.716716716716716606e-01 2.637263447970481138e+02
1.725475475475475584e-01 2.637319409210825825e+02
1.734234234234234284e-01 2.637375370451170511e+02
1.742992992992992984e-01 2.637431331691514629e+02
1.751751751751751685e-01 2.637487292931859884e+02
1.760510510510510385e-01 2.637543254172204001e+02
1.769269269269269362e-01 2.637599165639575176e+02
1.778028028028028062e-01 2.637654161086516069e+02
1.786786786786786763e-01 2.637709156533456394e+02
1.795545545545545463e-01 2.637764151980396718e+02
1.804304304304304163e-01 2.637819147427337043e+02
1.813063063063063141e-01 2.637874142874277368e+02
1.821821821821821841e-01 2.637929138321218261e+02
1.830580580580580541e-01 2.637984133768158586e+02
1.839339339339339241e-01 2.638038545716838712e+02
1.848098098098098219e-01 2.638087673968548756e+02
1.856856856856856919e-01 2.638127961843499634e+02
1.865615615615615619e-01 2.638161465203079388e+02
1.874374374374374319e-01 2.638194922868569847e+02
1.883133133133133019e-01 2.638228372617448940e+02
1.891891891891891997e-01 2.638261822366328033e+02
1.900650650650650697e-01 2.638295272115207126e+02
1.909409409409409397e-01 2.638328721864086219e+02
1.918168168168168097e-01 2.638362171612965312e+02
1.926926926926926797e-01 2.638395621361844405e+02
1.935685685685685775e-01 2.638429071110724067e+02
1.944444444444444475e-01 2.638462520859603160e+02
1.953203203203203175e-01 2.638495970608482253e+02
1.961961961961961876e-01 2.638529420357361346e+02
1.970720720720720576e-01 2.638562870106240439e+02
1.979479479479479553e-01 2.638596319855118963e+02
1.988238238238238254e-01 2.638629769603998625e+02
1.996996996996996954e-01 2.638663219352877718e+02
2.005755755755755654e-01 2.638696669101756811e+02
2.014514514514514631e-01 2.638730118850636472e+02
2.023273273273273332e-01 2.638763568599515565e+02
2.032032032032032032e-01 2.638797018348394658e+02
2.040790790790790732e-01 2.638830468097273183e+02
2.049549549549549432e-01 2.638865048255053125e+02
2.058308308308308410e-01 2.638903135379450191e+02
2.067067067067067110e-01 2.638941222503847257e+02
2.075825825825825810e-01 2.638979309628244891e+02
2.084584584584584510e-01 2.639017396752641957e+02
2.093343343343343210e-01 2.639054715295777100e+02
2.102102102102102188e-01 2.639088090216460500e+02
2.110860860860860888e-01 2.639121465137144469e+02
2.119619619619619588e-01 2.639154840057827300e+02
2.128378378378378288e-01 2.639188214978510700e+02
2.137137137137136988e-01 2.639221589899194669e+02
2.145895895895895966e-01 2.639254964819878069e+02
2.154654654654654666e-01 2.639288339740562037e+02
2.163413413413413366e-01 2.639321714661244869e+02
2.172172172172172067e-01 2.639357290894970447e+02
2.180930930930931044e-01 2.639396547446879140e+02
2.189689689689689744e-01 2.639435803998788401e+02
2.198448448448448445e-01 2.639475060550697094e+02
2.207207207207207145e-01 2.639514317102606356e+02
2.215965965965965845e-01 2.639553573654515048e+02
2.224724724724724823e-01 2.639592830206424310e+02
2.233483483483483523e-01 2.639632086758333003e+02
2.242242242242242223e-01 2.639671343310242264e+02
2.251001001001000923e-01 2.639710599862150957e+02
2.259759759759759623e-01 2.639749856414060218e+02
2.268518518518518601e-01 2.639789112965969480e+02
2.277277277277277301e-01 2.639828369517878173e+02
2.286036036036036001e-01 2.639867626069787434e+02
2.294794794794794701e-01 2.639906882621696695e+02
2.303553553553553401e-01 2.639946139173605388e+02
2.312312312312312379e-01 2.639984724519478050e+02
2.321071071071071079e-01 2.640016946146729993e+02
2.329829829829829779e-01 2.640038298124726452e+02
2.338588588588588479e-01 2.640061799666310094e+02
2.347347347347347457e-01 2.640086563584794703e+02
2.356106106106106157e-01 2.640102430807509108e+02
2.364864864864864857e-01 2.640118261491675753e+02
2.373623623623623557e-01 2.640134092175842966e+02
2.382382382382382258e-01 2.640149922860010179e+02
2.391141141141141235e-01 2.640165753544176823e+02
2.399899899899899935e-01 2.640181584228344036e+02
2.408658658658658636e-01 2.640197414912511249e+02
2.417417417417417336e-01 2.640213245596678462e+02
2.426176176176176036e-01 2.640229076280845106e+02
2.434934934934935014e-01 2.640244906965012319e+02
2.443693693693693714e-01 2.640260737649179532e+02
2.452452452452452414e-01 2.640276568333346177e+02
2.461211211211211114e-01 2.640292399017513389e+02
2.469969969969969814e-01 2.640308229701680602e+02
2.478728728728728792e-01 2.640324060385847815e+02
2.487487487487487492e-01 2.640339891070014460e+02
2.496246246246246192e-01 2.640355721754181673e+02
2.505005005005004892e-01 2.640371552438348886e+02
2.513763763763763870e-01 2.640384547612749770e+02
2.522522522522522292e-01 2.640397114371783118e+02
2.531281281281281270e-01 2.640409681130817035e+02
2.540040040040040248e-01 2.640422247889850382e+02
2.548798798798798670e-01 2.640434814648884867e+02
2.557557557557557648e-01 2.640447381407918215e+02
2.566316316316316071e-01 2.640449861478181788e+02
2.575075075075075048e-01 2.640449513717488799e+02
2.583833833833834026e-01 2.640449165956795810e+02
2.592592592592592449e-01 2.640448818196102252e+02
2.601351351351351426e-01 2.640448470435409263e+02
2.610110110110109849e-01 2.640448122674716274e+02
2.618868868868868827e-01 2.640447774914023285e+02
2.627627627627627804e-01 2.640447427153330295e+02
2.636386386386386227e-01 2.640447079392636738e+02
2.645145145145145205e-01 2.640445709898818905e+02
2.653903903903903627e-01 2.640434448408927892e+02
2.662662662662662605e-01 2.640423186919036880e+02
2.671421421421421583e-01 2.640411925429145299e+02
2.680180180180180005e-01 2.640400663939253718e+02
2.688938938938938983e-01 2.640389402449362706e+02
2.697697697697697405e-01 2.640378140959471125e+02
2.706456456456456383e-01 2.640366879469579544e+02
2.715215215215215361e-01 2.640355617979688532e+02
2.723973973973973783e-01 2.640344356489797519e+02
2.732732732732732761e-01 2.640327700725845830e+02
2.741491491491491739e-01 2.640309315352257613e+02
2.750250250250250161e-01 2.640290929978669965e+02
2.759009009009009139e-01 2.640272544605081748e+02
2.767767767767767562e-01 2.640254159231493531e+02
2.776526526526526539e-01 2.640235773857905883e+02
2.785285285285285517e-01 2.640217388484317667e+02
2.794044044044043940e-01 2.640199003110730018e+02
2.802802802802802917e-01 2.640180617737142370e+02
2.811561561561561340e-01 2.640162232363554153e+02
2.820320320320320318e-01 2.640143846989965937e+02
2.829079079079079295e-01 2.640125461616378288e+02
2.837837837837837718e-01 2.640107076242790072e+02
2.846596596596596696e-01 2.640089220104726451e+02
2.855355355355355118e-01 2.640068948143521652e+02
2.864114114114114096e-01 2.640045080062305942e+02
2.872872872872873073e-01 2.640010536535437495e+02
2.881631631631631496e-01 2.639975820863561466e+02
2.890390390390390474e-01 2.639941105191686006e+02
2.899149149149148896e-01 2.639906389519810546e+02
2.907907907907907874e-01 2.639871673847935085e+02
2.916666666666666852e-01 2.639836834432458659e+02
2.925425425425425274e-01 2.639801881530567016e+02
2.934184184184184252e-01 2.639766928628675373e+02
2.942942942942942675e-01 2.639731975726783730e+02
2.951701701701701652e-01 2.639697022824892656e+02
2.960460460460460630e-01 2.639662069923001013e+02
2.969219219219219053e-01 2.639627117021109939e+02
2.977977977977978030e-01 2.639592164119218864e+02
2.986736736736736453e-01 2.639557211217327222e+02
2.995495495495495430e-01 2.639520883399059699e+02
3.004254254254254408e-01 2.639484405334080748e+02
3.013013013013012831e-01 2.639447927269101797e+02
3.021771771771771808e-01 2.639411449204122277e+02
3.030530530530530231e-01 2.639374971139143327e+02
3.039289289289289209e-01 2.639338493074163807e+02
3.048048048048048186e-01 2.639302015009185425e+02
3.056806806806806609e-01 2.639265536944205905e+02
3.065565565565565587e-01 2.639229058879226955e+02
3.074324324324324564e-01 2.639192580814248004e+02
3.083083083083082987e-01 2.639156102749269053e+02
3.091841841841841965e-01 2.639119624684290102e+02
3.100600600600600387e-01 2.639081083725170629e+02
3.109359359359359365e-01 2.639040507174862000e+02
3.118118118118118343e-01 2.639000846747427431e+02
3.126876876876876765e-01 2.638963705933321648e+02
3.135635635635635743e-01 2.638921705417527050e+02
3.144394394394394165e-01 2.638874485982872216e+02
3.153153153153153143e-01 2.638827266548217381e+02
3.161911911911912121e-01 2.638780047113563114e+02
3.170670670670670543e-01 2.638732827678908279e+02
3.179429429429429521e-01 2.638685608244254013e+02
3.188188188188187944e-01 2.638638388809599178e+02
3.196946946946946921e-01 2.638591169374944343e+02
3.205705705705705899e-01 2.638543949940290076e+02
3.214464464464464322e-01 2.638496730505635242e+02
3.223223223223223299e-01 2.638449511070980975e+02
3.231981981981981722e-01 2.638402291636326140e+02
3.240740740740740700e-01 2.638355072201671305e+02
3.249499499499499677e-01 2.638307852767017039e+02
3.258258258258258100e-01 2.638260633332362772e+02
3.267017017017017078e-01 2.638213413897707937e+02
3.275775775775775500e-01 2.638166194463053102e+02
3.284534534534534478e-01 2.638118975028398836e+02
3.293293293293293456e-01 2.638071755593744001e+02
3.302052052052051878e-01 2.638024536159089166e+02
3.310810810810810856e-01 2.637977316724434331e+02
3.319569569569569278e-01 2.637930097289780065e+02
3.328328328328328256e-01 2.637882877855125798e+02
3.337087087087087234e-01 2.637835658420470963e+02
3.345845845845845656e-01 2.637788438985816128e+02
3.354604604604604634e-01 2.637741219551161294e+02
3.363363363363363057e-01 2.637694000116507596e+02
3.372122122122122034e-01 2.637646780681852192e+02
3.380880880880881012e-01 2.637599500462391688e+02
3.389639639639639435e-01 2.637552206487852686e+02
3.398398398398398412e-01 2.637504912513313684e+02
3.407157157157157390e-01 2.637457618538774682e+02
3.415915915915915813e-01 2.637410324564236248e+02
3.424674674674674790e-01 2.637363030589697246e+02
3.433433433433433213e-01 2.637305684638465095e+02
3.442192192192192191e-01 2.637238591407014496e+02
3.450950950950951168e-01 2.637169606641282371e+02
3.459709709709709591e-01 2.637100621875549677e+02
3.468468468468468568e-01 2.637031637109817552e+02
3.477227227227226991e-01 2.636962652344085427e+02
3.485985985985985969e-01 2.636893667578353302e+02
3.494744744744744946e-01 2.636824682812621177e+02
3.503503503503503369e-01 2.636755698046889052e+02
3.512262262262262347e-01 2.636686713281156926e+02
3.521021021021020769e-01 2.636617728515425370e+02
3.529779779779779747e-01 2.636548743749692676e+02
3.538538538538538725e-01 2.636479758983960551e+02
3.547297297297297147e-01 2.636410774218228426e+02
3.556056056056056125e-01 2.636341789452496300e+02
3.564814814814814548e-01 2.636272804686764175e+02
3.573573573573573525e-01 2.636203819921032050e+02
3.582332332332332503e-01 2.636134835155299925e+02
3.591091091091090926e-01 2.636065850389567800e+02
3.599849849849849903e-01 2.635996865623835106e+02
3.608608608608608326e-01 2.635927880858102981e+02
3.617367367367367303e-01 2.635858896092371424e+02
3.626126126126126281e-01 2.635798789533044442e+02
3.634884884884884704e-01 2.635739665462212997e+02
3.643643643643643681e-01 2.635680541391381553e+02
3.652402402402402104e-01 2.635621417320550677e+02
3.661161161161161082e-01 2.635562293249719801e+02
3.669919919919920059e-01 2.635489389437223053e+02
3.678678678678678482e-01 2.635415995938206493e+02
3.687437437437437460e-01 2.635342602439190500e+02
3.696196196196196437e-01 2.635269208940173939e+02
3.704954954954954860e-01 2.635195815441157379e+02
3.713713713713713838e-01 2.635122421942140818e+02
3.722472472472472260e-01 2.635049028443124826e+02
3.731231231231231238e-01 2.634975634944107696e+02
3.739989989989990216e-01 2.634902241445091704e+02
3.748748748748748638e-01 2.634828847946074575e+02
3.757507507507507616e-01 2.634755454447058582e+02
3.766266266266266038e-01 2.634682060948042022e+02
3.775025025025025016e-01 2.634608667449025461e+02
3.783783783783783994e-01 2.634535273950008900e+02
3.792542542542542416e-01 2.634461880450992908e+02
3.801301301301301394e-01 2.634387594209090935e+02
3.810060060060059817e-01 2.634305215941234337e+02
3.818818818818818794e-01 2.634222837673377740e+02
3.827577577577577772e-01 2.634140837262619357e+02
3.836336336336336195e-01 2.634060784798014083e+02
3.845095095095095172e-01 2.633978838920517092e+02
3.853853853853853595e-01 2.633896124332792397e+02
3.862612612612612573e-01 2.633813409745067702e+02
3.871371371371371550e-01 2.633730695157343007e+02
3.880130130130129973e-01 2.633647980569617744e+02
3.888888888888888951e-01 2.633565265981893049e+02
3.897647647647647373e-01 2.633475508777287359e+02
3.906406406406406351e-01 2.633383090278979353e+02
3.915165165165165329e-01 2.633290671780670777e+02
3.923923923923923751e-01 2.633198253282362771e+02
3.932682682682682729e-01 2.633105834784054764e+02
3.941441441441441151e-01 2.633013416285746189e+02
3.950200200200200129e-01 2.632920997787438182e+02
3.958958958958959107e-01 2.632828579289130175e+02
3.967717717717717529e-01 2.632731496738478540e+02
3.976476476476476507e-01 2.632605375073963501e+02
3.985235235235234930e-01 2.632479253409448461e+02
3.993993993993993907e-01 2.632353131744933421e+02
4.002752752752752885e-01 2.632227010080418381e+02
4.011511511511511308e-01 2.632100888415903341e+02
4.020270270270270285e-01 2.631974766751388302e+02
4.029029029029029263e-01 2.631848645086873262e+02
4.037787787787787686e-01 2.631722523422358222e+02
4.046546546546546663e-01 2.631596401757843182e+02
4.055305305305305086e-01 2.631470280093328142e+02
4.064064064064064064e-01 2.631344158428812534e+02
4.072822822822823041e-01 2.631218036764298063e+02
4.081581581581581464e-01 2.631091915099783023e+02
4.090340340340340441e-01 2.630965793435267415e+02
4.099099099099098864e-01 2.630839671770752943e+02
4.107857857857857842e-01 2.630713550106237903e+02
4.116616616616616819e-01 2.630587428441722864e+02
4.125375375375375242e-01 2.630461306777207255e+02
4.134134134134134220e-01 2.630335185112692216e+02
4.142892892892892642e-01 2.630209063448177744e+02
4.151651651651651620e-01 2.630082941783662704e+02
4.160410410410410598e-01 2.629956820119147096e+02
4.169169169169169020e-01 2.629830698454632625e+02
4.177927927927927998e-01 2.629712104128706756e+02
4.186686686686686421e-01 2.629595769547144641e+02
4.195445445445445398e-01 2.629479434965582527e+02
4.204204204204204376e-01 2.629363100384020981e+02
4.212962962962962798e-01 2.629246765802459436e+02
4.221721721721721776e-01 2.629130431220897890e+02
4.230480480480480199e-01 2.629009176715543390e+02
4.239239239239239176e-01 2.628874407061814509e+02
4.247997997997998154e-01 2.628739637408085628e+02
4.256756756756756577e-01 2.628606554664055466e+02
4.265515515515515554e-01 2.628477828102780336e+02
4.274274274274273977e-01 2.628346712568627481e+02
4.283033033033032955e-01 2.628209502337824688e+02
4.291791791791791932e-01 2.628072292107021894e+02
4.300550550550550355e-01 2.627935081876219670e+02
4.309309309309309333e-01 2.627797871645416876e+02
4.318068068068067755e-01 2.627660661414614651e+02
4.326826826826826733e-01 2.627523451183811858e+02
4.335585585585585711e-01 2.627386240953009064e+02
4.344344344344344133e-01 2.627249030722206271e+02
4.353103103103103111e-01 2.627111820491404046e+02
4.361861861861862089e-01 2.626974610260601253e+02
4.370620620620620511e-01 2.626837400029798459e+02
4.379379379379379489e-01 2.626700189798996234e+02
4.388138138138137911e-01 2.626562979568193441e+02
4.396896896896896889e-01 2.626425769337390648e+02
4.405655655655655867e-01 2.626288559106587854e+02
4.414414414414414289e-01 2.626151348875785061e+02
4.423173173173173267e-01 2.626014138644982836e+02
4.431931931931931690e-01 2.625875779233942922e+02
4.440690690690690667e-01 2.625735544116573124e+02
4.449449449449449645e-01 2.625595308999203326e+02
4.458208208208208068e-01 2.625455073881833528e+02
4.466966966966967045e-01 2.625306889494486313e+02
4.475725725725725468e-01 2.625166086709007800e+02
4.484484484484484446e-01 2.625026100029578515e+02
4.493243243243243423e-01 2.624886113350149230e+02
4.502002002002001846e-01 2.624746126670719377e+02
4.510760760760760824e-01 2.624606139991290092e+02
4.519519519519519246e-01 2.624466153311860808e+02
4.528278278278278224e-01 2.624326166632430954e+02
4.537037037037037202e-01 2.624186179953001101e+02
4.545795795795795624e-01 2.624042273538539121e+02
4.554554554554554602e-01 2.623898204681865423e+02
4.563313313313313024e-01 2.623753304297924274e+02
4.572072072072072002e-01 2.623597066283111303e+02
4.580830830830830980e-01 2.623440828268297764e+02
4.589589589589589402e-01 2.623284590253485362e+02
4.598348348348348380e-01 2.623128352238671823e+02
4.607107107107106803e-01 2.622972114223858853e+02
4.615865865865865780e-01 2.622815876209045882e+02
4.624624624624624758e-01 2.622659638194232912e+02
4.633383383383383181e-01 2.622503400179419941e+02
4.642142142142142158e-01 2.622347162164606971e+02
4.650900900900901136e-01 2.622190924149794569e+02
4.659659659659659559e-01 2.622034686134981030e+02
4.668418418418418536e-01 2.621878448120168059e+02
4.677177177177176959e-01 2.621722210105355089e+02
4.685935935935935936e-01 2.621565972090542118e+02
4.694694694694694914e-01 2.621409734075729148e+02
4.703453453453453337e-01 2.621253496060916177e+02
4.712212212212212314e-01 2.621099238335629025e+02
4.720970970970970737e-01 2.620951348999829520e+02
4.729729729729729715e-01 2.620803459664030015e+02
4.738488488488488692e-01 2.620655382981279899e+02
4.747247247247247115e-01 2.620487597614502988e+02
4.756006006006006093e-01 2.620319812247726077e+02
4.764764764764764515e-01 2.620152026880948597e+02
4.773523523523523493e-01 2.619984241514171686e+02
4.782282282282282471e-01 2.619816456147394774e+02
4.791041041041040893e-01 2.619648670780617863e+02
4.799799799799799871e-01 2.619480885413840952e+02
4.808558558558558294e-01 2.619313100047063472e+02
4.817317317317317271e-01 2.619145314680286560e+02
4.826076076076076249e-01 2.618977529313509649e+02
4.834834834834834671e-01 2.618809743946732169e+02
4.843593593593593649e-01 2.618641958579955258e+02
4.852352352352352072e-01 2.618474173213178346e+02
4.861111111111111049e-01 2.618306138087517070e+02
4.869869869869870027e-01 2.618134923204131610e+02
4.878628628628628450e-01 2.617963708320746150e+02
4.887387387387387427e-01 2.617792493437360122e+02
4.896146146146145850e-01 2.617612452880845808e+02
4.904904904904904828e-01 2.617414631949004615e+02
4.913663663663663805e-01 2.617216811017163991e+02
4.922422422422422228e-01 2.617018990085322230e+02
4.931181181181181206e-01 2.616821169153481037e+02
4.939939939939939628e-01 2.616623348221639844e+02
4.948698698698698606e-01 2.616425527289799220e+02
4.957457457457457584e-01 2.616227706357958027e+02
4.966216216216216006e-01 2.616029885426116834e+02
4.974974974974974984e-01 2.615834479484432791e+02
4.983733733733733962e-01 2.615622020314957012e+02
4.992492492492492384e-01 2.615389797211767586e+02
5.001251251251250807e-01 2.615155204897305907e+02
5.010010010010009784e-01 2.614920612582844228e+02
5.018768768768768762e-01 2.614686020268381981e+02
5.027527527527527740e-01 2.614451427953920302e+02
5.036286286286286717e-01 2.614216835639458623e+02
5.045045045045044585e-01 2.613982243324996944e+02
5.053803803803803563e-01 2.613747651010535265e+02
5.062562562562562540e-01 2.613513058696073017e+02
5.071321321321321518e-01 2.613278466381611338e+02
5.080080080080080496e-01 2.613043874067149090e+02
5.088838838838838363e-01 2.612809281752687411e+02
5.097597597597597341e-01 2.612574689438225732e+02
5.106356356356356319e-01 2.612340097123764053e+02
5.115115115115115296e-01 2.612105504809302374e+02
5.123873873873874274e-01 2.611870912494840695e+02
5.132632632632632141e-01 2.611636320180379016e+02
5.141391391391391119e-01 2.611401727865916769e+02
5.150150150150150097e-01 2.611167135551455090e+02
5.158908908908909074e-01 2.610932543236993411e+02
5.167667667667668052e-01 2.610697950922531732e+02
5.176426426426425920e-01 2.610463358608069484e+02
5.185185185185184897e-01 2.610228766293607805e+02
5.193943943943943875e-01 2.609994173979146126e+02
5.202702702702702853e-01 2.609771060166073084e+02
5.211461461461461830e-01 2.609554521701048202e+02
5.220220220220219698e-01 2.609337983236023319e+02
5.228978978978978676e-01 2.609116956136051613e+02
5.237737737737737653e-01 2.608880236598897113e+02
5.246496496496496631e-01 2.608643517061742045e+02
5.255255255255255609e-01 2.608406797524586977e+02
5.264014014014013476e-01 2.608169910296178955e+02
5.272772772772772454e-01 2.607929734405474846e+02
5.281531531531531432e-01 2.607687129481171837e+02
5.290290290290290409e-01 2.607436394714964081e+02
5.299049049049049387e-01 2.607184329624849397e+02
5.307807807807807254e-01 2.606923895303953032e+02
5.316566566566566232e-01 2.606663460983056098e+02
5.325325325325325210e-01 2.606403026662159164e+02
5.334084084084084187e-01 2.606142592341262230e+02
5.342842842842843165e-01 2.605882158020365864e+02
5.351601601601601033e-01 2.605621723699468930e+02
5.360360360360360010e-01 2.605361289378571996e+02
5.369119119119118988e-01 2.605100855057675062e+02
5.377877877877877966e-01 2.604840420736778697e+02
5.386636636636636943e-01 2.604579986415881763e+02
5.395395395395394811e-01 2.604319552094984829e+02
5.404154154154153789e-01 2.604059117774088463e+02
5.412912912912912766e-01 2.603798683453190961e+02
5.421671671671671744e-01 2.603538249132294595e+02
5.430430430430430722e-01 2.603277814811397661e+02
5.439189189189188589e-01 2.603017380490500727e+02
5.447947947947947567e-01 2.602756946169604362e+02
5.456706706706706544e-01 2.602496511848706859e+02
5.465465465465465522e-01 2.602236077527810494e+02
5.474224224224224500e-01 2.601975643206913560e+02
5.482982982982983478e-01 2.601715208886016626e+02
5.491741741741741345e-01 2.601454774565120260e+02
5.500500500500500323e-01 2.601193881702238855e+02
5.509259259259259300e-01 2.600930420276901032e+02
5.518018018018018278e-01 2.600666958851563777e+02
5.526776776776777256e-01 2.600403497426225954e+02
5.535535535535535123e-01 2.600140036000888131e+02
5.544294294294294101e-01 2.599879661136080813e+02
5.553053053053053079e-01 2.599618803994395648e+02
5.561811811811812056e-01 2.599351258020353725e+02
5.570570570570571034e-01 2.599083712046311803e+02
5.579329329329328901e-01 2.598814702516305033e+02
5.588088088088087879e-01 2.598545044501332768e+02
5.596846846846846857e-01 2.598275386486360503e+02
5.605605605605605835e-01 2.598005728471388238e+02
5.614364364364364812e-01 2.597736070456415973e+02
5.623123123123122680e-01 2.597466412441443708e+02
5.631881881881881657e-01 2.597196754426471443e+02
5.640640640640640635e-01 2.596927096411498610e+02
5.649399399399399613e-01 2.596657438396526345e+02
5.658158158158158590e-01 2.596389600851915702e+02
5.666916916916916458e-01 2.596125926706664586e+02
5.675675675675675436e-01 2.595862252561413470e+02
5.684434434434434413e-01 2.595598578416162354e+02
5.693193193193193391e-01 2.595334904270911238e+02
5.701951951951952369e-01 2.595071230125660122e+02
5.710710710710710236e-01 2.594807555980409006e+02
5.719469469469469214e-01 2.594543881835157890e+02
5.728228228228228192e-01 2.594280207689906774e+02
5.736986986986987169e-01 2.594016533544655658e+02
5.745745745745746147e-01 2.593752859399403974e+02
5.754504504504504014e-01 2.593489185254153426e+02
5.763263263263262992e-01 2.593225511108901742e+02
5.772022022022021970e-01 2.592961836963651194e+02
5.780780780780780947e-01 2.592698162818399510e+02
5.789539539539539925e-01 2.592434488673148394e+02
5.798298298298297793e-01 2.592170814527897278e+02
5.807057057057056770e-01 2.591901301553143071e+02
5.815815815815815748e-01 2.591630744901236767e+02
5.824574574574574726e-01 2.591360188249331031e+02
5.833333333333333703e-01 2.591089631597424159e+02
5.842092092092091571e-01 2.590819882499953906e+02
5.850850850850850549e-01 2.590554925560138031e+02
5.859609609609609526e-01 2.590289968620322156e+02
5.868368368368368504e-01 2.590025011680506282e+02
5.877127127127127482e-01 2.589760054740690407e+02
5.885885885885885349e-01 2.589495097800874532e+02
5.894644644644644327e-01 2.589234309046676117e+02
5.903403403403403304e-01 2.588974076690336688e+02
5.912162162162162282e-01 2.588713844333997258e+02
5.920920920920921260e-01 2.588453611977657829e+02
5.929679679679679127e-01 2.588189608194206244e+02
5.938438438438438105e-01 2.587903991228839686e+02
5.947197197197197083e-01 2.587618374263473697e+02
5.955955955955956060e-01 2.587332757298107708e+02
5.964714714714715038e-01 2.587047140332741151e+02
5.973473473473472906e-01 2.586761523367375162e+02
5.982232232232231883e-01 2.586475906402008604e+02
5.990990990990990861e-01 2.586190289436642615e+02
5.999749749749749839e-01 2.585904672471276058e+02
6.008508508508508816e-01 2.585619055505910637e+02
6.017267267267266684e-01 2.585333438540544080e+02
6.026026026026025662e-01 2.585047821575177522e+02
6.034784784784784639e-01 2.584750224421521807e+02
6.043543543543543617e-01 2.584451338091564594e+02
6.052302302302302595e-01 2.584152451761607381e+02
6.061061061061060462e-01 2.583853565431650736e+02
6.069819819819819440e-01 2.583554679101693523e+02
6.078578578578578417e-01 2.583255792771736310e+02
6.087337337337337395e-01 2.582956906441779097e+02
6.096096096096096373e-01 2.582658020111821884e+02
6.104854854854855351e-01 2.582350498487293748e+02
6.113613613613613218e-01 2.582025497394575382e+02
6.122372372372372196e-01 2.581700496301856447e+02
6.131131131131131173e-01 2.581375495209138649e+02
6.139889889889890151e-01 2.581050494116419713e+02
6.148648648648649129e-01 2.580725493023701347e+02
6.157407407407406996e-01 2.580400491930982980e+02
6.166166166166165974e-01 2.580075490838264614e+02
6.174924924924924952e-01 2.579750489745546247e+02
6.183683683683683929e-01 2.579431264739578182e+02
6.192442442442442907e-01 2.579122975295134665e+02
6.201201201201200774e-01 2.578814685850691149e+02
6.209959959959959752e-01 2.578504592430919047e+02
6.218718718718718730e-01 2.578182304480143898e+02
6.227477477477477708e-01 2.577860016529367613e+02
6.236236236236236685e-01 2.577537728578591896e+02
6.244994994994994553e-01 2.577215440627816747e+02
6.253753753753753530e-01 2.576893152677041030e+02
6.262512512512512508e-01 2.576562599319540823e+02
6.271271271271271486e-01 2.576235041599194346e+02
6.280030030030030463e-01 2.575897684438360216e+02
6.288788788788788331e-01 2.575560901910411644e+02
6.297547547547547309e-01 2.575224119382463073e+02
6.306306306306306286e-01 2.574887336854514501e+02
6.315065065065065264e-01 2.574550554326565930e+02
6.323823823823824242e-01 2.574213771798617358e+02
6.332582582582582109e-01 2.573876989270668787e+02
6.341341341341341087e-01 2.573540635464482875e+02
6.350100100100100065e-01 2.573204658948752694e+02
6.358858858858859042e-01 2.572868682433023650e+02
6.367617617617618020e-01 2.572532705917294038e+02
6.376376376376375887e-01 2.572196729401564426e+02
6.385135135135134865e-01 2.571860752885834813e+02
6.393893893893893843e-01 2.571524776370105201e+02
6.402652652652652820e-01 2.571188799854375588e+02
6.411411411411411798e-01 2.570852823338645976e+02
6.420170170170169666e-01 2.570516846822916364e+02
6.428928928928928643e-01 2.570182913960074984e+02
6.437687687687687621e-01 2.569849340799441961e+02
6.446446446446446599e-01 2.569518539503970942e+02
6.455205205205205576e-01 2.569198402979614571e+02
6.463963963963963444e-01 2.568878266455258768e+02
6.472722722722722422e-01 2.568558129930902396e+02
6.481481481481481399e-01 2.568237993406546025e+02
6.490240240240240377e-01 2.567917856882189653e+02
6.498998998998999355e-01 2.567597720357833282e+02
6.507757757757757222e-01 2.567277583833476911e+02
6.516516516516516200e-01 2.566957447309121108e+02
6.525275275275275177e-01 2.566637310784764736e+02
6.534034034034034155e-01 2.566314793531975056e+02
6.542792792792793133e-01 2.565984775929384227e+02
6.551551551551551000e-01 2.565642234363331227e+02
6.560310310310309978e-01 2.565299692797278794e+02
6.569069069069068956e-01 2.564957151231226931e+02
6.577827827827827933e-01 2.564614609665173930e+02
6.586586586586586911e-01 2.564272068099121498e+02
6.595345345345344779e-01 2.563929526533069065e+02
6.604104104104103756e-01 2.563586984967017202e+02
6.612862862862862734e-01 2.563244443400964201e+02
6.621621621621621712e-01 2.562901901834911769e+02
6.630380380380380689e-01 2.562559360268859336e+02
6.639139139139138557e-01 2.562216818702806904e+02
6.647897897897897534e-01 2.561823688885521051e+02
6.656656656656656512e-01 2.561429759625816587e+02
6.665415415415415490e-01 2.561035830366112691e+02
6.674174174174174468e-01 2.560641901106408795e+02
6.682932932932932335e-01 2.560247971846704900e+02
6.691691691691691313e-01 2.559854042587001004e+02
6.700450450450450290e-01 2.559460113327296824e+02
6.709209209209209268e-01 2.559066184067592644e+02
6.717967967967968246e-01 2.558672254807888748e+02
6.726726726726726113e-01 2.558278325548184569e+02
6.735485485485485091e-01 2.557886070311901676e+02
6.744244244244244069e-01 2.557499674073131928e+02
6.753003003003003046e-01 2.557113277834361895e+02
6.761761761761762024e-01 2.556726881595592431e+02
6.770520520520521002e-01 2.556340485356822398e+02
6.779279279279278869e-01 2.555954089118052934e+02
6.788038038038037847e-01 2.555567692879282902e+02
6.796796796796796825e-01 2.555181296640513153e+02
6.805555555555555802e-01 2.554796396740940452e+02
6.814314314314314780e-01 2.554415357278409999e+02
6.823073073073072647e-01 2.554034317815880115e+02
6.831831831831831625e-01 2.553653278353349663e+02
6.840590590590590603e-01 2.553272238890818926e+02
6.849349349349349581e-01 2.552891199428288473e+02
6.858108108108108558e-01 2.552510159965758021e+02
6.866866866866866426e-01 2.552129120503227568e+02
6.875625625625625403e-01 2.551748081040697116e+02
6.884384384384384381e-01 2.551367041578166948e+02
6.893143143143143359e-01 2.550986002115636211e+02
6.901901901901902336e-01 2.550611381961944062e+02
6.910660660660660204e-01 2.550247337156667129e+02
6.919419419419419182e-01 2.549883292351390196e+02
6.928178178178178159e-01 2.549519247546113263e+02
6.936936936936937137e-01 2.549155202740836614e+02
6.945695695695696115e-01 2.548791157935559681e+02
6.954454454454453982e-01 2.548427113130282464e+02
6.963213213213212960e-01 2.548063068325005815e+02
6.971971971971971938e-01 2.547699023519728598e+02
6.980730730730730915e-01 2.547337172244093040e+02
6.989489489489489893e-01 2.546977699829562880e+02
6.998248248248247760e-01 2.546612425555861421e+02
7.007007007007006738e-01 2.546247151282159678e+02
7.015765765765765716e-01 2.545881877008458218e+02
7.024524524524524693e-01 2.545516602734756191e+02
7.033283283283283671e-01 2.545151328461054732e+02
7.042042042042041539e-01 2.544786054187352704e+02
7.050800800800800516e-01 2.544420779913650961e+02
7.059559559559559494e-01 2.544054104893673127e+02
7.068318318318318472e-01 2.543685864091596329e+02
7.077077077077077449e-01 2.543317623289519531e+02
7.085835835835835317e-01 2.542949382487443017e+02
7.094594594594594295e-01 2.542581141685366504e+02
7.103353353353353272e-01 2.542212900883289706e+02
7.112112112112112250e-01 2.541844660081213192e+02
7.120870870870871228e-01 2.541476419279136394e+02
7.129629629629629095e-01 2.541108178477059880e+02
7.138388388388388073e-01 2.540739937674983082e+02
7.147147147147147050e-01 2.540369853262988613e+02
7.155905905905906028e-01 2.539998513305150141e+02
7.164664664664665006e-01 2.539627173347311668e+02
7.173423423423422873e-01 2.539255833389473196e+02
7.182182182182181851e-01 2.538884493431634723e+02
7.190940940940940829e-01 2.538513153473796251e+02
7.199699699699699806e-01 2.538141813515957494e+02
7.208458458458458784e-01 2.537770473558118738e+02
7.217217217217216652e-01 2.537399133600280550e+02
7.225975975975975629e-01 2.537022069573246199e+02
7.234734734734734607e-01 2.536641342483372341e+02
7.243493493493493585e-01 2.536260615393498483e+02
7.252252252252252562e-01 2.535877883045629915e+02
7.261011011011010430e-01 2.535485216678928850e+02
7.269769769769769407e-01 2.535092550312228354e+02
7.278528528528528385e-01 2.534699883945527858e+02
7.287287287287287363e-01 2.534307217578827363e+02
7.296046046046046341e-01 2.533914551212126298e+02
7.304804804804804208e-01 2.533521884845425802e+02
7.313563563563563186e-01 2.533129218478725306e+02
7.322322322322322163e-01 2.532736552112024526e+02
7.331081081081081141e-01 2.532343885745323746e+02
7.339839839839840119e-01 2.531951219378623250e+02
7.348598598598597986e-01 2.531558553011922470e+02
7.357357357357356964e-01 2.531165886645221974e+02
7.366116116116115942e-01 2.530773220278521194e+02
7.374874874874874919e-01 2.530380553911820698e+02
7.383633633633633897e-01 2.529987887545119918e+02
7.392392392392392875e-01 2.529595221178419138e+02
7.401151151151150742e-01 2.529202554811718358e+02
7.409909909909909720e-01 2.528809888445017862e+02
7.418668668668668698e-01 2.528416868076155879e+02
7.427427427427427675e-01 2.528023363181214620e+02
7.436186186186186653e-01 2.527629858286272793e+02
7.444944944944944520e-01 2.527228916052446266e+02
7.453703703703703498e-01 2.526805418717070211e+02
7.462462462462462476e-01 2.526381921381694156e+02
7.471221221221221453e-01 2.525958424046318669e+02
7.479979979979980431e-01 2.525537688946525918e+02
7.488738738738738299e-01 2.525146150841572705e+02
7.497497497497497276e-01 2.524754612736619492e+02
7.506256256256256254e-01 2.524368123506993413e+02
7.515015015015015232e-01 2.523990594228199029e+02
7.523773773773774209e-01 2.523613064949404361e+02
7.532532532532532077e-01 2.523235535670609693e+02
7.541291291291291055e-01 2.522858006391815024e+02
7.550050050050050032e-01 2.522480477113020925e+02
7.558808808808809010e-01 2.522102947834225972e+02
7.567567567567567988e-01 2.521725418555431304e+02
7.576326326326325855e-01 2.521347889276636920e+02
7.585085085085084833e-01 2.520970359997842252e+02
7.593843843843843811e-01 2.520592830719047583e+02
7.602602602602602788e-01 2.520215301440253199e+02
7.611361361361361766e-01 2.519837772161458531e+02
7.620120120120119633e-01 2.519460242882664147e+02
7.628878878878878611e-01 2.519082713603869479e+02
7.637637637637637589e-01 2.518718792089895544e+02
7.646396396396396566e-01 2.518361640517986757e+02
7.655155155155155544e-01 2.518004488946078823e+02
7.663913913913913412e-01 2.517647337374170036e+02
7.672672672672672389e-01 2.517290185802261817e+02
7.681431431431431367e-01 2.516910337194243823e+02
7.690190190190190345e-01 2.516515773690545075e+02
7.698948948948949322e-01 2.516121210186846611e+02
7.707707707707707190e-01 2.515726646683148147e+02
7.716466466466466168e-01 2.515332083179449683e+02
7.725225225225225145e-01 2.514937519675750650e+02
7.733983983983984123e-01 2.514542956172052186e+02
7.742742742742743101e-01 2.514148392668354006e+02
7.751501501501500968e-01 2.513753829164655258e+02
7.760260260260259946e-01 2.513359265660956794e+02
7.769019019019018923e-01 2.512964702157258330e+02
7.777777777777777901e-01 2.512570138653559866e+02
7.786536536536536879e-01 2.512175575149860833e+02
7.795295295295294746e-01 2.511781011646162369e+02
7.804054054054053724e-01 2.511386448142464189e+02
7.812812812812812702e-01 2.510991884638765441e+02
7.821571571571571679e-01 2.510597321135066977e+02
7.830330330330330657e-01 2.510203376635213033e+02
7.839089089089088525e-01 2.509819647685078792e+02
7.847847847847847502e-01 2.509435918734944835e+02
7.856606606606606480e-01 2.509051491530789804e+02
7.865365365365365458e-01 2.508663792819990874e+02
7.874124124124124435e-01 2.508276094109191945e+02
7.882882882882882303e-01 2.507888395398392447e+02
7.891641641641641280e-01 2.507500696687594086e+02
7.900400400400400258e-01 2.507102591017932411e+02
7.909159159159159236e-01 2.506703017414230317e+02
7.917917917917918214e-01 2.506282144522245119e+02
7.926676676676676081e-01 2.505856511493429934e+02
7.935435435435435059e-01 2.505430878464614750e+02
7.944194194194194036e-01 2.505005245435799281e+02
7.952952952952953014e-01 2.504579612406983813e+02
7.961711711711711992e-01 2.504153979378168629e+02
7.970470470470469859e-01 2.503728346349353160e+02
7.979229229229228837e-01 2.503302713320538260e+02
7.987987987987987815e-01 2.502877080291722507e+02
7.996746746746746792e-01 2.502451447262907038e+02
8.005505505505505770e-01 2.502025814234092138e+02
8.014264264264264748e-01 2.501600181205276385e+02
8.023023023023022615e-01 2.501174548176461485e+02
8.031781781781781593e-01 2.500748915147646017e+02
8.040540540540540571e-01 2.500323282118830832e+02
8.049299299299299548e-01 2.499897649090015364e+02
8.058058058058058526e-01 2.499472016061200179e+02
8.066816816816816393e-01 2.499046383032384711e+02
8.075575575575575371e-01 2.498620750003569526e+02
8.084334334334334349e-01 2.498195116974753773e+02
8.093093093093093326e-01 2.497769483945938873e+02
8.101851851851852304e-01 2.497343850917123405e+02
8.110610610610610172e-01 2.496918148442127858e+02
8.119369369369369149e-01 2.496484826294043273e+02
8.128128128128128127e-01 2.496071728026812195e+02
8.136886886886887105e-01 2.495659314022082071e+02
8.145645645645646082e-01 2.495246900017351663e+02
8.154404404404403950e-01 2.494834486012620971e+02
8.163163163163162928e-01 2.494422072007891131e+02
8.171921921921921905e-01 2.494009658003161007e+02
8.180680680680680883e-01 2.493597438016853687e+02
8.189439439439439861e-01 2.493188389361046120e+02
8.198198198198197728e-01 2.492779340705237985e+02
8.206956956956956706e-01 2.492370292049429565e+02
8.215715715715715683e-01 2.491962209019756358e+02
8.224474474474474661e-01 2.491554544862145235e+02
8.233233233233233639e-01 2.491146880704534397e+02
8.241991991991991506e-01 2.490739216546923558e+02
8.250750750750750484e-01 2.490331552389313003e+02
8.259509509509509462e-01 2.489923888231702165e+02
8.268268268268268439e-01 2.489516224074091042e+02
8.277027027027027417e-01 2.489108559916480203e+02
8.285785785785785285e-01 2.488700895758869365e+02
8.294544544544544262e-01 2.488293464366782644e+02
8.303303303303303240e-01 2.487886636567160963e+02
8.312062062062062218e-01 2.487479808767539566e+02
8.320820820820821195e-01 2.487072980967918170e+02
8.329579579579579063e-01 2.486666153168296489e+02
8.338338338338338041e-01 2.486253067211935104e+02
8.347097097097097018e-01 2.485826279673104580e+02
8.355855855855855996e-01 2.485399492134274055e+02
8.364614614614614974e-01 2.484972704595443247e+02
8.373373373373372841e-01 2.484542595438740875e+02
8.382132132132131819e-01 2.484094670405944498e+02
8.390890890890890796e-01 2.483646745373148406e+02
8.399649649649649774e-01 2.483198820340351745e+02
8.408408408408408752e-01 2.482750895307555368e+02
8.417167167167166619e-01 2.482302970274759275e+02
8.425925925925925597e-01 2.481855045241962614e+02
8.434684684684684575e-01 2.481407120209166521e+02
8.443443443443443552e-01 2.480959195176369576e+02
8.452202202202202530e-01 2.480511270143573483e+02
8.460960960960960398e-01 2.480063345110777107e+02
8.469719719719719375e-01 2.479615420077980730e+02
8.478478478478478353e-01 2.479199048035891337e+02
8.487237237237237331e-01 2.478789916708274461e+02
8.495995995995996308e-01 2.478380785380656732e+02
8.504754754754754176e-01 2.477971654053039856e+02
8.513513513513513153e-01 2.477562522725422696e+02
8.522272272272272131e-01 2.477153391397804967e+02
8.531031031031031109e-01 2.476744260070188091e+02
8.539789789789790087e-01 2.476335128742571214e+02
8.548548548548547954e-01 2.475925997414953770e+02
8.557307307307306932e-01 2.475516866087336325e+02
8.566066066066065909e-01 2.475107734759718596e+02
8.574824824824824887e-01 2.474698603432101720e+02
8.583583583583583865e-01 2.474289472104484844e+02
8.592342342342341732e-01 2.473880340776867399e+02
8.601101101101100710e-01 2.473471209449250523e+02
8.609859859859859688e-01 2.473062078121633078e+02
8.618618618618618665e-01 2.472652946794015634e+02
8.627377377377377643e-01 2.472243815466398473e+02
8.636136136136135510e-01 2.471834684138781313e+02
8.644894894894894488e-01 2.471425552811164152e+02
8.653653653653653466e-01 2.471014309281167982e+02
8.662412412412412444e-01 2.470602774181723760e+02
8.671171171171171421e-01 2.470191239082279537e+02
8.679929929929930399e-01 2.469779703982835599e+02
8.688688688688688266e-01 2.469368168883391661e+02
8.697447447447447244e-01 2.468956633783947439e+02
8.706206206206206222e-01 2.468545098684502932e+02
8.714964964964965199e-01 2.468133563585058994e+02
8.723723723723724177e-01 2.467722028485614771e+02
8.732482482482482045e-01 2.467310493386170833e+02
8.741241241241241022e-01 2.466903214664120583e+02
8.750000000000000000e-01 2.466500000000000341e+02
