LineProbe
number of points: 1000 (fixed)
point 0: [0. 0. 0.]
point 1: [0.875 0.    0.   ]
-----

# T 1000
0.000000000000000000e+00 2.628343597766742619e+02
8.758758758758758683e-04 2.628434343152030124e+02
1.751751751751751737e-03 2.628525088537317060e+02
2.627627627627627388e-03 2.628615659075848612e+02
3.503503503503503473e-03 2.628705428083363245e+02
4.379379379379379558e-03 2.628795197090877878e+02
5.255255255255254776e-03 2.628884966098391942e+02
6.131131131131130861e-03 2.628974735105906575e+02
7.007007007007006946e-03 2.629064504113421208e+02
7.882882882882882164e-03 2.629154273120935841e+02
8.758758758758759116e-03 2.629244042128450474e+02
9.634634634634634334e-03 2.629333811135965107e+02
1.051051051051050955e-02 2.629423580143479171e+02
1.138638638638638650e-02 2.629513349150993236e+02
1.226226226226226172e-02 2.629603766271470704e+02
1.313813813813813867e-02 2.629694520068798624e+02
1.401401401401401389e-02 2.629785273866125976e+02
1.488988988988988911e-02 2.629876027663453897e+02
1.576576576576576433e-02 2.629966781460781249e+02
1.664164164164164128e-02 2.630057535258109169e+02
1.751751751751751823e-02 2.630148289055437090e+02
1.839339339339339172e-02 2.630238590125728706e+02
1.926926926926926867e-02 2.630324145331526893e+02
2.014514514514514562e-02 2.630409700537323943e+02
2.102102102102101910e-02 2.630495255743121561e+02
2.189689689689689606e-02 2.630579785760840537e+02
2.277277277277277301e-02 2.630662689867356789e+02
2.364864864864864996e-02 2.630742823805538251e+02
2.452452452452452344e-02 2.630821981099726941e+02
2.540040040040040040e-02 2.630901138393914493e+02
2.627627627627627735e-02 2.630980295688102615e+02
2.715215215215215083e-02 2.631059452982290736e+02
2.802802802802802778e-02 2.631138610276478857e+02
2.890390390390390474e-02 2.631217767570666979e+02
2.977977977977977822e-02 2.631296924864855100e+02
3.065565565565565517e-02 2.631376082159043222e+02
3.153153153153152866e-02 2.631455239453231343e+02
3.240740740740740561e-02 2.631534396747419464e+02
3.328328328328328256e-02 2.631613554041607017e+02
3.415915915915915951e-02 2.631692275289919394e+02
3.503503503503503647e-02 2.631767228270163628e+02
3.591091091091091342e-02 2.631842181250407862e+02
3.678678678678678343e-02 2.631917134230651527e+02
3.766266266266266038e-02 2.631992087210895761e+02
3.853853853853853734e-02 2.632067040191139426e+02
3.941441441441441429e-02 2.632141993171383660e+02
4.029029029029029124e-02 2.632216946151627894e+02
4.116616616616616819e-02 2.632295358518137505e+02
4.204204204204203821e-02 2.632375208770346831e+02
4.291791791791791516e-02 2.632456937002984887e+02
4.379379379379379211e-02 2.632538665235622943e+02
4.466966966966966907e-02 2.632620393468261000e+02
4.554554554554554602e-02 2.632702121700899056e+02
4.642142142142142297e-02 2.632783849933537681e+02
4.729729729729729992e-02 2.632865578166175737e+02
4.817317317317316994e-02 2.632947306398813794e+02
4.904904904904904689e-02 2.633029034631451850e+02
4.992492492492492384e-02 2.633110762864090475e+02
5.080080080080080079e-02 2.633192169148599078e+02
5.167667667667667775e-02 2.633273364685393290e+02
5.255255255255255470e-02 2.633354560222187501e+02
5.342842842842842471e-02 2.633435755758981713e+02
5.430430430430430166e-02 2.633516951295775357e+02
5.518018018018017862e-02 2.633598146832570137e+02
5.605605605605605557e-02 2.633675447803564680e+02
5.693193193193193252e-02 2.633750763923937370e+02
5.780780780780780947e-02 2.633826080044310629e+02
5.868368368368368643e-02 2.633901396164683320e+02
5.955955955955955644e-02 2.633976712285056010e+02
6.043543543543543339e-02 2.634052028405428700e+02
6.131131131131131035e-02 2.634127344525801391e+02
6.218718718718718730e-02 2.634202660646174650e+02
6.306306306306305731e-02 2.634277976766547908e+02
6.393893893893894120e-02 2.634353292886920599e+02
6.481481481481481122e-02 2.634427382119984600e+02
6.569069069069069511e-02 2.634494659000922070e+02
6.656656656656656512e-02 2.634561935881859540e+02
6.744244244244243514e-02 2.634629212762797579e+02
6.831831831831831903e-02 2.634696489643735049e+02
6.919419419419418904e-02 2.634763766524672519e+02
7.007007007007007293e-02 2.634831460096135061e+02
7.094594594594594295e-02 2.634900311614159136e+02
7.182182182182182684e-02 2.634969163132182643e+02
7.269769769769769685e-02 2.635038014650206719e+02
7.357357357357356686e-02 2.635106866168230226e+02
7.444944944944945076e-02 2.635174257157199236e+02
7.532532532532532077e-02 2.635239584248107576e+02
7.620120120120120466e-02 2.635304911339015916e+02
7.707707707707707467e-02 2.635369901765552640e+02
7.795295295295295857e-02 2.635432092740738881e+02
7.882882882882882858e-02 2.635494283715924553e+02
7.970470470470469859e-02 2.635556474691110225e+02
8.058058058058058248e-02 2.635618665666295897e+02
8.145645645645645250e-02 2.635680856641481569e+02
8.233233233233233639e-02 2.635743047616667241e+02
8.320820820820820640e-02 2.635805238591853481e+02
8.408408408408407642e-02 2.635867429567039153e+02
8.495995995995996031e-02 2.635929620542224256e+02
8.583583583583583032e-02 2.635992156412649479e+02
8.671171171171171421e-02 2.636055829294511454e+02
8.758758758758758423e-02 2.636119502176373999e+02
8.846346346346346812e-02 2.636183175058236543e+02
8.933933933933933813e-02 2.636246847940099087e+02
9.021521521521520814e-02 2.636310520821961063e+02
9.109109109109109204e-02 2.636374487380514893e+02
9.196696696696696205e-02 2.636441280901266850e+02
9.284284284284284594e-02 2.636508074422018240e+02
9.371871871871871595e-02 2.636574867942770766e+02
9.459459459459459985e-02 2.636641661463522723e+02
9.547047047047046986e-02 2.636708454984275249e+02
9.634634634634633987e-02 2.636775248505026639e+02
9.722222222222222376e-02 2.636842042025778596e+02
9.809809809809809378e-02 2.636908835546530554e+02
9.897397397397397767e-02 2.636975629067281943e+02
9.984984984984984768e-02 2.637042422588034469e+02
1.007257257257257316e-01 2.637109216108785859e+02
1.016016016016016016e-01 2.637176009629538385e+02
1.024774774774774716e-01 2.637242803150290342e+02
1.033533533533533555e-01 2.637309596671041731e+02
1.042292292292292255e-01 2.637376775018416311e+02
1.051051051051051094e-01 2.637443952810958763e+02
1.059809809809809794e-01 2.637510464919019455e+02
1.068568568568568494e-01 2.637576977027080147e+02
1.077327327327327333e-01 2.637643489135140840e+02
1.086086086086086033e-01 2.637710001243200963e+02
1.094844844844844872e-01 2.637776513351261656e+02
1.103603603603603572e-01 2.637843025459321780e+02
1.112362362362362411e-01 2.637909537567383040e+02
1.121121121121121111e-01 2.637976049675443164e+02
1.129879879879879812e-01 2.638042561783503857e+02
1.138638638638638650e-01 2.638109991121561393e+02
1.147397397397397351e-01 2.638178571539320956e+02
1.156156156156156189e-01 2.638247151957079382e+02
1.164914914914914890e-01 2.638315732374838944e+02
1.173673673673673729e-01 2.638384312792597939e+02
1.182432432432432429e-01 2.638452893210357502e+02
1.191191191191191129e-01 2.638521473628116496e+02
1.199949949949949968e-01 2.638590054045876059e+02
1.208708708708708668e-01 2.638658634463635053e+02
1.217467467467467507e-01 2.638727214881394048e+02
1.226226226226226207e-01 2.638795795299153610e+02
1.234984984984984907e-01 2.638855548812119309e+02
1.243743743743743746e-01 2.638912515143111932e+02
1.252502502502502446e-01 2.638969481474105123e+02
1.261261261261261146e-01 2.639026447805097746e+02
1.270020020020020124e-01 2.639083414136090937e+02
1.278778778778778824e-01 2.639140380467083560e+02
1.287537537537537524e-01 2.639197346798076751e+02
1.296296296296296224e-01 2.639254313129069942e+02
1.305055055055054924e-01 2.639311279460062565e+02
1.313813813813813902e-01 2.639368245791055756e+02
1.322572572572572602e-01 2.639424352316148088e+02
1.331331331331331302e-01 2.639480136177510872e+02
1.340090090090090003e-01 2.639535920038874224e+02
1.348848848848848703e-01 2.639591703900236439e+02
1.357607607607607680e-01 2.639647487761599223e+02
1.366366366366366381e-01 2.639703271622962575e+02
1.375125125125125081e-01 2.639759055484325359e+02
1.383883883883883781e-01 2.639814839345687574e+02
1.392642642642642758e-01 2.639867076834046316e+02
1.401401401401401459e-01 2.639918370036805868e+02
1.410160160160160159e-01 2.639969663239564852e+02
1.418918918918918859e-01 2.640020956442323268e+02
1.427677677677677559e-01 2.640072249645082820e+02
1.436436436436436537e-01 2.640123542847841236e+02
1.445195195195195237e-01 2.640174836050600788e+02
1.453953953953953937e-01 2.640226129253359773e+02
1.462712712712712637e-01 2.640277422456118757e+02
1.471471471471471337e-01 2.640328715658877741e+02
1.480230230230230315e-01 2.640380008861636725e+02
1.488988988988989015e-01 2.640431302064395140e+02
1.497747747747747715e-01 2.640482595267154693e+02
1.506506506506506415e-01 2.640533888469913677e+02
1.515265265265265116e-01 2.640585181672672661e+02
1.524024024024024093e-01 2.640636474875431645e+02
1.532782782782782793e-01 2.640687768078190629e+02
1.541541541541541493e-01 2.640739061280949613e+02
1.550300300300300194e-01 2.640785252400321497e+02
1.559059059059059171e-01 2.640824615427380309e+02
1.567817817817817871e-01 2.640865793086055078e+02
1.576576576576576572e-01 2.640909112757042863e+02
1.585335335335335272e-01 2.640953054910522724e+02
1.594094094094093972e-01 2.640996997064003153e+02
1.602852852852852950e-01 2.641040939217483015e+02
1.611611611611611650e-01 2.641084881370962876e+02
1.620370370370370350e-01 2.641128823524442737e+02
1.629129129129129050e-01 2.641172765677922598e+02
1.637887887887887750e-01 2.641216707831403028e+02
1.646646646646646728e-01 2.641260649984882889e+02
1.655405405405405428e-01 2.641304592138362182e+02
1.664164164164164128e-01 2.641348534291842611e+02
1.672922922922922828e-01 2.641392476445322473e+02
1.681681681681681528e-01 2.641436418598802334e+02
1.690440440440440506e-01 2.641480360752282195e+02
1.699199199199199206e-01 2.641524302905762056e+02
1.707957957957957906e-01 2.641566303770775903e+02
1.716716716716716606e-01 2.641608241955024710e+02
1.725475475475475584e-01 2.641650180139272948e+02
1.734234234234234284e-01 2.641692118323521186e+02
1.742992992992992984e-01 2.641734056507769424e+02
1.751751751751751685e-01 2.641775994692017662e+02
1.760510510510510385e-01 2.641817932876266468e+02
1.769269269269269362e-01 2.641859827491970805e+02
1.778028028028028062e-01 2.641900920273388920e+02
1.786786786786786763e-01 2.641942013054807035e+02
1.795545545545545463e-01 2.641983105836225150e+02
1.804304304304304163e-01 2.642024198617643265e+02
1.813063063063063141e-01 2.642065291399061380e+02
1.821821821821821841e-01 2.642106384180479495e+02
1.830580580580580541e-01 2.642147476961897610e+02
1.839339339339339241e-01 2.642187714656332105e+02
1.848098098098098219e-01 2.642221768935031037e+02
1.856856856856856919e-01 2.642247811261578363e+02
1.865615615615615619e-01 2.642267220351834567e+02
1.874374374374374319e-01 2.642286667131043032e+02
1.883133133133133019e-01 2.642306120439952792e+02
1.891891891891891997e-01 2.642325573748863121e+02
1.900650650650650697e-01 2.642345027057773450e+02
1.909409409409409397e-01 2.642364480366683779e+02
1.918168168168168097e-01 2.642383933675594108e+02
1.926926926926926797e-01 2.642403386984505005e+02
1.935685685685685775e-01 2.642422840293414765e+02
1.944444444444444475e-01 2.642442293602325094e+02
1.953203203203203175e-01 2.642461746911235423e+02
1.961961961961961876e-01 2.642481200220145752e+02
1.970720720720720576e-01 2.642500653529056081e+02
1.979479479479479553e-01 2.642520106837965841e+02
1.988238238238238254e-01 2.642539560146876738e+02
1.996996996996996954e-01 2.642559013455787067e+02
2.005755755755755654e-01 2.642578466764696827e+02
2.014514514514514631e-01 2.642597920073607156e+02
2.023273273273273332e-01 2.642617373382517485e+02
2.032032032032032032e-01 2.642636826691427814e+02
2.040790790790790732e-01 2.642656280000338143e+02
2.049549549549549432e-01 2.642676806595405878e+02
2.058308308308308410e-01 2.642700662940197276e+02
2.067067067067067110e-01 2.642724519284989242e+02
2.075825825825825810e-01 2.642748375629780639e+02
2.084584584584584510e-01 2.642772231974572605e+02
2.093343343343343210e-01 2.642795351679491773e+02
2.102102102102102188e-01 2.642814691654559738e+02
2.110860860860860888e-01 2.642834031629627134e+02
2.119619619619619588e-01 2.642853371604694530e+02
2.128378378378378288e-01 2.642872711579762495e+02
2.137137137137136988e-01 2.642892051554830459e+02
2.145895895895895966e-01 2.642911391529897855e+02
2.154654654654654666e-01 2.642930731504965252e+02
2.163413413413413366e-01 2.642950071480033216e+02
2.172172172172172067e-01 2.642970989343402266e+02
2.180930930930931044e-01 2.642994545237301054e+02
2.189689689689689744e-01 2.643018101131199842e+02
2.198448448448448445e-01 2.643041657025098630e+02
2.207207207207207145e-01 2.643065212918996849e+02
2.215965965965965845e-01 2.643088768812896205e+02
2.224724724724724823e-01 2.643112324706794425e+02
2.233483483483483523e-01 2.643135880600693213e+02
2.242242242242242223e-01 2.643159436494592001e+02
2.251001001001000923e-01 2.643182992388490788e+02
2.259759759759759623e-01 2.643206548282389576e+02
2.268518518518518601e-01 2.643230104176288364e+02
2.277277277277277301e-01 2.643253660070187152e+02
2.286036036036036001e-01 2.643277215964085940e+02
2.294794794794794701e-01 2.643300771857984728e+02
2.303553553553553401e-01 2.643324327751882947e+02
2.312312312312312379e-01 2.643347124234159082e+02
2.321071071071071079e-01 2.643364056909299507e+02
2.329829829829829779e-01 2.643370766323588441e+02
2.338588588588588479e-01 2.643378152836743880e+02
2.347347347347347457e-01 2.643386175588133256e+02
2.356106106106106157e-01 2.643386304511830645e+02
2.364864864864864857e-01 2.643386401015739580e+02
2.373623623623623557e-01 2.643386497519649083e+02
2.382382382382382258e-01 2.643386594023558587e+02
2.391141141141141235e-01 2.643386690527467522e+02
2.399899899899899935e-01 2.643386787031376457e+02
2.408658658658658636e-01 2.643386883535285961e+02
2.417417417417417336e-01 2.643386980039195464e+02
2.426176176176176036e-01 2.643387076543104399e+02
2.434934934934935014e-01 2.643387173047013334e+02
2.443693693693693714e-01 2.643387269550922838e+02
2.452452452452452414e-01 2.643387366054831773e+02
2.461211211211211114e-01 2.643387462558741277e+02
2.469969969969969814e-01 2.643387559062650212e+02
2.478728728728728792e-01 2.643387655566559715e+02
2.487487487487487492e-01 2.643387752070468650e+02
2.496246246246246192e-01 2.643387848574378154e+02
2.505005005005004892e-01 2.643387945078287657e+02
2.513763763763763870e-01 2.643385239823460893e+02
2.522522522522522292e-01 2.643382111252689128e+02
2.531281281281281270e-01 2.643378982681917364e+02
2.540040040040040248e-01 2.643375854111146168e+02
2.548798798798798670e-01 2.643372725540374404e+02
2.557557557557557648e-01 2.643369596969602640e+02
2.566316316316316071e-01 2.643357267459103355e+02
2.575075075075075048e-01 2.643342358439829241e+02
2.583833833833834026e-01 2.643327449420554558e+02
2.592592592592592449e-01 2.643312540401279875e+02
2.601351351351351426e-01 2.643297631382005761e+02
2.610110110110109849e-01 2.643282722362731079e+02
2.618868868868868827e-01 2.643267813343456965e+02
2.627627627627627804e-01 2.643252904324182282e+02
2.636386386386386227e-01 2.643237995304908168e+02
2.645145145145145205e-01 2.643222069656894178e+02
2.653903903903903627e-01 2.643196301431351571e+02
2.662662662662662605e-01 2.643170533205808965e+02
2.671421421421421583e-01 2.643144764980266359e+02
2.680180180180180005e-01 2.643118996754723184e+02
2.688938938938938983e-01 2.643093228529180578e+02
2.697697697697697405e-01 2.643067460303637404e+02
2.706456456456456383e-01 2.643041692078094798e+02
2.715215215215215361e-01 2.643015923852551623e+02
2.723973973973973783e-01 2.642990155627009017e+02
2.732732732732732761e-01 2.642958595623593396e+02
2.741491491491491739e-01 2.642925178555684624e+02
2.750250250250250161e-01 2.642891761487776421e+02
2.759009009009009139e-01 2.642858344419867649e+02
2.767767767767767562e-01 2.642824927351959445e+02
2.776526526526526539e-01 2.642791510284050673e+02
2.785285285285285517e-01 2.642758093216142470e+02
2.794044044044043940e-01 2.642724676148233698e+02
2.802802802802802917e-01 2.642691259080325494e+02
2.811561561561561340e-01 2.642657842012416722e+02
2.820320320320320318e-01 2.642624424944508519e+02
2.829079079079079295e-01 2.642591007876599747e+02
2.837837837837837718e-01 2.642557590808691543e+02
2.846596596596596696e-01 2.642524680986168164e+02
2.855355355355355118e-01 2.642489841883938766e+02
2.864114114114114096e-01 2.642452009362840499e+02
2.872872872872873073e-01 2.642404047041726471e+02
2.881631631631631496e-01 2.642355921374317518e+02
2.890390390390390474e-01 2.642307795706908564e+02
2.899149149149148896e-01 2.642259670039499611e+02
2.907907907907907874e-01 2.642211544372090657e+02
2.916666666666666852e-01 2.642162168859065901e+02
2.925425425425425274e-01 2.642111647100938967e+02
2.934184184184184252e-01 2.642061125342812602e+02
2.942942942942942675e-01 2.642010603584685668e+02
2.951701701701701652e-01 2.641960081826558735e+02
2.960460460460460630e-01 2.641909560068431801e+02
2.969219219219219053e-01 2.641859038310304868e+02
2.977977977977978030e-01 2.641808516552177934e+02
2.986736736736736453e-01 2.641757994794051569e+02
2.995495495495495430e-01 2.641706347978206963e+02
3.004254254254254408e-01 2.641654578219450400e+02
3.013013013013012831e-01 2.641602808460693836e+02
3.021771771771771808e-01 2.641551038701937273e+02
3.030530530530530231e-01 2.641499268943180709e+02
3.039289289289289209e-01 2.641447499184424146e+02
3.048048048048048186e-01 2.641395729425667582e+02
3.056806806806806609e-01 2.641343959666911019e+02
3.065565565565565587e-01 2.641292189908155024e+02
3.074324324324324564e-01 2.641240420149398460e+02
3.083083083083082987e-01 2.641188650390641897e+02
3.091841841841841965e-01 2.641136880631885333e+02
3.100600600600600387e-01 2.641083125717784696e+02
3.109359359359359365e-01 2.641027411922395913e+02
3.118118118118118343e-01 2.640972618236251037e+02
3.126876876876876765e-01 2.640920355127149151e+02
3.135635635635635743e-01 2.640863604597220728e+02
3.144394394394394165e-01 2.640801668640499429e+02
3.153153153153153143e-01 2.640739732683777561e+02
3.161911911911912121e-01 2.640677796727055693e+02
3.170670670670670543e-01 2.640615860770334393e+02
3.179429429429429521e-01 2.640553924813612525e+02
3.188188188188187944e-01 2.640491988856891794e+02
3.196946946946946921e-01 2.640430052900169358e+02
3.205705705705705899e-01 2.640368116943448058e+02
3.214464464464464322e-01 2.640306180986726190e+02
3.223223223223223299e-01 2.640244245030004890e+02
3.231981981981981722e-01 2.640182309073283591e+02
3.240740740740740700e-01 2.640120373116561723e+02
3.249499499499499677e-01 2.640058437159839855e+02
3.258258258258258100e-01 2.639996501203118555e+02
3.267017017017017078e-01 2.639934565246396687e+02
3.275775775775775500e-01 2.639872629289675388e+02
3.284534534534534478e-01 2.639810693332953520e+02
3.293293293293293456e-01 2.639748757376231652e+02
3.302052052052051878e-01 2.639686821419509783e+02
3.310810810810810856e-01 2.639624885462788484e+02
3.319569569569569278e-01 2.639562949506067184e+02
3.328328328328328256e-01 2.639501013549345316e+02
3.337087087087087234e-01 2.639439077592623448e+02
3.345845845845845656e-01 2.639377141635902149e+02
3.354604604604604634e-01 2.639315205679180849e+02
3.363363363363363057e-01 2.639253269722458981e+02
3.372122122122122034e-01 2.639191333765737681e+02
3.380880880880881012e-01 2.639129367691296579e+02
3.389639639639639435e-01 2.639067394801475643e+02
3.398398398398398412e-01 2.639005421911655276e+02
3.407157157157157390e-01 2.638943449021834340e+02
3.415915915915915813e-01 2.638881476132013404e+02
3.424674674674674790e-01 2.638819503242193036e+02
3.433433433433433213e-01 2.638747249005390927e+02
3.442192192192192191e-01 2.638665172740074354e+02
3.450950950950951168e-01 2.638581408065679739e+02
3.459709709709709591e-01 2.638497643391285692e+02
3.468468468468468568e-01 2.638413878716891077e+02
3.477227227227226991e-01 2.638330114042496461e+02
3.485985985985985969e-01 2.638246349368102415e+02
3.494744744744744946e-01 2.638162584693708368e+02
3.503503503503503369e-01 2.638078820019313753e+02
3.512262262262262347e-01 2.637995055344919137e+02
3.521021021021020769e-01 2.637911290670525091e+02
3.529779779779779747e-01 2.637827525996130476e+02
3.538538538538538725e-01 2.637743761321735860e+02
3.547297297297297147e-01 2.637659996647341814e+02
3.556056056056056125e-01 2.637576231972947198e+02
3.564814814814814548e-01 2.637492467298552583e+02
3.573573573573573525e-01 2.637408702624157968e+02
3.582332332332332503e-01 2.637324937949763353e+02
3.591091091091090926e-01 2.637241173275369306e+02
3.599849849849849903e-01 2.637157408600975259e+02
3.608608608608608326e-01 2.637073643926580644e+02
3.617367367367367303e-01 2.636989879252186029e+02
3.626126126126126281e-01 2.636912462523787326e+02
3.634884884884884704e-01 2.636835748277807170e+02
3.643643643643643681e-01 2.636759034031827582e+02
3.652402402402402104e-01 2.636682319785847426e+02
3.661161161161161082e-01 2.636605605539867270e+02
3.669919919919920059e-01 2.636516573877052565e+02
3.678678678678678482e-01 2.636427104493913589e+02
3.687437437437437460e-01 2.636337635110775182e+02
3.696196196196196437e-01 2.636248165727636206e+02
3.704954954954954860e-01 2.636158696344496661e+02
3.713713713713713838e-01 2.636069226961357685e+02
3.722472472472472260e-01 2.635979757578218710e+02
3.731231231231231238e-01 2.635890288195079734e+02
3.739989989989990216e-01 2.635800818811940758e+02
3.748748748748748638e-01 2.635711349428801782e+02
3.757507507507507616e-01 2.635621880045662806e+02
3.766266266266266038e-01 2.635532410662523830e+02
3.775025025025025016e-01 2.635442941279384854e+02
3.783783783783783994e-01 2.635353471896245310e+02
3.792542542542542416e-01 2.635264002513106902e+02
3.801301301301301394e-01 2.635173738113999775e+02
3.810060060060059817e-01 2.635076267508096635e+02
3.818818818818818794e-01 2.634978796902194063e+02
3.827577577577577772e-01 2.634881763113589841e+02
3.836336336336336195e-01 2.634786981225458931e+02
3.845095095095095172e-01 2.634690760300706529e+02
3.853853853853853595e-01 2.634593955138794854e+02
3.862612612612612573e-01 2.634497149976883179e+02
3.871371371371371550e-01 2.634400344814972073e+02
3.880130130130129973e-01 2.634303539653060966e+02
3.888888888888888951e-01 2.634206734491149859e+02
3.897647647647647373e-01 2.634101988692794976e+02
3.906406406406406351e-01 2.633994242253326661e+02
3.915165165165165329e-01 2.633886495813857778e+02
3.923923923923923751e-01 2.633778749374389463e+02
3.932682682682682729e-01 2.633671002934921148e+02
3.941441441441441151e-01 2.633563256495452833e+02
3.950200200200200129e-01 2.633455510055984519e+02
3.958958958958959107e-01 2.633347763616515635e+02
3.967717717717717529e-01 2.633235721535892822e+02
3.976476476476476507e-01 2.633096934126658084e+02
3.985235235235234930e-01 2.632958146717423347e+02
3.993993993993993907e-01 2.632819359308188041e+02
4.002752752752752885e-01 2.632680571898953303e+02
4.011511511511511308e-01 2.632541784489718566e+02
4.020270270270270285e-01 2.632402997080483829e+02
4.029029029029029263e-01 2.632264209671248523e+02
4.037787787787787686e-01 2.632125422262013785e+02
4.046546546546546663e-01 2.631986634852778479e+02
4.055305305305305086e-01 2.631847847443543742e+02
4.064064064064064064e-01 2.631709060034309005e+02
4.072822822822823041e-01 2.631570272625073699e+02
4.081581581581581464e-01 2.631431485215838961e+02
4.090340340340340441e-01 2.631292697806604224e+02
4.099099099099098864e-01 2.631153910397368918e+02
4.107857857857857842e-01 2.631015122988134181e+02
4.116616616616616819e-01 2.630876335578898875e+02
4.125375375375375242e-01 2.630737548169664137e+02
4.134134134134134220e-01 2.630598760760429400e+02
4.142892892892892642e-01 2.630459973351194094e+02
4.151651651651651620e-01 2.630321185941958788e+02
4.160410410410410598e-01 2.630182398532724051e+02
4.169169169169169020e-01 2.630043611123489313e+02
4.177927927927927998e-01 2.629910923534532685e+02
4.186686686686686421e-01 2.629780058335248896e+02
4.195445445445445398e-01 2.629649193135965106e+02
4.204204204204204376e-01 2.629518327936681885e+02
4.212962962962962798e-01 2.629387462737398096e+02
4.221721721721721776e-01 2.629256597538114875e+02
4.230480480480480199e-01 2.629121400346738824e+02
4.239239239239239176e-01 2.628974714491200757e+02
4.247997997997998154e-01 2.628828028635662690e+02
4.256756756756756577e-01 2.628682624517540489e+02
4.265515515515515554e-01 2.628540530287573915e+02
4.274274274274273977e-01 2.628395585402244592e+02
4.283033033033032955e-01 2.628243367985760415e+02
4.291791791791791932e-01 2.628091150569276806e+02
4.300550550550550355e-01 2.627938933152793197e+02
4.309309309309309333e-01 2.627786715736309020e+02
4.318068068068067755e-01 2.627634498319824843e+02
4.326826826826826733e-01 2.627482280903341234e+02
4.335585585585585711e-01 2.627330063486857625e+02
4.344344344344344133e-01 2.627177846070373448e+02
4.353103103103103111e-01 2.627025628653889839e+02
4.361861861861862089e-01 2.626873411237405662e+02
4.370620620620620511e-01 2.626721193820921485e+02
4.379379379379379489e-01 2.626568976404437876e+02
4.388138138138137911e-01 2.626416758987953699e+02
4.396896896896896889e-01 2.626264541571470090e+02
4.405655655655655867e-01 2.626112324154985913e+02
4.414414414414414289e-01 2.625960106738502304e+02
4.423173173173173267e-01 2.625807889322018127e+02
4.431931931931931690e-01 2.625654698177802402e+02
4.440690690690690667e-01 2.625499917703026540e+02
4.449449449449449645e-01 2.625345137228250678e+02
4.458208208208208068e-01 2.625190356753474816e+02
4.466966966966967045e-01 2.625028446520867647e+02
4.475725725725725468e-01 2.624871250695320555e+02
4.484484484484484446e-01 2.624714664424357693e+02
4.493243243243243423e-01 2.624558078153394263e+02
4.502002002002001846e-01 2.624401491882430832e+02
4.510760760760760824e-01 2.624244905611467402e+02
4.519519519519519246e-01 2.624088319340504540e+02
4.528278278278278224e-01 2.623931733069541110e+02
4.537037037037037202e-01 2.623775146798577680e+02
4.545795795795795624e-01 2.623614707878080594e+02
4.554554554554554602e-01 2.623454182192330677e+02
4.563313313313313024e-01 2.623293312174252492e+02
4.572072072072072002e-01 2.623122258152039308e+02
4.580830830830830980e-01 2.622951204129826124e+02
4.589589589589589402e-01 2.622780150107613508e+02
4.598348348348348380e-01 2.622609096085400324e+02
4.607107107107106803e-01 2.622438042063187140e+02
4.615865865865865780e-01 2.622266988040973956e+02
4.624624624624624758e-01 2.622095934018760772e+02
4.633383383383383181e-01 2.621924879996547588e+02
4.642142142142142158e-01 2.621753825974334404e+02
4.650900900900901136e-01 2.621582771952121220e+02
4.659659659659659559e-01 2.621411717929908036e+02
4.668418418418418536e-01 2.621240663907694852e+02
4.677177177177176959e-01 2.621069609885481668e+02
4.685935935935935936e-01 2.620898555863268484e+02
4.694694694694694914e-01 2.620727501841055300e+02
4.703453453453453337e-01 2.620556447818842116e+02
4.712212212212212314e-01 2.620386451100559384e+02
4.720970970970970737e-01 2.620219854553387790e+02
4.729729729729729715e-01 2.620053258006215628e+02
4.738488488488488692e-01 2.619886523972710393e+02
4.747247247247247115e-01 2.619705326534783012e+02
4.756006006006006093e-01 2.619524129096855631e+02
4.764764764764764515e-01 2.619342931658928251e+02
4.773523523523523493e-01 2.619161734221000870e+02
4.782282282282282471e-01 2.618980536783073489e+02
4.791041041041040893e-01 2.618799339345146109e+02
4.799799799799799871e-01 2.618618141907218728e+02
4.808558558558558294e-01 2.618436944469291348e+02
4.817317317317317271e-01 2.618255747031363967e+02
4.826076076076076249e-01 2.618074549593436586e+02
4.834834834834834671e-01 2.617893352155509206e+02
4.843593593593593649e-01 2.617712154717581825e+02
4.852352352352352072e-01 2.617530957279654444e+02
4.861111111111111049e-01 2.617349562530055778e+02
4.869869869869870027e-01 2.617165655744440755e+02
4.878628628628628450e-01 2.616981748958825733e+02
4.887387387387387427e-01 2.616797842173210711e+02
4.896146146146145850e-01 2.616606225569100275e+02
4.904904904904904828e-01 2.616399076612439671e+02
4.913663663663663805e-01 2.616191927655779637e+02
4.922422422422422228e-01 2.615984778699118465e+02
4.931181181181181206e-01 2.615777629742457293e+02
4.939939939939939628e-01 2.615570480785797827e+02
4.948698698698698606e-01 2.615363331829137223e+02
4.957457457457457584e-01 2.615156182872476052e+02
4.966216216216216006e-01 2.614949033915815448e+02
4.974974974974974984e-01 2.614743539733975695e+02
4.983733733733733962e-01 2.614521457716717805e+02
4.992492492492492384e-01 2.614281019024833199e+02
5.001251251251250807e-01 2.614038509564041988e+02
5.010010010010009784e-01 2.613796000103250776e+02
5.018768768768768762e-01 2.613553490642459565e+02
5.027527527527527740e-01 2.613310981181668353e+02
5.036286286286286717e-01 2.613068471720877142e+02
5.045045045045044585e-01 2.612825962260085362e+02
5.053803803803803563e-01 2.612583452799294719e+02
5.062562562562562540e-01 2.612340943338503507e+02
5.071321321321321518e-01 2.612098433877712296e+02
5.080080080080080496e-01 2.611855924416921084e+02
5.088838838838838363e-01 2.611613414956129873e+02
5.097597597597597341e-01 2.611370905495338661e+02
5.106356356356356319e-01 2.611128396034546881e+02
5.115115115115115296e-01 2.610885886573755670e+02
5.123873873873874274e-01 2.610643377112964458e+02
5.132632632632632141e-01 2.610400867652173247e+02
5.141391391391391119e-01 2.610158358191382035e+02
5.150150150150150097e-01 2.609915848730590824e+02
5.158908908908909074e-01 2.609673339269799612e+02
5.167667667667668052e-01 2.609430829809008401e+02
5.176426426426425920e-01 2.609188320348217189e+02
5.185185185185184897e-01 2.608945810887425978e+02
5.193943943943943875e-01 2.608703301426634766e+02
5.202702702702702853e-01 2.608468309580034088e+02
5.211461461461461830e-01 2.608237624125716252e+02
5.220220220220219698e-01 2.608006938671398984e+02
5.228978978978978676e-01 2.607772099984250076e+02
5.237737737737737653e-01 2.607522741438373828e+02
5.246496496496496631e-01 2.607273382892497580e+02
5.255255255255255609e-01 2.607024024346620763e+02
5.264014014014013476e-01 2.606774393381994059e+02
5.272772772772772454e-01 2.606519419900932917e+02
5.281531531531531432e-01 2.606262538085900928e+02
5.290290290290290409e-01 2.605999269181983777e+02
5.299049049049049387e-01 2.605734890731230848e+02
5.307807807807807254e-01 2.605463531985309942e+02
5.316566566566566232e-01 2.605192173239389604e+02
5.325325325325325210e-01 2.604920814493468129e+02
5.334084084084084187e-01 2.604649455747547222e+02
5.342842842842843165e-01 2.604378097001626884e+02
5.351601601601601033e-01 2.604106738255705977e+02
5.360360360360360010e-01 2.603835379509785071e+02
5.369119119119118988e-01 2.603564020763864164e+02
5.377877877877877966e-01 2.603292662017943258e+02
5.386636636636636943e-01 2.603021303272022351e+02
5.395395395395394811e-01 2.602749944526101444e+02
5.404154154154153789e-01 2.602478585780180538e+02
5.412912912912912766e-01 2.602207227034259631e+02
5.421671671671671744e-01 2.601935868288339293e+02
5.430430430430430722e-01 2.601664509542417818e+02
5.439189189189188589e-01 2.601393150796496911e+02
5.447947947947947567e-01 2.601121792050576573e+02
5.456706706706706544e-01 2.600850433304655098e+02
5.465465465465465522e-01 2.600579074558734760e+02
5.474224224224224500e-01 2.600307715812814422e+02
5.482982982982983478e-01 2.600036357066892947e+02
5.491741741741741345e-01 2.599764998320972040e+02
5.500500500500500323e-01 2.599493168450354688e+02
5.509259259259259300e-01 2.599218699534129087e+02
5.518018018018018278e-01 2.598944230617904054e+02
5.526776776776777256e-01 2.598669761701678453e+02
5.535535535535535123e-01 2.598395292785453421e+02
5.544294294294294101e-01 2.598122177843030158e+02
5.553053053053053079e-01 2.597847755148283113e+02
5.561811811811812056e-01 2.597569651084936595e+02
5.570570570570571034e-01 2.597291547021590077e+02
5.579329329329328901e-01 2.597011055011909662e+02
5.588088088088087879e-01 2.596729504930428902e+02
5.596846846846846857e-01 2.596447954848947575e+02
5.605605605605605835e-01 2.596166404767466815e+02
5.614364364364364812e-01 2.595884854685986056e+02
5.623123123123122680e-01 2.595603304604504729e+02
5.631881881881881657e-01 2.595321754523023401e+02
5.640640640640640635e-01 2.595040204441542642e+02
5.649399399399399613e-01 2.594758654360061882e+02
5.658158158158158590e-01 2.594477872287664582e+02
5.666916916916916458e-01 2.594198846645141998e+02
5.675675675675675436e-01 2.593919821002619415e+02
5.684434434434434413e-01 2.593640795360097400e+02
5.693193193193193391e-01 2.593361769717574816e+02
5.701951951951952369e-01 2.593082744075052233e+02
5.710710710710710236e-01 2.592803718432529649e+02
5.719469469469469214e-01 2.592524692790007066e+02
5.728228228228228192e-01 2.592245667147484482e+02
5.736986986986987169e-01 2.591966641504961899e+02
5.745745745745746147e-01 2.591687615862439316e+02
5.754504504504504014e-01 2.591408590219917301e+02
5.763263263263262992e-01 2.591129564577394717e+02
5.772022022022021970e-01 2.590850538934872134e+02
5.780780780780780947e-01 2.590571513292349550e+02
5.789539539539539925e-01 2.590292487649826967e+02
5.798298298298297793e-01 2.590013462007304383e+02
5.807057057057056770e-01 2.589730459526587651e+02
5.815815815815815748e-01 2.589446746195321225e+02
5.824574574574574726e-01 2.589163032864054799e+02
5.833333333333333703e-01 2.588879319532788372e+02
5.842092092092091571e-01 2.588595899124629227e+02
5.850850850850850549e-01 2.588314216969210406e+02
5.859609609609609526e-01 2.588032534813791017e+02
5.868368368368368504e-01 2.587750852658371059e+02
5.877127127127127482e-01 2.587469170502952238e+02
5.885885885885885349e-01 2.587187488347533417e+02
5.894644644644644327e-01 2.586908961689892408e+02
5.903403403403403304e-01 2.586630856249626618e+02
5.912162162162162282e-01 2.586352750809361396e+02
5.920920920920921260e-01 2.586074645369096174e+02
5.929679679679679127e-01 2.585793863597741620e+02
5.938438438438438105e-01 2.585497744388070487e+02
5.947197197197197083e-01 2.585201625178401059e+02
5.955955955955956060e-01 2.584905505968731063e+02
5.964714714714715038e-01 2.584609386759061067e+02
5.973473473473472906e-01 2.584313267549391071e+02
5.982232232232231883e-01 2.584017148339720507e+02
5.990990990990990861e-01 2.583721029130051079e+02
5.999749749749749839e-01 2.583424909920380514e+02
6.008508508508508816e-01 2.583128790710710518e+02
6.017267267267266684e-01 2.582832671501040522e+02
6.026026026026025662e-01 2.582536552291370526e+02
6.034784784784784639e-01 2.582231486959931885e+02
6.043543543543543617e-01 2.581925458945112268e+02
6.052302302302302595e-01 2.581619430930292083e+02
6.061061061061060462e-01 2.581313402915472466e+02
6.069819819819819440e-01 2.581007374900652280e+02
6.078578578578578417e-01 2.580701346885831526e+02
6.087337337337337395e-01 2.580395318871011909e+02
6.096096096096096373e-01 2.580089290856192292e+02
6.104854854854855351e-01 2.579776590301262900e+02
6.113613613613613218e-01 2.579450383264114635e+02
6.122372372372372196e-01 2.579124176226966370e+02
6.131131131131131173e-01 2.578797969189818104e+02
6.139889889889890151e-01 2.578471762152670408e+02
6.148648648648649129e-01 2.578145555115521574e+02
6.157407407407406996e-01 2.577819348078373309e+02
6.166166166166165974e-01 2.577493141041225044e+02
6.174924924924924952e-01 2.577166934004076779e+02
6.183683683683683929e-01 2.576844731004934488e+02
6.192442442442442907e-01 2.576530108640544654e+02
6.201201201201200774e-01 2.576215486276154252e+02
6.209959959959959752e-01 2.575899133516858228e+02
6.218718718718718730e-01 2.575571083616239889e+02
6.227477477477477708e-01 2.575243033715622687e+02
6.236236236236236685e-01 2.574914983815005485e+02
6.244994994994994553e-01 2.574586933914387714e+02
6.253753753753753530e-01 2.574258884013770512e+02
6.262512512512512508e-01 2.573922201391741851e+02
6.271271271271271486e-01 2.573586151228815879e+02
6.280030030030030463e-01 2.573239830383692492e+02
6.288788788788788331e-01 2.572891847856797085e+02
6.297547547547547309e-01 2.572543865329902246e+02
6.306306306306306286e-01 2.572195882803007407e+02
6.315065065065065264e-01 2.571847900276112000e+02
6.323823823823824242e-01 2.571499917749217161e+02
6.332582582582582109e-01 2.571151935222322322e+02
6.341341341341341087e-01 2.570802712948876660e+02
6.350100100100100065e-01 2.570452399654205919e+02
6.358858858858859042e-01 2.570102086359535178e+02
6.367617617617618020e-01 2.569751773064864437e+02
6.376376376376375887e-01 2.569401459770194265e+02
6.385135135135134865e-01 2.569051146475523524e+02
6.393893893893893843e-01 2.568700833180852783e+02
6.402652652652652820e-01 2.568350519886182610e+02
6.411411411411411798e-01 2.568000206591511869e+02
6.420170170170169666e-01 2.567649893296841128e+02
6.428928928928928643e-01 2.567303598967101266e+02
6.437687687687687621e-01 2.566958012013143389e+02
6.446446446446446599e-01 2.566614860351342031e+02
6.455205205205205576e-01 2.566281078493601626e+02
6.463963963963963444e-01 2.565947296635861221e+02
6.472722722722722422e-01 2.565613514778120816e+02
6.481481481481481399e-01 2.565279732920379843e+02
6.490240240240240377e-01 2.564945951062639438e+02
6.498998998998999355e-01 2.564612169204899033e+02
6.507757757757757222e-01 2.564278387347158628e+02
6.516516516516516200e-01 2.563944605489418223e+02
6.525275275275275177e-01 2.563610823631677818e+02
6.534034034034034155e-01 2.563274202215457649e+02
6.542792792792793133e-01 2.562932167487497281e+02
6.551551551551551000e-01 2.562580921768366125e+02
6.560310310310309978e-01 2.562229676049236105e+02
6.569069069069068956e-01 2.561878430330104948e+02
6.577827827827827933e-01 2.561527184610974928e+02
6.586586586586586911e-01 2.561175938891843771e+02
6.595345345345344779e-01 2.560824693172713751e+02
6.604104104104103756e-01 2.560473447453583162e+02
6.612862862862862734e-01 2.560122201734452574e+02
6.621621621621621712e-01 2.559770956015321701e+02
6.630380380380380689e-01 2.559419710296191113e+02
6.639139139139138557e-01 2.559068464577060809e+02
6.647897897897897534e-01 2.558678983843054198e+02
6.656656656656656512e-01 2.558288898883916431e+02
6.665415415415415490e-01 2.557898813924778381e+02
6.674174174174174468e-01 2.557508728965640614e+02
6.682932932932932335e-01 2.557118644006502564e+02
6.691691691691691313e-01 2.556728559047364797e+02
6.700450450450450290e-01 2.556338474088227031e+02
6.709209209209209268e-01 2.555948389129089549e+02
6.717967967967968246e-01 2.555558304169951498e+02
6.726726726726726113e-01 2.555168219210813731e+02
6.735485485485485091e-01 2.554778240130155780e+02
6.744244244244244069e-01 2.554388631618834040e+02
6.753003003003003046e-01 2.553999023107512301e+02
6.761761761761762024e-01 2.553609414596190561e+02
6.770520520520521002e-01 2.553219806084869106e+02
6.779279279279278869e-01 2.552830197573547650e+02
6.788038038038037847e-01 2.552440589062225627e+02
6.796796796796796825e-01 2.552050980550904455e+02
6.805555555555555802e-01 2.551662217483009556e+02
6.814314314314314780e-01 2.551275635592435833e+02
6.823073073073072647e-01 2.550889053701862679e+02
6.831831831831831625e-01 2.550502471811289240e+02
6.840590590590590603e-01 2.550115889920715802e+02
6.849349349349349581e-01 2.549729308030142079e+02
6.858108108108108558e-01 2.549342726139568924e+02
6.866866866866866426e-01 2.548956144248995201e+02
6.875625625625625403e-01 2.548569562358421763e+02
6.884384384384384381e-01 2.548182980467848324e+02
6.893143143143143359e-01 2.547796398577274886e+02
6.901901901901902336e-01 2.547412982972835493e+02
6.910660660660660204e-01 2.547034783596482441e+02
6.919419419419419182e-01 2.546656584220129105e+02
6.928178178178178159e-01 2.546278384843775768e+02
6.936936936936937137e-01 2.545900185467422432e+02
6.945695695695696115e-01 2.545521986091069095e+02
6.954454454454453982e-01 2.545143786714716043e+02
6.963213213213212960e-01 2.544765587338362707e+02
6.971971971971971938e-01 2.544387387962009370e+02
6.980730730730730915e-01 2.544011644753472297e+02
6.989489489489489893e-01 2.543639017074945059e+02
6.998248248248247760e-01 2.543261733062457779e+02
7.007007007007006738e-01 2.542884449049970215e+02
7.015765765765765716e-01 2.542507165037482650e+02
7.024524524524524693e-01 2.542129881024994802e+02
7.033283283283283671e-01 2.541752597012507522e+02
7.042042042042041539e-01 2.541375313000019958e+02
7.050800800800800516e-01 2.540998028987532393e+02
7.059559559559559494e-01 2.540618275221078193e+02
7.068318318318318472e-01 2.540235760714427329e+02
7.077077077077077449e-01 2.539853246207776749e+02
7.085835835835835317e-01 2.539470731701126169e+02
7.094594594594594295e-01 2.539088217194475021e+02
7.103353353353353272e-01 2.538705702687824726e+02
7.112112112112112250e-01 2.538323188181173862e+02
7.120870870870871228e-01 2.537940673674523282e+02
7.129629629629629095e-01 2.537558159167872418e+02
7.138388388388388073e-01 2.537175644661222123e+02
7.147147147147147050e-01 2.536793212929568995e+02
7.155905905905906028e-01 2.536410837569822547e+02
7.164664664664665006e-01 2.536028462210075531e+02
7.173423423423422873e-01 2.535646086850328800e+02
7.182182182182181851e-01 2.535263711490582068e+02
7.190940940940940829e-01 2.534881336130835621e+02
7.199699699699699806e-01 2.534498960771088605e+02
7.208458458458458784e-01 2.534116585411342157e+02
7.217217217217216652e-01 2.533734210051595142e+02
7.225975975975975629e-01 2.533344996258429944e+02
7.234734734734734607e-01 2.532951406275794568e+02
7.243493493493493585e-01 2.532557816293159192e+02
7.252252252252252562e-01 2.532163268534850431e+02
7.261011011011010430e-01 2.531763975969838611e+02
7.269769769769769407e-01 2.531364683404826224e+02
7.278528528528528385e-01 2.530965390839814404e+02
7.287287287287287363e-01 2.530566098274802016e+02
7.296046046046046341e-01 2.530166805709789912e+02
7.304804804804804208e-01 2.529767513144778377e+02
7.313563563563563186e-01 2.529368220579765989e+02
7.322322322322322163e-01 2.528968928014753885e+02
7.331081081081081141e-01 2.528569635449741781e+02
7.339839839839840119e-01 2.528170342884729962e+02
7.348598598598597986e-01 2.527771050319717574e+02
7.357357357357356964e-01 2.527371757754705754e+02
7.366116116116115942e-01 2.526972465189693651e+02
7.374874874874874919e-01 2.526573172624681547e+02
7.383633633633633897e-01 2.526173880059669159e+02
7.392392392392392875e-01 2.525774587494657339e+02
7.401151151151150742e-01 2.525375294929645520e+02
7.409909909909909720e-01 2.524976002364633132e+02
7.418668668668668698e-01 2.524577194768509685e+02
7.427427427427427675e-01 2.524179050953853505e+02
7.436186186186186653e-01 2.523780907139197325e+02
7.444944944944944520e-01 2.523378333501312056e+02
7.453703703703703498e-01 2.522962325607663843e+02
7.462462462462462476e-01 2.522546317714015629e+02
7.471221221221221453e-01 2.522130309820367415e+02
7.479979979979980431e-01 2.521715590389928536e+02
7.488738738738738299e-01 2.521314490092448182e+02
7.497497497497497276e-01 2.520913389794967543e+02
7.506256256256256254e-01 2.520515155288049129e+02
7.515015015015015232e-01 2.520122006536047650e+02
7.523773773773774209e-01 2.519728857784046454e+02
7.532532532532532077e-01 2.519335709032044974e+02
7.541291291291291055e-01 2.518942560280043494e+02
7.550050050050050032e-01 2.518549411528042299e+02
7.558808808808809010e-01 2.518156262776041103e+02
7.567567567567567988e-01 2.517763114024039623e+02
7.576326326326325855e-01 2.517369965272038144e+02
7.585085085085084833e-01 2.516976816520037232e+02
7.593843843843843811e-01 2.516583667768035752e+02
7.602602602602602788e-01 2.516190519016034273e+02
7.611361361361361766e-01 2.515797370264033077e+02
7.620120120120119633e-01 2.515404221512031597e+02
7.628878878878878611e-01 2.515011072760030402e+02
7.637637637637637589e-01 2.514626114823586818e+02
7.646396396396396566e-01 2.514245231865475319e+02
7.655155155155155544e-01 2.513864348907364104e+02
7.663913913913913412e-01 2.513483465949252889e+02
7.672672672672672389e-01 2.513102582991141389e+02
7.681431431431431367e-01 2.512708131510118506e+02
7.690190190190190345e-01 2.512304883312280595e+02
7.698948948948949322e-01 2.511901635114442684e+02
7.707707707707707190e-01 2.511498386916605057e+02
7.716466466466466168e-01 2.511095138718766862e+02
7.725225225225225145e-01 2.510691890520929235e+02
7.733983983983984123e-01 2.510288642323091324e+02
7.742742742742743101e-01 2.509885394125253697e+02
7.751501501501500968e-01 2.509482145927415786e+02
7.760260260260259946e-01 2.509078897729578159e+02
7.769019019019018923e-01 2.508675649531740248e+02
7.777777777777777901e-01 2.508272401333902337e+02
7.786536536536536879e-01 2.507869153136064710e+02
7.795295295295294746e-01 2.507465904938226799e+02
7.804054054054053724e-01 2.507062656740389173e+02
7.812812812812812702e-01 2.506659408542550977e+02
7.821571571571571679e-01 2.506256160344713635e+02
7.830330330330330657e-01 2.505853174406719575e+02
7.839089089089088525e-01 2.505454516597698955e+02
7.847847847847847502e-01 2.505055858788678051e+02
7.856606606606606480e-01 2.504656930281878147e+02
7.865365365365365458e-01 2.504256733483661321e+02
7.874124124124124435e-01 2.503856536685444496e+02
7.882882882882882303e-01 2.503456339887227386e+02
7.891641641641641280e-01 2.503056143089010277e+02
7.900400400400400258e-01 2.502648610442681161e+02
7.909159159159159236e-01 2.502239576964185801e+02
7.917917917917918214e-01 2.501815361883271862e+02
7.926676676676676081e-01 2.501387788397415761e+02
7.935435435435435059e-01 2.500960214911559092e+02
7.944194194194194036e-01 2.500532641425702991e+02
7.952952952952953014e-01 2.500105067939846606e+02
7.961711711711711992e-01 2.499677494453990505e+02
7.970470470470469859e-01 2.499249920968134120e+02
7.979229229229228837e-01 2.498822347482277735e+02
7.987987987987987815e-01 2.498394773996421065e+02
7.996746746746746792e-01 2.497967200510564680e+02
8.005505505505505770e-01 2.497539627024708579e+02
8.014264264264264748e-01 2.497112053538852194e+02
8.023023023023022615e-01 2.496684480052995525e+02
8.031781781781781593e-01 2.496256906567139424e+02
8.040540540540540571e-01 2.495829333081283039e+02
8.049299299299299548e-01 2.495401759595426938e+02
8.058058058058058526e-01 2.494974186109570269e+02
8.066816816816816393e-01 2.494546612623714168e+02
8.075575575575575371e-01 2.494119039137857499e+02
8.084334334334334349e-01 2.493691465652001398e+02
8.093093093093093326e-01 2.493263892166145013e+02
8.101851851851852304e-01 2.492836318680288912e+02
8.110610610610610172e-01 2.492408700120198262e+02
8.119369369369369149e-01 2.491976135990348098e+02
8.128128128128128127e-01 2.491554607457163399e+02
8.136886886886887105e-01 2.491133452306567051e+02
8.145645645645646082e-01 2.490712297155970418e+02
8.154404404404403950e-01 2.490291142005373786e+02
8.163163163163162928e-01 2.489869986854777153e+02
8.171921921921921905e-01 2.489448831704180805e+02
8.180680680680680883e-01 2.489028212689925681e+02
8.189439439439439861e-01 2.488616357098770493e+02
8.198198198198197728e-01 2.488204501507614737e+02
8.206956956956956706e-01 2.487792645916459264e+02
8.215715715715715683e-01 2.487377262218432747e+02
8.224474474474474661e-01 2.486960348088131809e+02
8.233233233233233639e-01 2.486543433957831439e+02
8.241991991991991506e-01 2.486126519827529933e+02
8.250750750750750484e-01 2.485709605697229563e+02
8.259509509509509462e-01 2.485292691566928625e+02
8.268268268268268439e-01 2.484875777436627970e+02
8.277027027027027417e-01 2.484458863306327316e+02
8.285785785785785285e-01 2.484041949176026378e+02
8.294544544544544262e-01 2.483624184590653385e+02
8.303303303303303240e-01 2.483204214660325420e+02
8.312062062062062218e-01 2.482784244729997738e+02
8.320820820820821195e-01 2.482364274799670056e+02
8.329579579579579063e-01 2.481944304869342091e+02
8.338338338338338041e-01 2.481522659582992674e+02
8.347097097097097018e-01 2.481097346279101430e+02
8.355855855855855996e-01 2.480672032975211039e+02
8.364614614614614974e-01 2.480246719671320079e+02
8.373373373373372841e-01 2.479818345793008803e+02
8.382132132132131819e-01 2.479373556174911641e+02
8.390890890890890796e-01 2.478928766556814480e+02
8.399649649649649774e-01 2.478483976938717319e+02
8.408408408408408752e-01 2.478039187320620158e+02
8.417167167167166619e-01 2.477594397702522997e+02
8.425925925925925597e-01 2.477149608084425836e+02
8.434684684684684575e-01 2.476704818466328675e+02
8.443443443443443552e-01 2.476260028848231514e+02
8.452202202202202530e-01 2.475815239230134637e+02
8.460960960960960398e-01 2.475370449612037476e+02
8.469719719719719375e-01 2.474925659993940030e+02
8.478478478478478353e-01 2.474501558514972146e+02
8.487237237237237331e-01 2.474082204507005542e+02
8.495995995995996308e-01 2.473662850499039223e+02
8.504754754754754176e-01 2.473243496491072335e+02
8.513513513513513153e-01 2.472824142483105732e+02
8.522272272272272131e-01 2.472404788475139128e+02
8.531031031031031109e-01 2.471985434467172524e+02
8.539789789789790087e-01 2.471566080459205921e+02
8.548548548548547954e-01 2.471146726451239601e+02
8.557307307307306932e-01 2.470727372443272998e+02
8.566066066066065909e-01 2.470308018435306110e+02
8.574824824824824887e-01 2.469888664427339506e+02
8.583583583583583865e-01 2.469469310419373187e+02
8.592342342342341732e-01 2.469049956411406583e+02
8.601101101101100710e-01 2.468630602403439696e+02
8.609859859859859688e-01 2.468211248395473376e+02
8.618618618618618665e-01 2.467791894387506773e+02
8.627377377377377643e-01 2.467372540379539885e+02
8.636136136136135510e-01 2.466953186371573565e+02
8.644894894894894488e-01 2.466533832363606962e+02
8.653653653653653466e-01 2.466113913949778862e+02
8.662412412412412444e-01 2.465693917625089853e+02
8.671171171171171421e-01 2.465273921300401128e+02
8.679929929929930399e-01 2.464853924975712403e+02
8.688688688688688266e-01 2.464433928651023393e+02
8.697447447447447244e-01 2.464013932326334668e+02
8.706206206206206222e-01 2.463593936001645659e+02
8.714964964964965199e-01 2.463173939676956650e+02
8.723723723723724177e-01 2.462753943352267925e+02
8.732482482482482045e-01 2.462333947027578915e+02
8.741241241241241022e-01 2.461915996725879836e+02
8.750000000000000000e-01 2.461500000000000057e+02
