LineProbe
number of points: 1000 (fixed)
point 0: [0. 0. 0.]
point 1: [0.1023 0.     0.    ]
-----

# T 1000
0.000000000000000000e+00 2.537578011943081151e+02
1.024024024024024014e-04 2.537577170669798079e+02
2.048048048048048029e-04 2.537576329396513586e+02
3.072072072072072179e-04 2.537575488123229945e+02
4.096096096096096058e-04 2.537574646849946305e+02
5.120120120120119937e-04 2.537573805576662380e+02
6.144144144144144358e-04 2.537572964303378740e+02
7.168168168168167695e-04 2.537572123030095099e+02
8.192192192192192116e-04 2.537571281756811459e+02
9.216216216216216537e-04 2.537570440483527534e+02
1.024024024024023987e-03 2.537569599210243894e+02
1.126426426426426321e-03 2.537568757936959969e+02
1.228828828828828872e-03 2.537567916663676328e+02
1.331231231231231205e-03 2.537567075390392688e+02
1.433633633633633539e-03 2.537566234117109047e+02
1.536036036036036089e-03 2.537565392843824839e+02
1.638438438438438423e-03 2.537564551570541767e+02
1.740840840840840757e-03 2.537563710297257842e+02
1.843243243243243307e-03 2.537562869023973917e+02
1.945645645645645641e-03 2.537562027750690277e+02
2.048048048048047975e-03 2.537561186477406636e+02
2.150450450450450308e-03 2.537560345204122996e+02
2.252852852852852642e-03 2.537559503930839071e+02
2.355255255255255410e-03 2.537558667291140750e+02
2.457657657657657743e-03 2.537557836878458488e+02
2.560060060060060077e-03 2.537557006465775657e+02
2.662462462462462411e-03 2.537556176053092827e+02
2.764864864864864744e-03 2.537555345640409996e+02
2.867267267267267078e-03 2.537554515227727734e+02
2.969669669669669845e-03 2.537553684815044903e+02
3.072072072072072179e-03 2.537552854402362073e+02
3.174474474474474513e-03 2.537552023989679242e+02
3.276876876876876846e-03 2.537551193576996411e+02
3.379279279279279180e-03 2.537550363164314149e+02
3.481681681681681514e-03 2.537549532751631034e+02
3.584084084084083847e-03 2.537548702338948488e+02
3.686486486486486615e-03 2.537547871926265373e+02
3.788888888888888948e-03 2.537547041513583110e+02
3.891291291291291282e-03 2.537546211100900280e+02
3.993693693693694050e-03 2.537545380688217165e+02
4.096096096096095950e-03 2.537544541876843596e+02
4.198498498498498717e-03 2.537543697953221624e+02
4.300900900900900617e-03 2.537542854029599937e+02
4.403303303303303384e-03 2.537542010105977965e+02
4.505705705705705284e-03 2.537541166182356278e+02
4.608108108108108052e-03 2.537540322258734307e+02
4.710510510510510819e-03 2.537539458883503016e+02
4.812912912912912719e-03 2.537538592548598899e+02
4.915315315315315486e-03 2.537537530010800424e+02
5.017717717717717386e-03 2.537536117508707036e+02
5.120120120120120154e-03 2.537534705006613081e+02
5.222522522522522054e-03 2.537533292504519125e+02
5.324924924924924821e-03 2.537531880002425737e+02
5.427327327327327589e-03 2.537530467500332065e+02
5.529729729729729489e-03 2.537529054998238109e+02
5.632132132132132256e-03 2.537527642496144438e+02
5.734534534534534156e-03 2.537526293790857608e+02
5.836936936936936923e-03 2.537524962657433321e+02
5.939339339339339691e-03 2.537523631524009033e+02
6.041741741741741591e-03 2.537522300390585315e+02
6.144144144144144358e-03 2.537520969257161028e+02
6.246546546546546258e-03 2.537519638123736740e+02
6.348948948948949025e-03 2.537518306990312738e+02
6.451351351351350925e-03 2.537516975856888166e+02
6.553753753753753693e-03 2.537515644723464163e+02
6.656156156156156460e-03 2.537514313590040160e+02
6.758558558558558360e-03 2.537512982456615873e+02
6.860960960960961127e-03 2.537511651323191586e+02
6.963363363363363027e-03 2.537510320189767583e+02
7.065765765765765795e-03 2.537508989056343012e+02
7.168168168168167695e-03 2.537507657922919293e+02
7.270570570570570462e-03 2.537506326789495006e+02
7.372972972972973230e-03 2.537504995656071287e+02
7.475375375375375130e-03 2.537503664522646716e+02
7.577777777777777897e-03 2.537502333389222429e+02
7.680180180180179797e-03 2.537501002255798426e+02
7.782582582582582564e-03 2.537499671122374139e+02
7.884984984984985332e-03 2.537498339988949851e+02
7.987387387387388099e-03 2.537497008855526133e+02
8.089789789789789132e-03 2.537495677722101846e+02
8.192192192192191899e-03 2.537494346588677558e+02
8.294594594594594666e-03 2.537493015455253271e+02
8.396996996996997434e-03 2.537491684321829268e+02
8.499399399399398466e-03 2.537490353188404981e+02
8.601801801801801234e-03 2.537489022054980978e+02
8.704204204204204001e-03 2.537487690921556975e+02
8.806606606606606769e-03 2.537486359788132404e+02
8.909009009009009536e-03 2.537485028654708401e+02
9.011411411411410569e-03 2.537483650884480539e+02
9.113813813813813336e-03 2.537481829384840353e+02
9.216216216216216103e-03 2.537480007885199882e+02
9.318618618618618871e-03 2.537478186385559695e+02
9.421021021021021638e-03 2.537476364885919509e+02
9.523423423423422671e-03 2.537474543386279322e+02
9.625825825825825438e-03 2.537472721886639135e+02
9.728228228228228205e-03 2.537470900386998949e+02
9.830630630630630973e-03 2.537469078887358478e+02
9.933033033033033740e-03 2.537467257387718291e+02
1.003543543543543477e-02 2.537465435888078105e+02
1.013783783783783754e-02 2.537463614388437918e+02
1.024024024024024031e-02 2.537461792888797731e+02
1.034264264264264307e-02 2.537459971389157261e+02
1.044504504504504411e-02 2.537458149889517358e+02
1.054744744744744687e-02 2.537456328389876887e+02
1.064984984984984964e-02 2.537454506890236416e+02
1.075225225225225241e-02 2.537452685390596230e+02
1.085465465465465518e-02 2.537450863890956612e+02
1.095705705705705621e-02 2.537449042391316141e+02
1.105945945945945898e-02 2.537447220891675670e+02
1.116186186186186174e-02 2.537445399392035483e+02
1.126426426426426451e-02 2.537443577892395297e+02
1.136666666666666728e-02 2.537441756392755110e+02
1.146906906906906831e-02 2.537439934893114923e+02
1.157147147147147108e-02 2.537438113393474737e+02
1.167387387387387385e-02 2.537436291893834550e+02
1.177627627627627661e-02 2.537434470394194364e+02
1.187867867867867938e-02 2.537432648894553893e+02
1.198108108108108041e-02 2.537430827394913422e+02
1.208348348348348318e-02 2.537429005895273519e+02
1.218588588588588595e-02 2.537427184395633049e+02
1.228828828828828872e-02 2.537425362895992862e+02
1.239069069069068975e-02 2.537423541396352675e+02
1.249309309309309252e-02 2.537421659111164445e+02
1.259549549549549528e-02 2.537419731376306800e+02
1.269789789789789805e-02 2.537417578019463065e+02
1.280030030030030082e-02 2.537415380495440047e+02
1.290270270270270185e-02 2.537413191218092265e+02
1.300510510510510462e-02 2.537411047550822900e+02
1.310750750750750739e-02 2.537408903883553819e+02
1.320990990990991015e-02 2.537406760216284738e+02
1.331231231231231292e-02 2.537404616549015088e+02
1.341471471471471395e-02 2.537402472881746291e+02
1.351711711711711672e-02 2.537400329214476642e+02
1.361951951951951949e-02 2.537398185547207845e+02
1.372192192192192225e-02 2.537396041879938480e+02
1.382432432432432502e-02 2.537393898212669114e+02
1.392672672672672605e-02 2.537391754545400033e+02
1.402912912912912882e-02 2.537389610878131236e+02
1.413153153153153159e-02 2.537387467210861587e+02
1.423393393393393436e-02 2.537385323543592506e+02
1.433633633633633539e-02 2.537383179876323140e+02
1.443873873873873816e-02 2.537381036209054059e+02
1.454114114114114092e-02 2.537378892541785262e+02
1.464354354354354369e-02 2.537376748874515897e+02
1.474594594594594646e-02 2.537374605207246532e+02
1.484834834834834749e-02 2.537372461539977451e+02
1.495075075075075026e-02 2.537370317872708370e+02
1.505315315315315303e-02 2.537368174205439004e+02
1.515555555555555579e-02 2.537366030538169639e+02
1.525795795795795856e-02 2.537363886870900842e+02
1.536036036036035959e-02 2.537361743203631477e+02
1.546276276276276236e-02 2.537359599536362111e+02
1.556516516516516513e-02 2.537357455869093315e+02
1.566756756756756616e-02 2.537355312201823949e+02
1.576996996996997066e-02 2.537352893327600611e+02
1.587237237237237170e-02 2.537350445594472603e+02
1.597477477477477620e-02 2.537347997861344595e+02
1.607717717717717723e-02 2.537345550128216587e+02
1.617957957957957826e-02 2.537343102395088579e+02
1.628198198198198277e-02 2.537340654661960855e+02
1.638438438438438380e-02 2.537338206928832278e+02
1.648678678678678830e-02 2.537335759195704554e+02
1.658918918918918933e-02 2.537333311462576546e+02
1.669159159159159037e-02 2.537330863729448538e+02
1.679399399399399487e-02 2.537328415996320530e+02
1.689639639639639590e-02 2.537325922823045232e+02
1.699879879879879693e-02 2.537323386789021811e+02
1.710120120120120144e-02 2.537320850754998389e+02
1.720360360360360247e-02 2.537318314720974968e+02
1.730600600600600697e-02 2.537315760493868027e+02
1.740840840840840800e-02 2.537313115247194446e+02
1.751081081081080904e-02 2.537310470000521150e+02
1.761321321321321354e-02 2.537307824753847285e+02
1.771561561561561457e-02 2.537305179507173989e+02
1.781801801801801907e-02 2.537302534260500124e+02
1.792042042042042010e-02 2.537299889013826828e+02
1.802282282282282114e-02 2.537297243767153248e+02
1.812522522522522564e-02 2.537294598520479667e+02
1.822762762762762667e-02 2.537291953273806371e+02
1.833003003003003117e-02 2.537289308027132506e+02
1.843243243243243221e-02 2.537286662780459210e+02
1.853483483483483324e-02 2.537284017533785914e+02
1.863723723723723774e-02 2.537281372287112049e+02
1.873963963963963877e-02 2.537278669061171001e+02
1.884204204204204328e-02 2.537275808713252729e+02
1.894444444444444431e-02 2.537272948365333889e+02
1.904684684684684534e-02 2.537270088017415333e+02
1.914924924924924984e-02 2.537267227669496776e+02
1.925165165165165088e-02 2.537264367321577936e+02
1.935405405405405538e-02 2.537261506973659380e+02
1.945645645645645641e-02 2.537258646625740539e+02
1.955885885885885744e-02 2.537255786277821699e+02
1.966126126126126195e-02 2.537252925929903427e+02
1.976366366366366298e-02 2.537250065581984870e+02
1.986606606606606748e-02 2.537247205234066030e+02
1.996846846846846851e-02 2.537244136523696056e+02
2.007087087087086955e-02 2.537241061814656859e+02
2.017327327327327405e-02 2.537237987105617663e+02
2.027567567567567508e-02 2.537234912396579034e+02
2.037807807807807958e-02 2.537231837687539837e+02
2.048048048048048062e-02 2.537228762978501209e+02
2.058288288288288165e-02 2.537225688269462012e+02
2.068528528528528615e-02 2.537222613560423383e+02
2.078768768768768718e-02 2.537219538851384186e+02
2.089009009009008822e-02 2.537216464142344989e+02
2.099249249249249272e-02 2.537213389433306361e+02
2.109489489489489375e-02 2.537210314724267164e+02
2.119729729729729825e-02 2.537207240015227967e+02
2.129969969969969928e-02 2.537204165306189338e+02
2.140210210210210032e-02 2.537201090597150142e+02
2.150450450450450482e-02 2.537198015888111229e+02
2.160690690690690585e-02 2.537194941179072316e+02
2.170930930930931035e-02 2.537191866470033403e+02
2.181171171171171139e-02 2.537188791760994491e+02
2.191411411411411242e-02 2.537185717051955294e+02
2.201651651651651692e-02 2.537182642342916665e+02
2.211891891891891795e-02 2.537179567633877468e+02
2.222132132132132246e-02 2.537176492924838556e+02
2.232372372372372349e-02 2.537173418215799643e+02
2.242612612612612452e-02 2.537170343506760730e+02
2.252852852852852902e-02 2.537167268797722102e+02
2.263093093093093006e-02 2.537164194088682905e+02
2.273333333333333456e-02 2.537161119379643992e+02
2.283573573573573559e-02 2.537158044670604795e+02
2.293813813813813662e-02 2.537154969961566167e+02
2.304054054054054113e-02 2.537151895252526970e+02
2.314294294294294216e-02 2.537148820543487773e+02
2.324534534534534666e-02 2.537145736882674782e+02
2.334774774774774769e-02 2.537142640991887674e+02
2.345015015015014873e-02 2.537139545101100282e+02
2.355255255255255323e-02 2.537136449210312890e+02
2.365495495495495426e-02 2.537133353319525781e+02
2.375735735735735876e-02 2.537130257428737821e+02
2.385975975975975980e-02 2.537127161537950428e+02
2.396216216216216083e-02 2.537123993425324784e+02
2.406456456456456533e-02 2.537120466853187395e+02
2.416696696696696636e-02 2.537116940281049722e+02
2.426936936936937086e-02 2.537113413708911764e+02
2.437177177177177190e-02 2.537109887136774091e+02
2.447417417417417293e-02 2.537106360564636134e+02
2.457657657657657743e-02 2.537102833992498461e+02
2.467897897897897846e-02 2.537099307420360503e+02
2.478138138138137950e-02 2.537095767730212685e+02
2.488378378378378400e-02 2.537092211423670562e+02
2.498618618618618503e-02 2.537088655117128440e+02
2.508858858858858953e-02 2.537085098810586032e+02
2.519099099099099057e-02 2.537081542504043910e+02
2.529339339339339160e-02 2.537077986197502071e+02
2.539579579579579610e-02 2.537074405934650940e+02
2.549819819819819713e-02 2.537070688343219729e+02
2.560060060060060164e-02 2.537066970751788233e+02
2.570300300300300267e-02 2.537063253160357021e+02
2.580540540540540370e-02 2.537059535568925810e+02
2.590780780780780820e-02 2.537055817977494314e+02
2.601021021021020924e-02 2.537052100386063103e+02
2.611261261261261374e-02 2.537048382794631891e+02
2.621501501501501477e-02 2.537044665203200395e+02
2.631741741741741580e-02 2.537040947611769184e+02
2.641981981981982031e-02 2.537037230020337688e+02
2.652222222222222134e-02 2.537033512428906477e+02
2.662462462462462584e-02 2.537029794837474981e+02
2.672702702702702687e-02 2.537026077246043769e+02
2.682942942942942791e-02 2.537022359654612558e+02
2.693183183183183241e-02 2.537018642063181062e+02
2.703423423423423344e-02 2.537014924471749850e+02
2.713663663663663794e-02 2.537011206880318639e+02
2.723903903903903898e-02 2.537007489288887427e+02
2.734144144144144001e-02 2.537003771697456216e+02
2.744384384384384451e-02 2.537000054106024436e+02
2.754624624624624554e-02 2.536996336514593224e+02
2.764864864864865004e-02 2.536992618923162013e+02
2.775105105105105108e-02 2.536988901331731086e+02
2.785345345345345211e-02 2.536985183740299590e+02
2.795585585585585661e-02 2.536981466148868662e+02
2.805825825825825764e-02 2.536977748557437167e+02
2.816066066066065868e-02 2.536974030966005671e+02
2.826306306306306318e-02 2.536970313374574175e+02
2.836546546546546421e-02 2.536966595783143248e+02
2.846786786786786871e-02 2.536962878191711752e+02
2.857027027027026975e-02 2.536959160600280256e+02
2.867267267267267078e-02 2.536955443008848761e+02
2.877507507507507528e-02 2.536951725417417833e+02
2.887747747747747631e-02 2.536948007825986338e+02
2.897987987987988082e-02 2.536944290234555410e+02
2.908228228228228185e-02 2.536940572643123915e+02
2.918468468468468288e-02 2.536936855051692419e+02
2.928708708708708738e-02 2.536933137460260923e+02
2.938948948948948842e-02 2.536929374480649813e+02
2.949189189189189292e-02 2.536925238122203723e+02
2.959429429429429395e-02 2.536921101763757918e+02
2.969669669669669498e-02 2.536916965405312112e+02
2.979909909909909949e-02 2.536912829046866591e+02
2.990150150150150052e-02 2.536908692688419933e+02
3.000390390390390502e-02 2.536904556329974412e+02
3.010630630630630605e-02 2.536900419971528322e+02
3.020870870870870709e-02 2.536896283613082232e+02
3.031111111111111159e-02 2.536892147254636711e+02
3.041351351351351262e-02 2.536888010896190622e+02
3.051591591591591712e-02 2.536883874537744532e+02
3.061831831831831816e-02 2.536879738179298442e+02
3.072072072072071919e-02 2.536875601820852353e+02
3.082312312312312369e-02 2.536871465462406547e+02
3.092552552552552472e-02 2.536867329103960742e+02
3.102792792792792922e-02 2.536863192745514937e+02
3.113033033033033026e-02 2.536859056387068847e+02
3.123273273273273129e-02 2.536854766346692713e+02
3.133513513513513232e-02 2.536850367573942435e+02
3.143753753753753682e-02 2.536845968801192441e+02
3.153993993993994133e-02 2.536841570028442163e+02
3.164234234234233889e-02 2.536837171255691601e+02
3.174474474474474339e-02 2.536832772482941323e+02
3.184714714714714789e-02 2.536828373710191329e+02
3.194954954954955240e-02 2.536823974937440767e+02
3.205195195195194996e-02 2.536819576164690488e+02
3.215435435435435446e-02 2.536815177391940210e+02
3.225675675675675896e-02 2.536810778619190216e+02
3.235915915915915653e-02 2.536806379846439654e+02
3.246156156156156103e-02 2.536801981073689376e+02
3.256396396396396553e-02 2.536797477615286311e+02
3.266636636636636309e-02 2.536792698528139454e+02
3.276876876876876760e-02 2.536787919440992027e+02
3.287117117117117210e-02 2.536783140353845170e+02
3.297357357357357660e-02 2.536778361266698028e+02
3.307597597597597416e-02 2.536773582179550885e+02
3.317837837837837867e-02 2.536768803092403743e+02
3.328078078078078317e-02 2.536764024005256601e+02
3.338318318318318073e-02 2.536759244918108891e+02
3.348558558558558523e-02 2.536754465830962317e+02
3.358798798798798974e-02 2.536749686743815175e+02
3.369039039039038730e-02 2.536744907656668033e+02
3.379279279279279180e-02 2.536740128569520891e+02
3.389519519519519630e-02 2.536735349482373181e+02
3.399759759759759387e-02 2.536730570395226039e+02
3.409999999999999837e-02 2.536725791308078897e+02
3.420240240240240287e-02 2.536721012220931755e+02
3.430480480480480737e-02 2.536716233133784613e+02
3.440720720720720494e-02 2.536711454046637471e+02
3.450960960960960944e-02 2.536706674959490329e+02
3.461201201201201394e-02 2.536701895872342902e+02
3.471441441441441150e-02 2.536697116785195476e+02
3.481681681681681600e-02 2.536692337698048334e+02
3.491921921921922051e-02 2.536687558610901760e+02
3.502162162162161807e-02 2.536682805077578280e+02
3.512402402402402257e-02 2.536678091940874253e+02
3.522642642642642707e-02 2.536673378804170795e+02
3.532882882882883158e-02 2.536668665667467053e+02
3.543123123123122914e-02 2.536663952530763311e+02
3.553363363363363364e-02 2.536659239394059284e+02
3.563603603603603814e-02 2.536654526257356110e+02
3.573843843843843571e-02 2.536649813120652084e+02
3.584084084084084021e-02 2.536645099983948342e+02
3.594324324324324471e-02 2.536640386847244883e+02
3.604564564564564227e-02 2.536635673710541141e+02
3.614804804804804678e-02 2.536630960573837115e+02
3.625045045045045128e-02 2.536626247437133941e+02
3.635285285285285578e-02 2.536621534300430199e+02
3.645525525525525334e-02 2.536616818427416433e+02
3.655765765765765785e-02 2.536612068519231400e+02
3.666006006006006235e-02 2.536607318611046082e+02
3.676246246246245991e-02 2.536602568702861333e+02
3.686486486486486441e-02 2.536597818794676016e+02
3.696726726726726892e-02 2.536593068886491267e+02
3.706966966966966648e-02 2.536588318978305949e+02
3.717207207207207098e-02 2.536583569070120916e+02
3.727447447447447548e-02 2.536578819161935598e+02
3.737687687687687998e-02 2.536574069253750849e+02
3.747927927927927755e-02 2.536569319345565248e+02
3.758168168168168205e-02 2.536564569437380783e+02
3.768408408408408655e-02 2.536559517545622100e+02
3.778648648648648412e-02 2.536554136409173168e+02
3.788888888888888862e-02 2.536548755272725373e+02
3.799129129129129312e-02 2.536543374136276725e+02
3.809369369369369068e-02 2.536537992999828077e+02
3.819609609609609518e-02 2.536532617285050151e+02
3.829849849849849969e-02 2.536527261119715320e+02
3.840090090090089725e-02 2.536521904954381341e+02
3.850330330330330175e-02 2.536516548789046794e+02
3.860570570570570625e-02 2.536511192623712247e+02
3.870810810810811076e-02 2.536505836458377985e+02
3.881051051051050832e-02 2.536500480293043722e+02
3.891291291291291282e-02 2.536495124127709175e+02
3.901531531531531732e-02 2.536489767962374628e+02
3.911771771771771489e-02 2.536484411797040082e+02
3.922012012012011939e-02 2.536479055631705819e+02
3.932252252252252389e-02 2.536473699466371556e+02
3.942492492492492145e-02 2.536468343301037009e+02
3.952732732732732596e-02 2.536462987135702463e+02
3.962972972972973046e-02 2.536457630970368200e+02
3.973213213213213496e-02 2.536452274805033937e+02
3.983453453453453252e-02 2.536446918639699390e+02
3.993693693693693703e-02 2.536441562474364844e+02
4.003933933933934153e-02 2.536436206309030581e+02
4.014174174174173909e-02 2.536430850143696034e+02
4.024414414414414359e-02 2.536425493978361487e+02
4.034654654654654810e-02 2.536420137813026940e+02
4.044894894894894566e-02 2.536414781647692678e+02
4.055135135135135016e-02 2.536409425482358131e+02
4.065375375375375466e-02 2.536404069317023868e+02
4.075615615615615916e-02 2.536398713151689606e+02
4.085855855855855673e-02 2.536393356986355059e+02
4.096096096096096123e-02 2.536388002404235067e+02
4.106336336336336573e-02 2.536382675877537167e+02
4.116576576576576330e-02 2.536377349350838699e+02
4.126816816816816780e-02 2.536372022824140799e+02
4.137057057057057230e-02 2.536366696297442900e+02
4.147297297297296986e-02 2.536361369770744716e+02
4.157537537537537436e-02 2.536356043244046248e+02
4.167777777777777887e-02 2.536350716717348064e+02
4.178018018018017643e-02 2.536345390190650448e+02
4.188258258258258093e-02 2.536340063663952265e+02
4.198498498498498543e-02 2.536334737137254365e+02
4.208738738738738994e-02 2.536329410610556465e+02
4.218978978978978750e-02 2.536324084083858281e+02
4.229219219219219200e-02 2.536318757557160097e+02
4.239459459459459650e-02 2.536313431030462198e+02
4.249699699699699407e-02 2.536308104503764298e+02
4.259939939939939857e-02 2.536302777977066114e+02
4.270180180180180307e-02 2.536297451450367930e+02
4.280420420420420063e-02 2.536292124923670031e+02
4.290660660660660514e-02 2.536286798396972131e+02
4.300900900900900964e-02 2.536280943365414942e+02
4.311141141141141414e-02 2.536274954620582776e+02
4.321381381381381170e-02 2.536268965875750041e+02
4.331621621621621621e-02 2.536262977993426659e+02
4.341861861861862071e-02 2.536256995696412275e+02
4.352102102102101827e-02 2.536251013399397891e+02
4.362342342342342277e-02 2.536245031102382939e+02
4.372582582582582728e-02 2.536239048805368554e+02
4.382822822822822484e-02 2.536233066508354170e+02
4.393063063063062934e-02 2.536227084211339786e+02
4.403303303303303384e-02 2.536221101914325402e+02
4.413543543543543834e-02 2.536215119617310734e+02
4.423783783783783591e-02 2.536209137320296350e+02
4.434024024024024041e-02 2.536203155023281681e+02
4.444264264264264491e-02 2.536197172726267297e+02
4.454504504504504248e-02 2.536191190429252913e+02
4.464744744744744698e-02 2.536185208132238529e+02
4.474984984984985148e-02 2.536179225835224145e+02
4.485225225225224904e-02 2.536173243538209761e+02
4.495465465465465354e-02 2.536167261241194808e+02
4.505705705705705805e-02 2.536161278944180424e+02
4.515945945945945561e-02 2.536155296647166040e+02
4.526186186186186011e-02 2.536149087526214601e+02
4.536426426426426461e-02 2.536142819626180369e+02
4.546666666666666912e-02 2.536136551726145285e+02
4.556906906906906668e-02 2.536130283826110485e+02
4.567147147147147118e-02 2.536124015926076538e+02
4.577387387387387568e-02 2.536117748026041738e+02
4.587627627627627325e-02 2.536111480126006938e+02
4.597867867867867775e-02 2.536105212225972423e+02
4.608108108108108225e-02 2.536098944325937907e+02
4.618348348348347981e-02 2.536092676425903392e+02
4.628588588588588432e-02 2.536086408525868592e+02
4.638828828828828882e-02 2.536080140625834076e+02
4.649069069069069332e-02 2.536073872725799561e+02
4.659309309309309088e-02 2.536067604825765045e+02
4.669549549549549539e-02 2.536061336925730529e+02
4.679789789789789989e-02 2.536055069025695730e+02
4.690030030030029745e-02 2.536048801125661498e+02
4.700270270270270195e-02 2.536042533225626698e+02
4.710510510510510646e-02 2.536036265325592467e+02
4.720750750750750402e-02 2.536029997425557667e+02
4.730990990990990852e-02 2.536023729525522867e+02
4.741231231231231302e-02 2.536017461625488636e+02
4.751471471471471753e-02 2.536011193725453836e+02
4.761711711711711509e-02 2.536004925825419321e+02
4.771951951951951959e-02 2.535998657925384805e+02
4.782192192192192409e-02 2.535992390025350005e+02
4.792432432432432166e-02 2.535986122125315489e+02
4.802672672672672616e-02 2.535979854225280974e+02
4.812912912912913066e-02 2.535973586325246458e+02
4.823153153153152822e-02 2.535967214191645667e+02
4.833393393393393273e-02 2.535960838842858891e+02
4.843633633633633723e-02 2.535954463494072684e+02
4.853873873873874173e-02 2.535948088145285908e+02
4.864114114114113929e-02 2.535941712796499132e+02
4.874354354354354379e-02 2.535935248716742763e+02
4.884594594594594830e-02 2.535928783604983039e+02
4.894834834834834586e-02 2.535922318493223884e+02
4.905075075075075036e-02 2.535915853381464728e+02
4.915315315315315486e-02 2.535909388269705005e+02
4.925555555555555243e-02 2.535902923157945565e+02
4.935795795795795693e-02 2.535896458046186126e+02
4.946036036036036143e-02 2.535889992934426687e+02
4.956276276276275899e-02 2.535883527822667247e+02
4.966516516516516350e-02 2.535877062710907524e+02
4.976756756756756800e-02 2.535870623642381361e+02
4.986996996996997250e-02 2.535864216814622694e+02
4.997237237237237006e-02 2.535857758021333552e+02
5.007477477477477457e-02 2.535850923522512801e+02
5.017717717717717907e-02 2.535844089023691765e+02
5.027957957957957663e-02 2.535837254524871582e+02
5.038198198198198113e-02 2.535830420026050547e+02
5.048438438438438564e-02 2.535823585527229511e+02
5.058678678678678320e-02 2.535816751028409044e+02
5.068918918918918770e-02 2.535809916529588008e+02
5.079159159159159220e-02 2.535803082030767541e+02
5.089399399399399671e-02 2.535796247531946506e+02
5.099639639639639427e-02 2.535789413033126038e+02
5.109879879879879877e-02 2.535782578534305287e+02
5.120120120120120327e-02 2.535775744035484252e+02
5.130360360360360084e-02 2.535768909536663500e+02
5.140600600600600534e-02 2.535762075037842465e+02
5.150840840840840984e-02 2.535755240539021429e+02
5.161081081081080740e-02 2.535748406040200962e+02
5.171321321321321191e-02 2.535741571541380210e+02
5.181561561561561641e-02 2.535734737042559459e+02
5.191801801801802091e-02 2.535727902543738423e+02
5.202042042042041847e-02 2.535721068044917956e+02
5.212282282282282297e-02 2.535714233546096921e+02
5.222522522522522748e-02 2.535707399047276738e+02
5.232762762762762504e-02 2.535700564548455702e+02
5.243003003003002954e-02 2.535693730049634667e+02
5.253243243243243404e-02 2.535686895550814199e+02
5.263483483483483161e-02 2.535680061051993448e+02
5.273723723723723611e-02 2.535673226553172412e+02
5.283963963963964061e-02 2.535666392054351377e+02
5.294204204204203817e-02 2.535659557555530625e+02
5.304444444444444268e-02 2.535652723056710158e+02
5.314684684684684718e-02 2.535645888557889123e+02
5.324924924924925168e-02 2.535639054059068371e+02
5.335165165165164924e-02 2.535632219560247336e+02
5.345405405405405375e-02 2.535625385061426869e+02
5.355645645645645825e-02 2.535618550562605833e+02
5.365885885885885581e-02 2.535611716063784797e+02
5.376126126126126031e-02 2.535604881564964046e+02
5.386366366366366482e-02 2.535598047066143295e+02
5.396606606606606238e-02 2.535591212567322543e+02
5.406846846846846688e-02 2.535584378068502360e+02
5.417087087087087138e-02 2.535577543569681325e+02
5.427327327327327589e-02 2.535570709070860573e+02
5.437567567567567345e-02 2.535563874572039538e+02
5.447807807807807795e-02 2.535557040073218502e+02
5.458048048048048245e-02 2.535550205574398035e+02
5.468288288288288002e-02 2.535543371075576999e+02
5.478528528528528452e-02 2.535536536576756248e+02
5.488768768768768902e-02 2.535529702077935212e+02
5.499009009009008658e-02 2.535522600618711238e+02
5.509249249249249109e-02 2.535515259943861111e+02
5.519489489489489559e-02 2.535507919269010699e+02
5.529729729729730009e-02 2.535500578594160572e+02
5.539969969969969765e-02 2.535493237919311014e+02
5.550210210210210215e-02 2.535485897244460602e+02
5.560450450450450666e-02 2.535478556569611044e+02
5.570690690690690422e-02 2.535471215894760633e+02
5.580930930930930872e-02 2.535463875219911074e+02
5.591171171171171322e-02 2.535456534545060947e+02
5.601411411411411079e-02 2.535449193870210820e+02
5.611651651651651529e-02 2.535441853195360977e+02
5.621891891891891979e-02 2.535434512520511134e+02
5.632132132132131735e-02 2.535427171845661292e+02
5.642372372372372186e-02 2.535419831170810880e+02
5.652612612612612636e-02 2.535412490495961038e+02
5.662852852852853086e-02 2.535405149821110626e+02
5.673093093093092842e-02 2.535397809146260784e+02
5.683333333333333293e-02 2.535390468471410941e+02
5.693573573573573743e-02 2.535383127796561098e+02
5.703813813813813499e-02 2.535375787121710971e+02
5.714054054054053949e-02 2.535368446446860844e+02
5.724294294294294400e-02 2.535361105772011001e+02
5.734534534534534156e-02 2.535353765097160590e+02
5.744774774774774606e-02 2.535346424422310747e+02
5.755015015015015056e-02 2.535339083747460620e+02
5.765255255255255507e-02 2.535331743072610777e+02
5.775495495495495263e-02 2.535324402397760650e+02
5.785735735735735713e-02 2.535317061722910807e+02
5.795975975975976163e-02 2.535309721048060965e+02
5.806216216216215920e-02 2.535302380373210838e+02
5.816456456456456370e-02 2.535295039698360995e+02
5.826696696696696820e-02 2.535287699023511152e+02
5.836936936936936576e-02 2.535280358348660741e+02
5.847177177177177027e-02 2.535273017673810614e+02
5.857417417417417477e-02 2.535265676998960771e+02
5.867657657657657927e-02 2.535258336324110928e+02
5.877897897897897683e-02 2.535250995649261085e+02
5.888138138138138133e-02 2.535243654974410674e+02
5.898378378378378584e-02 2.535236314299560831e+02
5.908618618618618340e-02 2.535228973624710989e+02
5.918858858858858790e-02 2.535221632949860862e+02
5.929099099099099240e-02 2.535214292275011019e+02
5.939339339339338997e-02 2.535206951600160892e+02
5.949579579579579447e-02 2.535199610925310765e+02
5.959819819819819897e-02 2.535192270250460922e+02
5.970060060060060347e-02 2.535184929575610795e+02
5.980300300300300104e-02 2.535177588900760952e+02
5.990540540540540554e-02 2.535170248225910825e+02
6.000780780780781004e-02 2.535162907551060982e+02
6.011021021021020760e-02 2.535155566876210855e+02
6.021261261261261211e-02 2.535148226201360444e+02
6.031501501501501661e-02 2.535140885526510601e+02
6.041741741741741417e-02 2.535133544851661043e+02
6.051981981981981867e-02 2.535126204176810916e+02
6.062222222222222318e-02 2.535118863501960789e+02
6.072462462462462074e-02 2.535111522827110662e+02
6.082702702702702524e-02 2.535104182152260819e+02
6.092942942942942974e-02 2.535096841477410976e+02
6.103183183183183425e-02 2.535089500802561133e+02
6.113423423423423181e-02 2.535082160127710722e+02
6.123663663663663631e-02 2.535074819452860879e+02
6.133903903903904081e-02 2.535067478778010752e+02
6.144144144144143838e-02 2.535060138103160625e+02
6.154384384384384288e-02 2.535052797428310782e+02
6.164624624624624738e-02 2.535045177033506434e+02
6.174864864864864494e-02 2.535037533609421985e+02
6.185105105105104945e-02 2.535029900078991147e+02
6.195345345345345395e-02 2.535022074881762819e+02
6.205585585585585845e-02 2.535014211406280253e+02
6.215825825825825601e-02 2.535006347930796551e+02
6.226066066066066051e-02 2.534998484455313701e+02
6.236306306306306502e-02 2.534990620979830283e+02
6.246546546546546258e-02 2.534982757504346864e+02
6.256786786786787402e-02 2.534974894028864014e+02
6.267027027027026465e-02 2.534967030553380027e+02
6.277267267267266915e-02 2.534959167077897462e+02
6.287507507507507365e-02 2.534951303602413759e+02
6.297747747747747815e-02 2.534943440126930909e+02
6.307987987987988265e-02 2.534935576651447775e+02
6.318228228228228716e-02 2.534927713175964641e+02
6.328468468468467778e-02 2.534919849700481222e+02
6.338708708708708228e-02 2.534911986224997804e+02
6.348948948948948678e-02 2.534904122749514954e+02
6.359189189189189129e-02 2.534896259274031820e+02
6.369429429429429579e-02 2.534888395798548686e+02
6.379669669669670029e-02 2.534880532323064983e+02
6.389909909909910479e-02 2.534872668847581849e+02
6.400150150150149542e-02 2.534864805372098999e+02
6.410390390390389992e-02 2.534856941896615297e+02
6.420630630630630442e-02 2.534849078421132447e+02
6.430870870870870892e-02 2.534841214945649028e+02
6.441111111111111343e-02 2.534833351470165894e+02
6.451351351351351793e-02 2.534825487994682476e+02
6.461591591591590855e-02 2.534817624519199342e+02
6.471831831831831305e-02 2.534809761043716207e+02
6.482072072072071756e-02 2.534801897568232505e+02
6.492312312312312206e-02 2.534794034092749939e+02
6.502552552552552656e-02 2.534786170617266237e+02
6.512792792792793106e-02 2.534778307141783102e+02
6.523033033033033556e-02 2.534770443666299684e+02
6.533273273273272619e-02 2.534762580190816550e+02
6.543513513513513069e-02 2.534754716715333416e+02
6.553753753753753519e-02 2.534746853239849713e+02
6.563993993993993969e-02 2.534738989764367147e+02
6.574234234234234420e-02 2.534731126288883445e+02
6.584474474474474870e-02 2.534723262813400027e+02
6.594714714714715320e-02 2.534715399337917177e+02
6.604954954954954383e-02 2.534707535862433758e+02
6.615195195195194833e-02 2.534699672386950908e+02
6.625435435435435283e-02 2.534691856904703400e+02
6.635675675675675733e-02 2.534684056680330286e+02
6.645915915915916183e-02 2.534676256455957173e+02
6.656156156156156634e-02 2.534668456231584344e+02
6.666396396396395696e-02 2.534660656007211230e+02
6.676636636636636146e-02 2.534652796627338773e+02
6.686876876876876596e-02 2.534644710573638235e+02
6.697117117117117047e-02 2.534636624519937413e+02
6.707357357357357497e-02 2.534628372608826226e+02
6.717597597597597947e-02 2.534620090807087820e+02
6.727837837837838397e-02 2.534611809005349130e+02
6.738078078078077460e-02 2.534603527203610724e+02
6.748318318318317910e-02 2.534595184447502731e+02
6.758558558558558360e-02 2.534586826517751490e+02
6.768798798798798810e-02 2.534578468588000248e+02
6.779039039039039261e-02 2.534570110658249575e+02
6.789279279279279711e-02 2.534561752728498618e+02
6.799519519519518773e-02 2.534553394798747377e+02
6.809759759759759223e-02 2.534545055746707192e+02
6.819999999999999674e-02 2.534536725148134906e+02
6.830240240240240124e-02 2.534528394549562904e+02
6.840480480480480574e-02 2.534520063950990902e+02
6.850720720720721024e-02 2.534511733352419185e+02
6.860960960960961474e-02 2.534503402753847183e+02
6.871201201201200537e-02 2.534495072155275466e+02
6.881441441441440987e-02 2.534486741556703180e+02
6.891681681681681437e-02 2.534478410958131462e+02
6.901921921921921887e-02 2.534470080359559461e+02
6.912162162162162338e-02 2.534461749760987459e+02
6.922402402402402788e-02 2.534453419162415457e+02
6.932642642642643238e-02 2.534445088563843456e+02
6.942882882882882301e-02 2.534436757965272022e+02
6.953123123123122751e-02 2.534428427366700021e+02
6.963363363363363201e-02 2.534420096768127735e+02
6.973603603603603651e-02 2.534411766169555733e+02
6.983843843843844101e-02 2.534403435570984016e+02
6.994084084084084552e-02 2.534395104972412014e+02
7.004324324324323614e-02 2.534386774373840012e+02
7.014564564564564064e-02 2.534378443775268011e+02
7.024804804804804514e-02 2.534370113176696009e+02
7.035045045045044965e-02 2.534361782578124007e+02
7.045285285285285415e-02 2.534353451979552005e+02
7.055525525525525865e-02 2.534345121380980288e+02
7.065765765765766315e-02 2.534336790782408286e+02
7.076006006006005378e-02 2.534328460183836285e+02
7.086246246246245828e-02 2.534320129585264283e+02
7.096486486486486278e-02 2.534311798986692565e+02
7.106726726726726728e-02 2.534303468388120564e+02
7.116966966966967179e-02 2.534295137789548562e+02
7.127207207207207629e-02 2.534286807190976560e+02
7.137447447447446691e-02 2.534278476592404559e+02
7.147687687687687141e-02 2.534270145993832557e+02
7.157927927927927592e-02 2.534261815395260555e+02
7.168168168168168042e-02 2.534253484796688554e+02
7.178408408408408492e-02 2.534245154198117120e+02
7.188648648648648942e-02 2.534236823599544834e+02
7.198888888888889392e-02 2.534228493000973117e+02
7.209129129129128455e-02 2.534220162402400831e+02
7.219369369369368905e-02 2.534211831803829114e+02
7.229609609609609355e-02 2.534203501205257112e+02
7.239849849849849805e-02 2.534195170606684826e+02
7.250090090090090256e-02 2.534186840008113109e+02
7.260330330330330706e-02 2.534178509409541107e+02
7.270570570570571156e-02 2.534170200406418303e+02
7.280810810810810219e-02 2.534161834955970960e+02
7.291051051051050669e-02 2.534153178919094387e+02
7.301291291291291119e-02 2.534144522882216961e+02
7.311531531531531569e-02 2.534135866845340388e+02
7.321771771771772019e-02 2.534127210808463531e+02
7.332012012012012470e-02 2.534118554771586673e+02
7.342252252252251532e-02 2.534109898734709816e+02
7.352492492492491982e-02 2.534101242697833243e+02
7.362732732732732432e-02 2.534092586660956101e+02
7.372972972972972883e-02 2.534083930624078960e+02
7.383213213213213333e-02 2.534075274587202102e+02
7.393453453453453783e-02 2.534066618550325529e+02
7.403693693693694233e-02 2.534057962513448672e+02
7.413933933933933296e-02 2.534049306476571815e+02
7.424174174174173746e-02 2.534040650439694957e+02
7.434414414414414196e-02 2.534031994402818100e+02
7.444654654654654646e-02 2.534023338365940958e+02
7.454894894894895097e-02 2.534014682329064385e+02
7.465135135135135547e-02 2.534006026292187528e+02
7.475375375375375997e-02 2.533997370255310386e+02
7.485615615615615059e-02 2.533988714218433529e+02
7.495855855855855510e-02 2.533980058181556672e+02
7.506096096096095960e-02 2.533971402144679814e+02
7.516336336336336410e-02 2.533962746107803241e+02
7.526576576576576860e-02 2.533954090070926100e+02
7.536816816816817310e-02 2.533945434034049242e+02
7.547057057057056373e-02 2.533936777997172385e+02
7.557297297297296823e-02 2.533928121960295243e+02
7.567537537537537273e-02 2.533919465923418670e+02
7.577777777777777724e-02 2.533910809886541529e+02
7.588018018018018174e-02 2.533902153849664955e+02
7.598258258258258624e-02 2.533893497812788098e+02
7.608498498498499074e-02 2.533884822416507632e+02
7.618738738738738137e-02 2.533876102027863340e+02
7.628978978978978587e-02 2.533867381639219047e+02
7.639219219219219037e-02 2.533858661250574471e+02
7.649459459459459487e-02 2.533849940861929895e+02
7.659699699699699937e-02 2.533841220473285318e+02
7.669939939939940388e-02 2.533832500084640742e+02
7.680180180180179450e-02 2.533823779695996450e+02
7.690420420420419900e-02 2.533815059307352158e+02
7.700660660660660350e-02 2.533806338918707581e+02
7.710900900900900801e-02 2.533797618530063289e+02
7.721141141141141251e-02 2.533788898141418713e+02
7.731381381381381701e-02 2.533780177752774421e+02
7.741621621621622151e-02 2.533771457364129844e+02
7.751861861861861214e-02 2.533762736975485268e+02
7.762102102102101664e-02 2.533754016586840976e+02
7.772342342342342114e-02 2.533745296198196684e+02
7.782582582582582564e-02 2.533736575809552107e+02
7.792822822822823015e-02 2.533727860093753179e+02
7.803063063063063465e-02 2.533719173257933051e+02
7.813303303303303915e-02 2.533710331019322837e+02
7.823543543543542977e-02 2.533701354771058050e+02
7.833783783783783428e-02 2.533692245029260448e+02
7.844024024024023878e-02 2.533683135287462846e+02
7.854264264264264328e-02 2.533674025545665245e+02
7.864504504504504778e-02 2.533664915803867643e+02
7.874744744744745228e-02 2.533655806062070326e+02
7.884984984984984291e-02 2.533646696320272440e+02
7.895225225225224741e-02 2.533637586578474838e+02
7.905465465465465191e-02 2.533628476836677805e+02
7.915705705705705642e-02 2.533619367094879635e+02
7.925945945945946092e-02 2.533610257353082602e+02
7.936186186186186542e-02 2.533601147611284716e+02
7.946426426426426992e-02 2.533592037869486830e+02
7.956666666666666055e-02 2.533582928127689513e+02
7.966906906906906505e-02 2.533573818385891627e+02
7.977147147147146955e-02 2.533564708644094594e+02
7.987387387387387405e-02 2.533555598902296992e+02
7.997627627627627855e-02 2.533546489160499391e+02
8.007867867867868306e-02 2.533537379418701789e+02
8.018108108108107368e-02 2.533528269676903903e+02
8.028348348348347818e-02 2.533519159935106586e+02
8.038588588588588268e-02 2.533510050193308984e+02
8.048828828828828719e-02 2.533500940451511383e+02
8.059069069069069169e-02 2.533491830709713781e+02
8.069309309309309619e-02 2.533482720967916464e+02
8.079549549549550069e-02 2.533473611226118862e+02
8.089789789789789132e-02 2.533464501484321261e+02
8.100030030030029582e-02 2.533455391742523091e+02
8.110270270270270032e-02 2.533446282000725773e+02
8.120510510510510482e-02 2.533437172258928740e+02
8.130750750750750933e-02 2.533428062517131139e+02
8.140990990990991383e-02 2.533418952775333253e+02
8.151231231231231833e-02 2.533409843033535651e+02
8.161471471471470895e-02 2.533400733291738334e+02
8.171711711711711346e-02 2.533391623549940732e+02
8.181951951951951796e-02 2.533382513808142846e+02
8.192192192192192246e-02 2.533373404066345529e+02
8.202432432432432696e-02 2.533364294324547927e+02
8.212672672672673146e-02 2.533355184582750326e+02
8.222912912912912209e-02 2.533346074840952724e+02
8.233153153153152659e-02 2.533336965099154838e+02
8.243393393393393109e-02 2.533327855357357521e+02
8.253633633633633560e-02 2.533318745615559919e+02
8.263873873873874010e-02 2.533309635873762318e+02
8.274114114114114460e-02 2.533300526131964716e+02
8.284354354354354910e-02 2.533291416390167399e+02
8.294594594594593973e-02 2.533282247316926430e+02
8.304834834834834423e-02 2.533273003452433159e+02
8.315075075075074873e-02 2.533263759170945377e+02
8.325315315315315323e-02 2.533254514889458164e+02
8.335555555555555773e-02 2.533245270607970667e+02
8.345795795795796224e-02 2.533236026326483454e+02
8.356036036036035286e-02 2.533226782044996241e+02
8.366276276276275736e-02 2.533217537763508460e+02
8.376516516516516186e-02 2.533208293482021247e+02
8.386756756756756637e-02 2.533199049200533750e+02
8.396996996996997087e-02 2.533189804919046537e+02
8.407237237237237537e-02 2.533180560637558472e+02
8.417477477477477987e-02 2.533171316356071259e+02
8.427717717717717050e-02 2.533162072074584046e+02
8.437957957957957500e-02 2.533152827793096549e+02
8.448198198198197950e-02 2.533143583511609052e+02
8.458438438438438400e-02 2.533134339230121554e+02
8.468678678678678851e-02 2.533125094948634342e+02
8.478918918918919301e-02 2.533115850667146844e+02
8.489159159159159751e-02 2.533106606385659632e+02
8.499399399399398813e-02 2.533097362104171850e+02
8.509639639639639264e-02 2.533088117822684353e+02
8.519879879879879714e-02 2.533078873541196856e+02
8.530120120120120164e-02 2.533069629259709359e+02
8.540360360360360614e-02 2.533060384978222146e+02
8.550600600600601064e-02 2.533051140696734649e+02
8.560840840840840127e-02 2.533041896415247436e+02
8.571081081081080577e-02 2.533032652133759939e+02
8.581321321321321027e-02 2.533023407852272726e+02
8.591561561561561478e-02 2.533014163570784945e+02
8.601801801801801928e-02 2.533004919289297447e+02
8.612042042042042378e-02 2.532995675007810235e+02
8.622282282282282828e-02 2.532986430726322453e+02
8.632522522522521891e-02 2.532977186444834956e+02
8.642762762762762341e-02 2.532967942163347459e+02
8.653003003003002791e-02 2.532958697881860246e+02
8.663243243243243241e-02 2.532949453600373033e+02
8.673483483483483691e-02 2.532940209318885252e+02
8.683723723723724142e-02 2.532930965037397755e+02
8.693963963963963204e-02 2.532921720755910258e+02
8.704204204204203654e-02 2.532912476474423045e+02
8.714444444444444104e-02 2.532903232192935548e+02
8.724684684684684555e-02 2.532893987911448335e+02
8.734924924924925005e-02 2.532884743629960553e+02
8.745165165165165455e-02 2.532875499348473340e+02
8.755405405405405905e-02 2.532866255066985559e+02
8.765645645645644968e-02 2.532857010785498346e+02
8.775885885885885418e-02 2.532847766504011133e+02
8.786126126126125868e-02 2.532838522222523352e+02
8.796366366366366318e-02 2.532829277941036139e+02
8.806606606606606769e-02 2.532820033659548642e+02
8.816846846846847219e-02 2.532810789378061429e+02
8.827087087087087669e-02 2.532801545096573363e+02
8.837327327327326731e-02 2.532792300815086151e+02
8.847567567567567182e-02 2.532783056533598653e+02
8.857807807807807632e-02 2.532773812252111441e+02
8.868048048048048082e-02 2.532764567970623943e+02
8.878288288288288532e-02 2.532755323689136446e+02
8.888528528528528982e-02 2.532746079407648949e+02
8.898768768768768045e-02 2.532736835126161736e+02
8.909009009009008495e-02 2.532727540604795422e+02
8.919249249249248945e-02 2.532718160746039473e+02
8.929489489489489396e-02 2.532708780887283240e+02
8.939729729729729846e-02 2.532699385919702024e+02
8.949969969969970296e-02 2.532689931756125361e+02
8.960210210210210746e-02 2.532680477592548982e+02
8.970450450450449809e-02 2.532671023428972887e+02
8.980690690690690259e-02 2.532661569265396224e+02
8.990930930930930709e-02 2.532652115101820129e+02
9.001171171171171159e-02 2.532642660938243750e+02
9.011411411411411609e-02 2.532633194514491208e+02
9.021651651651652060e-02 2.532623725603552032e+02
9.031891891891891122e-02 2.532614256692613992e+02
9.042132132132131572e-02 2.532604787781675100e+02
9.052372372372372022e-02 2.532595318870736207e+02
9.062612612612612473e-02 2.532585849959797883e+02
9.072852852852852923e-02 2.532576381048859275e+02
9.083093093093093373e-02 2.532566912137920951e+02
9.093333333333333823e-02 2.532557443226982059e+02
9.103573573573572886e-02 2.532547974316043451e+02
9.113813813813813336e-02 2.532538505405105127e+02
9.124054054054053786e-02 2.532529036494166235e+02
9.134294294294294236e-02 2.532519567583227342e+02
9.144534534534534687e-02 2.532510098672288734e+02
9.154774774774775137e-02 2.532500629761350126e+02
9.165015015015015587e-02 2.532491160850411518e+02
9.175255255255254649e-02 2.532481691939472626e+02
9.185495495495495100e-02 2.532472228062637782e+02
9.195735735735735550e-02 2.532462764360929555e+02
9.205975975975976000e-02 2.532453300659220758e+02
9.216216216216216450e-02 2.532443836957511962e+02
9.226456456456456900e-02 2.532434373255803735e+02
9.236696696696695963e-02 2.532424909554095223e+02
9.246936936936936413e-02 2.532415445852386711e+02
9.257177177177176863e-02 2.532405982150677914e+02
9.267417417417417314e-02 2.532396518448969402e+02
9.277657657657657764e-02 2.532387054747260891e+02
9.287897897897898214e-02 2.532377591045552663e+02
9.298138138138138664e-02 2.532368127343843582e+02
9.308378378378377727e-02 2.532358663642135070e+02
9.318618618618618177e-02 2.532349199940426843e+02
9.328858858858858627e-02 2.532339736238718046e+02
9.339099099099099077e-02 2.532330272537009819e+02
9.349339339339339527e-02 2.532320808835301023e+02
9.359579579579579978e-02 2.532311345133592226e+02
9.369819819819819040e-02 2.532301881431883999e+02
9.380060060060059490e-02 2.532292417730175202e+02
9.390300300300299940e-02 2.532282954028466975e+02
9.400540540540540391e-02 2.532273490326758179e+02
9.410780780780780841e-02 2.532264026625049667e+02
9.421021021021021291e-02 2.532254562923341155e+02
9.431261261261261741e-02 2.532245099221632358e+02
9.441501501501500804e-02 2.532235635519924131e+02
9.451741741741741254e-02 2.532226171818215334e+02
9.461981981981981704e-02 2.532216708116507107e+02
9.472222222222222154e-02 2.532207244414798311e+02
9.482462462462462605e-02 2.532197780713089799e+02
9.492702702702703055e-02 2.532188317011381287e+02
9.502942942942943505e-02 2.532178853309672490e+02
9.513183183183182567e-02 2.532169389607963979e+02
9.523423423423423018e-02 2.532159925906255467e+02
9.533663663663663468e-02 2.532150462204546955e+02
9.543903903903903918e-02 2.532140998502838443e+02
9.554144144144144368e-02 2.532131532336476027e+02
9.564384384384384818e-02 2.532122016651222793e+02
9.574624624624623881e-02 2.532112500965968707e+02
9.584864864864864331e-02 2.532102985280715757e+02
9.595105105105104781e-02 2.532093469595461954e+02
9.605345345345345232e-02 2.532083953910208436e+02
9.615585585585585682e-02 2.532074438224955202e+02
9.625825825825826132e-02 2.532064896409378036e+02
9.636066066066066582e-02 2.532055315134035709e+02
9.646306306306305645e-02 2.532045733858693666e+02
9.656546546546546095e-02 2.532036152583351623e+02
9.666786786786786545e-02 2.532026571308009579e+02
9.677027027027026995e-02 2.532016990032667252e+02
9.687267267267267445e-02 2.532007408757324924e+02
9.697507507507507896e-02 2.531997827481982881e+02
9.707747747747748346e-02 2.531988246206640554e+02
9.717987987987987408e-02 2.531978664931298511e+02
9.728228228228227858e-02 2.531969083655956183e+02
9.738468468468468309e-02 2.531959502380614140e+02
9.748708708708708759e-02 2.531949921105271528e+02
9.758948948948949209e-02 2.531940339829929769e+02
9.769189189189189659e-02 2.531930758554587158e+02
9.779429429429428722e-02 2.531921180583559021e+02
9.789669669669669172e-02 2.531911606638471426e+02
9.799909909909909622e-02 2.531902032693384115e+02
9.810150150150150072e-02 2.531892458748296804e+02
9.820390390390390523e-02 2.531882884803209208e+02
9.830630630630630973e-02 2.531873310858121613e+02
9.840870870870871423e-02 2.531863736913034586e+02
9.851111111111110485e-02 2.531854162967946991e+02
9.861351351351350936e-02 2.531844590372513153e+02
9.871591591591591386e-02 2.531835018417721130e+02
9.881831831831831836e-02 2.531825446462929108e+02
9.892072072072072286e-02 2.531815874508137085e+02
9.902312312312312736e-02 2.531806302553345063e+02
9.912552552552551799e-02 2.531796730598553040e+02
9.922792792792792249e-02 2.531787158643761018e+02
9.933033033033032699e-02 2.531777586688968995e+02
9.943273273273273150e-02 2.531768014734176973e+02
9.953513513513513600e-02 2.531758442779384950e+02
9.963753753753754050e-02 2.531748870824592927e+02
9.973993993993994500e-02 2.531739298869800905e+02
9.984234234234233563e-02 2.531729726915008882e+02
9.994474474474474013e-02 2.531720154960216860e+02
1.000471471471471446e-01 2.531710583005424837e+02
1.001495495495495491e-01 2.531701011050632530e+02
1.002519519519519536e-01 2.531691439095840792e+02
1.003543543543543581e-01 2.531681867141048770e+02
1.004567567567567626e-01 2.531672295186256747e+02
1.005591591591591533e-01 2.531662723231464724e+02
1.006615615615615578e-01 2.531653151276672133e+02
1.007639639639639623e-01 2.531643579321880679e+02
1.008663663663663668e-01 2.531634007367088657e+02
1.009687687687687713e-01 2.531624435412296634e+02
1.010711711711711758e-01 2.531614863457504612e+02
1.011735735735735664e-01 2.531605291502712589e+02
1.012759759759759709e-01 2.531595719547920567e+02
1.013783783783783754e-01 2.531586147593128544e+02
1.014807807807807799e-01 2.531576575638336521e+02
1.015831831831831844e-01 2.531567003683544215e+02
1.016855855855855889e-01 2.531557431728752192e+02
1.017879879879879934e-01 2.531547859773960454e+02
1.018903903903903840e-01 2.531538287819168147e+02
1.019927927927927885e-01 2.531528715864376409e+02
1.020951951951951930e-01 2.531519143909584102e+02
1.021975975975975975e-01 2.531509571954792079e+02
1.023000000000000020e-01 2.531500000000000341e+02
