LineProbe
number of points: 1000 (fixed)
point 0: [0. 0. 0.]
point 1: [0.875 0.    0.   ]
-----

# T 1000
0.000000000000000000e+00 2.742709660413455595e+02
8.758758758758758683e-04 2.742869187728196607e+02
1.751751751751751737e-03 2.743028715042937051e+02
2.627627627627627388e-03 2.743187268196573427e+02
3.503503503503503473e-03 2.743341355609105676e+02
4.379379379379379558e-03 2.743495443021637925e+02
5.255255255255254776e-03 2.743649530434169606e+02
6.131131131131130861e-03 2.743803617846701854e+02
7.007007007007006946e-03 2.743957705259234103e+02
7.882882882882882164e-03 2.744111792671766352e+02
8.758758758758759116e-03 2.744265880084298033e+02
9.634634634634634334e-03 2.744419967496830850e+02
1.051051051051050955e-02 2.744574054909362530e+02
1.138638638638638650e-02 2.744728142321894211e+02
1.226226226226226172e-02 2.744889506900105403e+02
1.313813813813813867e-02 2.745054651765644280e+02
1.401401401401401389e-02 2.745219796631182589e+02
1.488988988988988911e-02 2.745384941496720899e+02
1.576576576576576433e-02 2.745550086362259208e+02
1.664164164164164128e-02 2.745715231227797517e+02
1.751751751751751823e-02 2.745880376093335826e+02
1.839339339339339172e-02 2.746044676232139068e+02
1.926926926926926867e-02 2.746200121236827840e+02
2.014514514514514562e-02 2.746355566241516044e+02
2.102102102102101910e-02 2.746511011246204816e+02
2.189689689689689606e-02 2.746666938021725173e+02
2.277277277277277301e-02 2.746823628868355627e+02
2.364864864864864996e-02 2.746975356228554119e+02
2.452452452452452344e-02 2.747125333673719751e+02
2.540040040040040040e-02 2.747275311118885952e+02
2.627627627627627735e-02 2.747425288564052153e+02
2.715215215215215083e-02 2.747575266009217785e+02
2.802802802802802778e-02 2.747725243454383985e+02
2.890390390390390474e-02 2.747875220899550186e+02
2.977977977977977822e-02 2.748025198344716387e+02
3.065565565565565517e-02 2.748175175789882587e+02
3.153153153153152866e-02 2.748325153235048788e+02
3.240740740740740561e-02 2.748475130680214988e+02
3.328328328328328256e-02 2.748625108125380621e+02
3.415915915915915951e-02 2.748775045531829164e+02
3.503503503503503647e-02 2.748924636927386018e+02
3.591091091091091342e-02 2.749074228322944009e+02
3.678678678678678343e-02 2.749223819718500863e+02
3.766266266266266038e-02 2.749373411114058285e+02
3.853853853853853734e-02 2.749523002509615708e+02
3.941441441441441429e-02 2.749672593905172562e+02
4.029029029029029124e-02 2.749822185300729984e+02
4.116616616616616819e-02 2.749980144192358580e+02
4.204204204204203821e-02 2.750141581013889436e+02
4.291791791791791516e-02 2.750307560257876389e+02
4.379379379379379211e-02 2.750473539501863343e+02
4.466966966966966907e-02 2.750639518745850296e+02
4.554554554554554602e-02 2.750805497989836681e+02
4.642142142142142297e-02 2.750971477233824203e+02
4.729729729729729992e-02 2.751137456477810588e+02
4.817317317317316994e-02 2.751303435721797541e+02
4.904904904904904689e-02 2.751469414965784495e+02
4.992492492492492384e-02 2.751635394209771448e+02
5.080080080080080079e-02 2.751792355699133168e+02
5.167667667667667775e-02 2.751943414153170124e+02
5.255255255255255470e-02 2.752094472607207081e+02
5.342842842842842471e-02 2.752245531061244037e+02
5.430430430430430166e-02 2.752396589515280994e+02
5.518018018018017862e-02 2.752547647969318518e+02
5.605605605605605557e-02 2.752699968194116309e+02
5.693193193193193252e-02 2.752852931475575815e+02
5.780780780780780947e-02 2.753005894757034753e+02
5.868368368368368643e-02 2.753158858038493690e+02
5.955955955955955644e-02 2.753311821319953197e+02
6.043543543543543339e-02 2.753464784601412134e+02
6.131131131131131035e-02 2.753617747882871640e+02
6.218718718718718730e-02 2.753770711164330578e+02
6.306306306306305731e-02 2.753923674445789516e+02
6.393893893893894120e-02 2.754076637727248453e+02
6.481481481481481122e-02 2.754229487454750824e+02
6.569069069069069511e-02 2.754381706668319225e+02
6.656656656656656512e-02 2.754533925881887626e+02
6.744244244244243514e-02 2.754686145095456595e+02
6.831831831831831903e-02 2.754838364309024996e+02
6.919419419419418904e-02 2.754990583522593397e+02
7.007007007007007293e-02 2.755132519514893943e+02
7.094594594594594295e-02 2.755245879333749599e+02
7.182182182182182684e-02 2.755359239152604687e+02
7.269769769769769685e-02 2.755472598971460343e+02
7.357357357357356686e-02 2.755585958790315999e+02
7.444944944944945076e-02 2.755704881575348963e+02
7.532532532532532077e-02 2.755831665481022696e+02
7.620120120120120466e-02 2.755958449386696429e+02
7.707707707707707467e-02 2.756086515603397515e+02
7.795295295295295857e-02 2.756225244568043422e+02
7.882882882882882858e-02 2.756363973532689329e+02
7.970470470470469859e-02 2.756502702497335804e+02
8.058058058058058248e-02 2.756641431461981142e+02
8.145645645645645250e-02 2.756780160426627617e+02
8.233233233233233639e-02 2.756918889391273524e+02
8.320820820820820640e-02 2.757057618355919431e+02
8.408408408408407642e-02 2.757196347320565337e+02
8.495995995995996031e-02 2.757335076285211812e+02
8.583583583583583032e-02 2.757467289714476237e+02
8.671171171171171421e-02 2.757578023466961668e+02
8.758758758758758423e-02 2.757688757219445961e+02
8.846346346346346812e-02 2.757799490971930823e+02
8.933933933933933813e-02 2.757910224724415684e+02
9.021521521521520814e-02 2.758020958476900546e+02
9.109109109109109204e-02 2.758131617569852665e+02
9.196696696696696205e-02 2.758241557982427139e+02
9.284284284284284594e-02 2.758351498395001045e+02
9.371871871871871595e-02 2.758461438807575519e+02
9.459459459459459985e-02 2.758571379220149424e+02
9.547047047047046986e-02 2.758681319632723898e+02
9.634634634634633987e-02 2.758791260045297804e+02
9.722222222222222376e-02 2.758901200457872278e+02
9.809809809809809378e-02 2.759011140870446752e+02
9.897397397397397767e-02 2.759121081283020658e+02
9.984984984984984768e-02 2.759231021695595132e+02
1.007257257257257316e-01 2.759340962108169606e+02
1.016016016016016016e-01 2.759450902520743512e+02
1.024774774774774716e-01 2.759560842933317417e+02
1.033533533533533555e-01 2.759670783345891891e+02
1.042292292292292255e-01 2.759783802125843408e+02
1.051051051051051094e-01 2.759899333238508916e+02
1.059809809809809794e-01 2.760025842714703685e+02
1.068568568568568494e-01 2.760152352190898455e+02
1.077327327327327333e-01 2.760278861667093224e+02
1.086086086086086033e-01 2.760405371143288562e+02
1.094844844844844872e-01 2.760531880619483900e+02
1.103603603603603572e-01 2.760658390095678669e+02
1.112362362362362411e-01 2.760784899571873439e+02
1.121121121121121111e-01 2.760911409048068208e+02
1.129879879879879812e-01 2.761037918524262977e+02
1.138638638638638650e-01 2.761159946583464375e+02
1.147397397397397351e-01 2.761276350679041798e+02
1.156156156156156189e-01 2.761392754774618652e+02
1.164914914914914890e-01 2.761509158870195506e+02
1.173673673673673729e-01 2.761625562965772360e+02
1.182432432432432429e-01 2.761741967061349214e+02
1.191191191191191129e-01 2.761858371156926069e+02
1.199949949949949968e-01 2.761974775252503491e+02
1.208708708708708668e-01 2.762091179348079777e+02
1.217467467467467507e-01 2.762207583443657199e+02
1.226226226226226207e-01 2.762323987539234054e+02
1.234984984984984907e-01 2.762427070202095365e+02
1.243743743743743746e-01 2.762525946491603008e+02
1.252502502502502446e-01 2.762624822781110652e+02
1.261261261261261146e-01 2.762723699070618864e+02
1.270020020020020124e-01 2.762822575360125938e+02
1.278778778778778824e-01 2.762921451649634150e+02
1.287537537537537524e-01 2.763020327939141225e+02
1.296296296296296224e-01 2.763119204228649437e+02
1.305055055055054924e-01 2.763218080518157080e+02
1.313813813813813902e-01 2.763316956807664155e+02
1.322572572572572602e-01 2.763419474736557504e+02
1.331331331331331302e-01 2.763523359281970784e+02
1.340090090090090003e-01 2.763627243827384063e+02
1.348848848848848703e-01 2.763731128372796775e+02
1.357607607607607680e-01 2.763835012918210055e+02
1.366366366366366381e-01 2.763938897463623334e+02
1.375125125125125081e-01 2.764042782009036614e+02
1.383883883883883781e-01 2.764146666554449325e+02
1.392642642642642758e-01 2.764238587098308244e+02
1.401401401401401459e-01 2.764327322011560568e+02
1.410160160160160159e-01 2.764416056924812892e+02
1.418918918918918859e-01 2.764504791838065785e+02
1.427677677677677559e-01 2.764593526751318109e+02
1.436436436436436537e-01 2.764682261664571001e+02
1.445195195195195237e-01 2.764770996577823325e+02
1.453953953953953937e-01 2.764859731491076218e+02
1.462712712712712637e-01 2.764948466404328542e+02
1.471471471471471337e-01 2.765037201317582003e+02
1.480230230230230315e-01 2.765125936230833759e+02
1.488988988988989015e-01 2.765214671144086651e+02
1.497747747747747715e-01 2.765303406057339544e+02
1.506506506506506415e-01 2.765392140970592436e+02
1.515265265265265116e-01 2.765480875883844760e+02
1.524024024024024093e-01 2.765569610797097084e+02
1.532782782782782793e-01 2.765658345710349977e+02
1.541541541541541493e-01 2.765747080623602301e+02
1.550300300300300194e-01 2.765827067486128499e+02
1.559059059059059171e-01 2.765902761887916768e+02
1.567817817817817871e-01 2.765986934977101441e+02
1.576576576576576572e-01 2.766067647698200176e+02
1.585335335335335272e-01 2.766142951381325474e+02
1.594094094094093972e-01 2.766218255064450773e+02
1.602852852852852950e-01 2.766293558747576071e+02
1.611611611611611650e-01 2.766368862430701370e+02
1.620370370370370350e-01 2.766444166113826668e+02
1.629129129129129050e-01 2.766519469796951967e+02
1.637887887887887750e-01 2.766594773480077265e+02
1.646646646646646728e-01 2.766670077163203132e+02
1.655405405405405428e-01 2.766745380846328430e+02
1.664164164164164128e-01 2.766820684529453729e+02
1.672922922922922828e-01 2.766895988212579027e+02
1.681681681681681528e-01 2.766971291895704326e+02
1.690440440440440506e-01 2.767046595578829624e+02
1.699199199199199206e-01 2.767121899261954923e+02
1.707957957957957906e-01 2.767196076707255656e+02
1.716716716716716606e-01 2.767270217788332047e+02
1.725475475475475584e-01 2.767344358869408438e+02
1.734234234234234284e-01 2.767418499950484829e+02
1.742992992992992984e-01 2.767492641031560652e+02
1.751751751751751685e-01 2.767566782112637611e+02
1.760510510510510385e-01 2.767640923193714571e+02
1.769269269269269362e-01 2.767715000346601641e+02
1.778028028028028062e-01 2.767787900966854977e+02
1.786786786786786763e-01 2.767860801587108313e+02
1.795545545545545463e-01 2.767933702207361648e+02
1.804304304304304163e-01 2.768006602827614984e+02
1.813063063063063141e-01 2.768079503447868319e+02
1.821821821821821841e-01 2.768152404068121655e+02
1.830580580580580541e-01 2.768225304688374990e+02
1.839339339339339241e-01 2.768299024381552726e+02
1.848098098098098219e-01 2.768372907947431827e+02
1.856856856856856919e-01 2.768437703283845508e+02
1.865615615615615619e-01 2.768494684247291389e+02
1.874374374374374319e-01 2.768553096124867352e+02
1.883133133133133019e-01 2.768611755911778118e+02
1.891891891891891997e-01 2.768670415698688885e+02
1.900650650650650697e-01 2.768729075485599651e+02
1.909409409409409397e-01 2.768787735272510417e+02
1.918168168168168097e-01 2.768846395059421184e+02
1.926926926926926797e-01 2.768905054846331950e+02
1.935685685685685775e-01 2.768963714633242716e+02
1.944444444444444475e-01 2.769022374420153483e+02
1.953203203203203175e-01 2.769081034207064249e+02
1.961961961961961876e-01 2.769139693993975015e+02
1.970720720720720576e-01 2.769198353780885782e+02
1.979479479479479553e-01 2.769257013567796548e+02
1.988238238238238254e-01 2.769315673354707315e+02
1.996996996996996954e-01 2.769374333141618081e+02
2.005755755755755654e-01 2.769432992928528847e+02
2.014514514514514631e-01 2.769491652715439614e+02
2.023273273273273332e-01 2.769550312502350380e+02
2.032032032032032032e-01 2.769608972289261146e+02
2.040790790790790732e-01 2.769667632076171913e+02
2.049549549549549432e-01 2.769728312257009293e+02
2.058308308308308410e-01 2.769795260483023753e+02
2.067067067067067110e-01 2.769862208709038214e+02
2.075825825825825810e-01 2.769929156935052106e+02
2.084584584584584510e-01 2.769996105161065998e+02
2.093343343343343210e-01 2.770061830154091354e+02
2.102102102102102188e-01 2.770121278687728363e+02
2.110860860860860888e-01 2.770180727221365942e+02
2.119619619619619588e-01 2.770240175755003520e+02
2.128378378378378288e-01 2.770299624288640530e+02
2.137137137137136988e-01 2.770359072822278677e+02
2.145895895895895966e-01 2.770418521355915686e+02
2.154654654654654666e-01 2.770477969889552696e+02
2.163413413413413366e-01 2.770537418423190275e+02
2.172172172172172067e-01 2.770602779530051976e+02
2.180930930930931044e-01 2.770678025714748287e+02
2.189689689689689744e-01 2.770753271899444030e+02
2.198448448448448445e-01 2.770828518084140342e+02
2.207207207207207145e-01 2.770903764268836085e+02
2.215965965965965845e-01 2.770979010453531828e+02
2.224724724724724823e-01 2.771054256638228139e+02
2.233483483483483523e-01 2.771129502822923882e+02
2.242242242242242223e-01 2.771204749007620194e+02
2.251001001001000923e-01 2.771279995192315937e+02
2.259759759759759623e-01 2.771355241377012248e+02
2.268518518518518601e-01 2.771430487561707992e+02
2.277277277277277301e-01 2.771505733746404303e+02
2.286036036036036001e-01 2.771580979931100046e+02
2.294794794794794701e-01 2.771656226115795789e+02
2.303553553553553401e-01 2.771731472300491532e+02
2.312312312312312379e-01 2.771805612268914274e+02
2.321071071071071079e-01 2.771871492991729156e+02
2.329829829829829779e-01 2.771925663932055954e+02
2.338588588588588479e-01 2.771994832530659210e+02
2.347347347347347457e-01 2.772070611922609373e+02
2.356106106106106157e-01 2.772125962121724569e+02
2.364864864864864857e-01 2.772181228418563137e+02
2.373623623623623557e-01 2.772236494715402273e+02
2.382382382382382258e-01 2.772291761012241409e+02
2.391141141141141235e-01 2.772347027309080545e+02
2.399899899899899935e-01 2.772402293605919112e+02
2.408658658658658636e-01 2.772457559902757680e+02
2.417417417417417336e-01 2.772512826199596816e+02
2.426176176176176036e-01 2.772568092496435384e+02
2.434934934934935014e-01 2.772623358793274519e+02
2.443693693693693714e-01 2.772678625090113087e+02
2.452452452452452414e-01 2.772733891386952223e+02
2.461211211211211114e-01 2.772789157683790791e+02
2.469969969969969814e-01 2.772844423980629927e+02
2.478728728728728792e-01 2.772899690277469062e+02
2.487487487487487492e-01 2.772954956574308198e+02
2.496246246246246192e-01 2.773010222871146766e+02
2.505005005005004892e-01 2.773065489167985334e+02
2.513763763763763870e-01 2.773126634791049128e+02
2.522522522522522292e-01 2.773188668717772316e+02
2.531281281281281270e-01 2.773250702644494936e+02
2.540040040040040248e-01 2.773312736571217556e+02
2.548798798798798670e-01 2.773374770497940744e+02
2.557557557557557648e-01 2.773436804424663933e+02
2.566316316316316071e-01 2.773476969738268281e+02
2.575075075075075048e-01 2.773511004125998625e+02
2.583833833833834026e-01 2.773545038513728969e+02
2.592592592592592449e-01 2.773579072901459881e+02
2.601351351351351426e-01 2.773613107289190793e+02
2.610110110110109849e-01 2.773647141676921137e+02
2.618868868868868827e-01 2.773681176064651481e+02
2.627627627627627804e-01 2.773715210452382394e+02
2.636386386386386227e-01 2.773749244840113306e+02
2.645145145145145205e-01 2.773783993244489352e+02
2.653903903903903627e-01 2.773825654461695649e+02
2.662662662662662605e-01 2.773867315678902514e+02
2.671421421421421583e-01 2.773908976896109948e+02
2.680180180180180005e-01 2.773950638113316813e+02
2.688938938938938983e-01 2.773992299330523679e+02
2.697697697697697405e-01 2.774033960547730544e+02
2.706456456456456383e-01 2.774075621764937409e+02
2.715215215215215361e-01 2.774117282982144275e+02
2.723973973973973783e-01 2.774158944199351140e+02
2.732732732732732761e-01 2.774205905159696499e+02
2.741491491491491739e-01 2.774254565419465735e+02
2.750250250250250161e-01 2.774303225679234401e+02
2.759009009009009139e-01 2.774351885939004205e+02
2.767767767767767562e-01 2.774400546198772872e+02
2.776526526526526539e-01 2.774449206458542108e+02
2.785285285285285517e-01 2.774497866718311343e+02
2.794044044044043940e-01 2.774546526978080578e+02
2.802802802802802917e-01 2.774595187237849814e+02
2.811561561561561340e-01 2.774643847497618481e+02
2.820320320320320318e-01 2.774692507757387716e+02
2.829079079079079295e-01 2.774741168017156951e+02
2.837837837837837718e-01 2.774789828276925618e+02
2.846596596596596696e-01 2.774834641761215721e+02
2.855355355355355118e-01 2.774861032073192177e+02
2.864114114114114096e-01 2.774871324452889780e+02
2.872872872872873073e-01 2.774868248219477778e+02
2.881631631631631496e-01 2.774864956412865240e+02
2.890390390390390474e-01 2.774861664606252702e+02
2.899149149149148896e-01 2.774858372799640165e+02
2.907907907907907874e-01 2.774855080993027059e+02
2.916666666666666852e-01 2.774856215181610537e+02
2.925425425425425274e-01 2.774861408491781276e+02
2.934184184184184252e-01 2.774866601801952015e+02
2.942942942942942675e-01 2.774871795112123323e+02
2.951701701701701652e-01 2.774876988422294062e+02
2.960460460460460630e-01 2.774882181732465369e+02
2.969219219219219053e-01 2.774887375042636108e+02
2.977977977977978030e-01 2.774892568352806848e+02
2.986736736736736453e-01 2.774897761662978155e+02
2.995495495495495430e-01 2.774897716709907058e+02
3.004254254254254408e-01 2.774897099335239545e+02
3.013013013013012831e-01 2.774896481960572032e+02
3.021771771771771808e-01 2.774895864585904519e+02
3.030530530530530231e-01 2.774895247211237006e+02
3.039289289289289209e-01 2.774894629836569493e+02
3.048048048048048186e-01 2.774894012461901411e+02
3.056806806806806609e-01 2.774893395087234467e+02
3.065565565565565587e-01 2.774892777712566954e+02
3.074324324324324564e-01 2.774892160337899440e+02
3.083083083083082987e-01 2.774891542963231927e+02
3.091841841841841965e-01 2.774890925588564414e+02
3.100600600600600387e-01 2.774892271025011041e+02
3.109359359359359365e-01 2.774895553294246611e+02
3.118118118118118343e-01 2.774899053491718064e+02
3.126876876876876765e-01 2.774903153057355780e+02
3.135635635635635743e-01 2.774910431144379004e+02
3.144394394394394165e-01 2.774902798670963193e+02
3.153153153153153143e-01 2.774895166197546814e+02
3.161911911911912121e-01 2.774887533724131004e+02
3.170670670670670543e-01 2.774879901250714624e+02
3.179429429429429521e-01 2.774872268777298245e+02
3.188188188188187944e-01 2.774864636303882435e+02
3.196946946946946921e-01 2.774857003830466056e+02
3.205705705705705899e-01 2.774849371357049677e+02
3.214464464464464322e-01 2.774841738883633298e+02
3.223223223223223299e-01 2.774834106410217487e+02
3.231981981981981722e-01 2.774826473936801676e+02
3.240740740740740700e-01 2.774818841463385297e+02
3.249499499499499677e-01 2.774811208989968918e+02
3.258258258258258100e-01 2.774803576516552539e+02
3.267017017017017078e-01 2.774795944043136160e+02
3.275775775775775500e-01 2.774788311569719781e+02
3.284534534534534478e-01 2.774780679096303970e+02
3.293293293293293456e-01 2.774773046622887023e+02
3.302052052052051878e-01 2.774765414149471781e+02
3.310810810810810856e-01 2.774757781676055401e+02
3.319569569569569278e-01 2.774750149202639591e+02
3.328328328328328256e-01 2.774742516729223212e+02
3.337087087087087234e-01 2.774734884255806264e+02
3.345845845845845656e-01 2.774727251782390454e+02
3.354604604604604634e-01 2.774719619308974643e+02
3.363363363363363057e-01 2.774711986835558264e+02
3.372122122122122034e-01 2.774704354362142453e+02
3.380880880880881012e-01 2.774696873632500456e+02
3.389639639639639435e-01 2.774689427241166868e+02
3.398398398398398412e-01 2.774681980849833280e+02
3.407157157157157390e-01 2.774674534458500261e+02
3.415915915915915813e-01 2.774667088067167242e+02
3.424674674674674790e-01 2.774659641675834223e+02
3.433433433433433213e-01 2.774647727115267912e+02
3.442192192192192191e-01 2.774630953367924917e+02
3.450950950950951168e-01 2.774610117506995266e+02
3.459709709709709591e-01 2.774589281646065047e+02
3.468468468468468568e-01 2.774568445785135395e+02
3.477227227227226991e-01 2.774547609924205176e+02
3.485985985985985969e-01 2.774526774063275525e+02
3.494744744744744946e-01 2.774505938202345305e+02
3.503503503503503369e-01 2.774485102341415654e+02
3.512262262262262347e-01 2.774464266480486003e+02
3.521021021021020769e-01 2.774443430619555784e+02
3.529779779779779747e-01 2.774422594758625564e+02
3.538538538538538725e-01 2.774401758897696482e+02
3.547297297297297147e-01 2.774380923036766262e+02
3.556056056056056125e-01 2.774360087175836611e+02
3.564814814814814548e-01 2.774339251314906392e+02
3.573573573573573525e-01 2.774318415453976741e+02
3.582332332332332503e-01 2.774297579593047089e+02
3.591091091091090926e-01 2.774276743732116870e+02
3.599849849849849903e-01 2.774255907871187219e+02
3.608608608608608326e-01 2.774235072010256999e+02
3.617367367367367303e-01 2.774214236149327348e+02
3.626126126126126281e-01 2.774214770043416820e+02
3.634884884884884704e-01 2.774217668777600352e+02
3.643643643643643681e-01 2.774220567511783315e+02
3.652402402402402104e-01 2.774223466245967415e+02
3.661161161161161082e-01 2.774226364980150379e+02
3.669919919919920059e-01 2.774216310776817522e+02
3.678678678678678482e-01 2.774205796268853987e+02
3.687437437437437460e-01 2.774195281760890452e+02
3.696196196196196437e-01 2.774184767252926918e+02
3.704954954954954860e-01 2.774174252744963951e+02
3.713713713713713838e-01 2.774163738236999848e+02
3.722472472472472260e-01 2.774153223729036881e+02
3.731231231231231238e-01 2.774142709221072778e+02
3.739989989989990216e-01 2.774132194713109811e+02
3.748748748748748638e-01 2.774121680205145708e+02
3.757507507507507616e-01 2.774111165697182173e+02
3.766266266266266038e-01 2.774100651189218638e+02
3.775025025025025016e-01 2.774090136681255103e+02
3.783783783783783994e-01 2.774079622173291568e+02
3.792542542542542416e-01 2.774069107665328033e+02
3.801301301301301394e-01 2.774058934913467738e+02
3.810060060060059817e-01 2.774051859917187244e+02
3.818818818818818794e-01 2.774044784920907318e+02
3.827577577577577772e-01 2.774037965532538124e+02
3.836336336336336195e-01 2.774032463865735849e+02
3.845095095095095172e-01 2.774022918076382211e+02
3.853853853853853595e-01 2.774011730406180618e+02
3.862612612612612573e-01 2.774000542735979025e+02
3.871371371371371550e-01 2.773989355065777431e+02
3.880130130130129973e-01 2.773978167395575269e+02
3.888888888888888951e-01 2.773966979725373676e+02
3.897647647647647373e-01 2.773947101167136111e+02
3.906406406406406351e-01 2.773923938459557235e+02
3.915165165165165329e-01 2.773900775751977790e+02
3.923923923923923751e-01 2.773877613044398913e+02
3.932682682682682729e-01 2.773854450336819468e+02
3.941441441441441151e-01 2.773831287629240023e+02
3.950200200200200129e-01 2.773808124921660578e+02
3.958958958958959107e-01 2.773784962214081133e+02
3.967717717717717529e-01 2.773760009366828285e+02
3.976476476476476507e-01 2.773723910832096635e+02
3.985235235235234930e-01 2.773687812297364417e+02
3.993993993993993907e-01 2.773651713762631630e+02
4.002752752752752885e-01 2.773615615227899411e+02
4.011511511511511308e-01 2.773579516693167193e+02
4.020270270270270285e-01 2.773543418158434974e+02
4.029029029029029263e-01 2.773507319623702756e+02
4.037787787787787686e-01 2.773471221088970537e+02
4.046546546546546663e-01 2.773435122554237751e+02
4.055305305305305086e-01 2.773399024019505532e+02
4.064064064064064064e-01 2.773362925484773314e+02
4.072822822822823041e-01 2.773326826950041095e+02
4.081581581581581464e-01 2.773290728415308877e+02
4.090340340340340441e-01 2.773254629880576658e+02
4.099099099099098864e-01 2.773218531345844440e+02
4.107857857857857842e-01 2.773182432811112221e+02
4.116616616616616819e-01 2.773146334276380003e+02
4.125375375375375242e-01 2.773110235741647784e+02
4.134134134134134220e-01 2.773074137206914997e+02
4.142892892892892642e-01 2.773038038672183347e+02
4.151651651651651620e-01 2.773001940137450561e+02
4.160410410410410598e-01 2.772965841602718911e+02
4.169169169169169020e-01 2.772929743067986124e+02
4.177927927927927998e-01 2.772890076822906167e+02
4.186686686686686421e-01 2.772849651856863034e+02
4.195445445445445398e-01 2.772809226890819332e+02
4.204204204204204376e-01 2.772768801924775630e+02
4.212962962962962798e-01 2.772728376958731360e+02
4.221721721721721776e-01 2.772687951992688227e+02
4.230480480480480199e-01 2.772642758384479862e+02
4.239239239239239176e-01 2.772584435301530448e+02
4.247997997997998154e-01 2.772526112218580465e+02
4.256756756756756577e-01 2.772472660485182701e+02
4.265515515515515554e-01 2.772431788256742493e+02
4.274274274274273977e-01 2.772388589092409461e+02
4.283033033033032955e-01 2.772339453498860848e+02
4.291791791791791932e-01 2.772290317905312804e+02
4.300550550550550355e-01 2.772241182311764760e+02
4.309309309309309333e-01 2.772192046718216716e+02
4.318068068068067755e-01 2.772142911124668672e+02
4.326826826826826733e-01 2.772093775531120627e+02
4.335585585585585711e-01 2.772044639937572583e+02
4.344344344344344133e-01 2.771995504344024539e+02
4.353103103103103111e-01 2.771946368750477063e+02
4.361861861861862089e-01 2.771897233156928451e+02
4.370620620620620511e-01 2.771848097563380975e+02
4.379379379379379489e-01 2.771798961969832362e+02
4.388138138138137911e-01 2.771749826376284318e+02
4.396896896896896889e-01 2.771700690782736842e+02
4.405655655655655867e-01 2.771651555189188230e+02
4.414414414414414289e-01 2.771602419595640185e+02
4.423173173173173267e-01 2.771553284002092141e+02
4.431931931931931690e-01 2.771501561026255445e+02
4.440690690690690667e-01 2.771445614892744516e+02
4.449449449449449645e-01 2.771389668759233018e+02
4.458208208208208068e-01 2.771333722625722089e+02
4.466966966966967045e-01 2.771273084603771508e+02
4.475725725725725468e-01 2.771212649910561936e+02
4.484484484484484446e-01 2.771152430167790044e+02
4.493243243243243423e-01 2.771092210425018720e+02
4.502002002002001846e-01 2.771031990682246828e+02
4.510760760760760824e-01 2.770971770939474936e+02
4.519519519519519246e-01 2.770911551196703044e+02
4.528278278278278224e-01 2.770851331453931152e+02
4.537037037037037202e-01 2.770791111711159829e+02
4.545795795795795624e-01 2.770728936732703005e+02
4.554554554554554602e-01 2.770664431179330336e+02
4.563313313313313024e-01 2.770590291192809218e+02
4.572072072072072002e-01 2.770500695681342904e+02
4.580830830830830980e-01 2.770411100169876022e+02
4.589589589589589402e-01 2.770321504658408571e+02
4.598348348348348380e-01 2.770231909146941689e+02
4.607107107107106803e-01 2.770142313635474807e+02
4.615865865865865780e-01 2.770052718124007924e+02
4.624624624624624758e-01 2.769963122612540474e+02
4.633383383383383181e-01 2.769873527101074160e+02
4.642142142142142158e-01 2.769783931589606709e+02
4.650900900900901136e-01 2.769694336078140395e+02
4.659659659659659559e-01 2.769604740566672945e+02
4.668418418418418536e-01 2.769515145055206062e+02
4.677177177177176959e-01 2.769425549543739180e+02
4.685935935935935936e-01 2.769335954032272298e+02
4.694694694694694914e-01 2.769246358520805416e+02
4.703453453453453337e-01 2.769156763009338533e+02
4.712212212212212314e-01 2.769068595399941159e+02
4.720970970970970737e-01 2.768985019763793503e+02
4.729729729729729715e-01 2.768901444127646982e+02
4.738488488488488692e-01 2.768817829948710596e+02
4.747247247247247115e-01 2.768730161112690098e+02
4.756006006006006093e-01 2.768642492276668463e+02
4.764764764764764515e-01 2.768554823440647397e+02
4.773523523523523493e-01 2.768467154604626330e+02
4.782282282282282471e-01 2.768379485768605832e+02
4.791041041041040893e-01 2.768291816932584766e+02
4.799799799799799871e-01 2.768204148096563131e+02
4.808558558558558294e-01 2.768116479260542633e+02
4.817317317317317271e-01 2.768028810424520998e+02
4.826076076076076249e-01 2.767941141588499931e+02
4.834834834834834671e-01 2.767853472752478865e+02
4.843593593593593649e-01 2.767765803916457799e+02
4.852352352352352072e-01 2.767678135080437301e+02
4.861111111111111049e-01 2.767590313586992465e+02
4.869869869869870027e-01 2.767500548564600535e+02
4.878628628628628450e-01 2.767410783542208037e+02
4.887387387387387427e-01 2.767321018519815539e+02
4.896146146146145850e-01 2.767225197224747717e+02
4.904904904904904828e-01 2.767117174843182283e+02
4.913663663663663805e-01 2.767009152461616281e+02
4.922422422422422228e-01 2.766901130080050848e+02
4.931181181181181206e-01 2.766793107698484846e+02
4.939939939939939628e-01 2.766685085316919412e+02
4.948698698698698606e-01 2.766577062935353410e+02
4.957457457457457584e-01 2.766469040553787977e+02
4.966216216216216006e-01 2.766361018172221975e+02
4.974974974974974984e-01 2.766254954515229656e+02
4.983733733733733962e-01 2.766129873168300719e+02
4.992492492492492384e-01 2.765984460238507268e+02
5.001251251251250807e-01 2.765836975782543732e+02
5.010010010010009784e-01 2.765689491326579059e+02
5.018768768768768762e-01 2.765542006870614955e+02
5.027527527527527740e-01 2.765394522414650282e+02
5.036286286286286717e-01 2.765247037958686178e+02
5.045045045045044585e-01 2.765099553502722074e+02
5.053803803803803563e-01 2.764952069046757970e+02
5.062562562562562540e-01 2.764804584590793297e+02
5.071321321321321518e-01 2.764657100134829193e+02
5.080080080080080496e-01 2.764509615678864520e+02
5.088838838838838363e-01 2.764362131222900985e+02
5.097597597597597341e-01 2.764214646766936312e+02
5.106356356356356319e-01 2.764067162310972208e+02
5.115115115115115296e-01 2.763919677855007535e+02
5.123873873873874274e-01 2.763772193399043431e+02
5.132632632632632141e-01 2.763624708943079327e+02
5.141391391391391119e-01 2.763477224487114654e+02
5.150150150150150097e-01 2.763329740031150550e+02
5.158908908908909074e-01 2.763182255575186446e+02
5.167667667667668052e-01 2.763034771119222341e+02
5.176426426426425920e-01 2.762887286663257669e+02
5.185185185185184897e-01 2.762739802207293565e+02
5.193943943943943875e-01 2.762592317751329460e+02
5.202702702702702853e-01 2.762457724733780537e+02
5.211461461461461830e-01 2.762330516451533526e+02
5.220220220220219698e-01 2.762203308169287084e+02
5.228978978978978676e-01 2.762074164433081478e+02
5.237737737737737653e-01 2.761938254276788030e+02
5.246496496496496631e-01 2.761802344120495150e+02
5.255255255255255609e-01 2.761666433964201701e+02
5.264014014014013476e-01 2.761530122545552786e+02
5.272772772772772454e-01 2.761385941805413609e+02
5.281531531531531432e-01 2.761241453116168714e+02
5.290290290290290409e-01 2.761095933738194503e+02
5.299049049049049387e-01 2.760947980498664265e+02
5.307807807807807254e-01 2.760784715537708962e+02
5.316566566566566232e-01 2.760621450576753659e+02
5.325325325325325210e-01 2.760458185615798925e+02
5.334084084084084187e-01 2.760294920654843054e+02
5.342842842842843165e-01 2.760131655693888320e+02
5.351601601601601033e-01 2.759968390732933017e+02
5.360360360360360010e-01 2.759805125771977714e+02
5.369119119119118988e-01 2.759641860811022411e+02
5.377877877877877966e-01 2.759478595850067109e+02
5.386636636636636943e-01 2.759315330889111806e+02
5.395395395395394811e-01 2.759152065928156503e+02
5.404154154154153789e-01 2.758988800967201200e+02
5.412912912912912766e-01 2.758825536006246466e+02
5.421671671671671744e-01 2.758662271045290595e+02
5.430430430430430722e-01 2.758499006084335861e+02
5.439189189189188589e-01 2.758335741123380558e+02
5.447947947947947567e-01 2.758172476162425255e+02
5.456706706706706544e-01 2.758009211201469952e+02
5.465465465465465522e-01 2.757845946240514650e+02
5.474224224224224500e-01 2.757682681279559347e+02
5.482982982982983478e-01 2.757519416318604044e+02
5.491741741741741345e-01 2.757356151357648741e+02
5.500500500500500323e-01 2.757192465943186903e+02
5.509259259259259300e-01 2.757026425322158616e+02
5.518018018018018278e-01 2.756860384701130329e+02
5.526776776776777256e-01 2.756694344080101473e+02
5.535535535535535123e-01 2.756528303459072617e+02
5.544294294294294101e-01 2.756363926263557573e+02
5.553053053053053079e-01 2.756185855272806293e+02
5.561811811811812056e-01 2.755995022598529545e+02
5.570570570570571034e-01 2.755804189924252228e+02
5.579329329329328901e-01 2.755608746381090555e+02
5.588088088088087879e-01 2.755411259814484310e+02
5.596846846846846857e-01 2.755213773247877498e+02
5.605605605605605835e-01 2.755016286681270685e+02
5.614364364364364812e-01 2.754818800114664441e+02
5.623123123123122680e-01 2.754621313548058197e+02
5.631881881881881657e-01 2.754423826981451384e+02
5.640640640640640635e-01 2.754226340414845140e+02
5.649399399399399613e-01 2.754028853848238896e+02
5.658158158158158590e-01 2.753836842034552888e+02
5.666916916916916458e-01 2.753657350931603105e+02
5.675675675675675436e-01 2.753477859828653322e+02
5.684434434434434413e-01 2.753298368725702971e+02
5.693193193193193391e-01 2.753118877622753757e+02
5.701951951951952369e-01 2.752939386519803406e+02
5.710710710710710236e-01 2.752759895416853624e+02
5.719469469469469214e-01 2.752580404313903841e+02
5.728228228228228192e-01 2.752400913210954059e+02
5.736986986986987169e-01 2.752221422108004276e+02
5.745745745745746147e-01 2.752041931005054494e+02
5.754504504504504014e-01 2.751862439902104143e+02
5.763263263263262992e-01 2.751682948799154360e+02
5.772022022022021970e-01 2.751503457696204578e+02
5.780780780780780947e-01 2.751323966593254795e+02
5.789539539539539925e-01 2.751144475490305012e+02
5.798298298298297793e-01 2.750964984387355230e+02
5.807057057057056770e-01 2.750763819788051592e+02
5.815815815815815748e-01 2.750558781101836985e+02
5.824574574574574726e-01 2.750353742415621809e+02
5.833333333333333703e-01 2.750148703729407202e+02
5.842092092092091571e-01 2.749940235999645779e+02
5.850850850850850549e-01 2.749711419775031231e+02
5.859609609609609526e-01 2.749482603550416115e+02
5.868368368368368504e-01 2.749253787325801568e+02
5.877127127127127482e-01 2.749024971101187020e+02
5.885885885885885349e-01 2.748796154876572473e+02
5.894644644644644327e-01 2.748530677995134397e+02
5.903403403403403304e-01 2.748260307399061730e+02
5.912162162162162282e-01 2.747989936802989632e+02
5.920920920920921260e-01 2.747719566206916966e+02
5.929679679679679127e-01 2.747445925903775219e+02
5.938438438438438105e-01 2.747153547660959134e+02
5.947197197197197083e-01 2.746861169418143618e+02
5.955955955955956060e-01 2.746568791175328101e+02
5.964714714714715038e-01 2.746276412932512585e+02
5.973473473473472906e-01 2.745984034689697637e+02
5.982232232232231883e-01 2.745691656446881552e+02
5.990990990990990861e-01 2.745399278204066036e+02
5.999749749749749839e-01 2.745106899961250519e+02
6.008508508508508816e-01 2.744814521718435003e+02
6.017267267267266684e-01 2.744522143475619487e+02
6.026026026026025662e-01 2.744229765232803402e+02
6.034784784784784639e-01 2.743944153077417241e+02
6.043543543543543617e-01 2.743659269014056576e+02
6.052302302302302595e-01 2.743374384950695912e+02
6.061061061061060462e-01 2.743089500887335817e+02
6.069819819819819440e-01 2.742804616823975152e+02
6.078578578578578417e-01 2.742519732760614488e+02
6.087337337337337395e-01 2.742234848697254392e+02
6.096096096096096373e-01 2.741949964633893728e+02
6.104854854854855351e-01 2.741639185957614018e+02
6.113613613613613218e-01 2.741275991690980618e+02
6.122372372372372196e-01 2.740912797424346650e+02
6.131131131131131173e-01 2.740549603157712681e+02
6.139889889889890151e-01 2.740186408891078713e+02
6.148648648648649129e-01 2.739823214624444745e+02
6.157407407407406996e-01 2.739460020357811345e+02
6.166166166166165974e-01 2.739096826091177377e+02
6.174924924924924952e-01 2.738733631824543409e+02
6.183683683683683929e-01 2.738386143334557232e+02
6.192442442442442907e-01 2.738068389766191331e+02
6.201201201201200774e-01 2.737750636197824861e+02
6.209959959959959752e-01 2.737429991005645888e+02
6.218718718718718730e-01 2.737089798985034008e+02
6.227477477477477708e-01 2.736749606964422128e+02
6.236236236236236685e-01 2.736409414943809679e+02
6.244994994994994553e-01 2.736069222923197799e+02
6.253753753753753530e-01 2.735729030902585350e+02
6.262512512512512508e-01 2.735377002831903042e+02
6.271271271271271486e-01 2.735019264077988055e+02
6.280030030030030463e-01 2.734659575547911459e+02
6.288788788788788331e-01 2.734295353407027847e+02
6.297547547547547309e-01 2.733931131266144803e+02
6.306306306306306286e-01 2.733566909125261759e+02
6.315065065065065264e-01 2.733202686984378147e+02
6.323823823823824242e-01 2.732838464843495103e+02
6.332582582582582109e-01 2.732474242702612059e+02
6.341341341341341087e-01 2.732106638128066720e+02
6.350100100100100065e-01 2.731736056891142539e+02
6.358858858858859042e-01 2.731365475654218358e+02
6.367617617617618020e-01 2.730994894417294176e+02
6.376376376376375887e-01 2.730624313180369995e+02
6.385135135135134865e-01 2.730253731943445814e+02
6.393893893893893843e-01 2.729883150706521064e+02
6.402652652652652820e-01 2.729512569469596883e+02
6.411411411411411798e-01 2.729141988232672702e+02
6.420170170170169666e-01 2.728771406995748521e+02
6.428928928928928643e-01 2.728394640250019165e+02
6.437687687687687621e-01 2.728016784796325283e+02
6.446446446446446599e-01 2.727643051964365100e+02
6.455205205205205576e-01 2.727285180949124879e+02
6.463963963963963444e-01 2.726927309933884658e+02
6.472722722722722422e-01 2.726569438918645005e+02
6.481481481481481399e-01 2.726211567903404784e+02
6.490240240240240377e-01 2.725853696888165132e+02
6.498998998998999355e-01 2.725495825872924911e+02
6.507757757757757222e-01 2.725137954857685259e+02
6.516516516516516200e-01 2.724780083842445038e+02
6.525275275275275177e-01 2.724422212827204817e+02
6.534034034034034155e-01 2.724064935816896309e+02
6.542792792792793133e-01 2.723650307962784609e+02
6.551551551551551000e-01 2.723218860268733579e+02
6.560310310310309978e-01 2.722787412574683117e+02
6.569069069069068956e-01 2.722355964880632655e+02
6.577827827827827933e-01 2.721924517186581625e+02
6.586586586586586911e-01 2.721493069492531163e+02
6.595345345345344779e-01 2.721061621798480701e+02
6.604104104104103756e-01 2.720630174104429670e+02
6.612862862862862734e-01 2.720198726410379209e+02
6.621621621621621712e-01 2.719767278716328747e+02
6.630380380380380689e-01 2.719335831022277716e+02
6.639139139139138557e-01 2.718904383328227254e+02
6.647897897897897534e-01 2.718304584298421673e+02
6.656656656656656512e-01 2.717702124824825205e+02
6.665415415415415490e-01 2.717099665351228168e+02
6.674174174174174468e-01 2.716497205877631131e+02
6.682932932932932335e-01 2.715894746404034095e+02
6.691691691691691313e-01 2.715292286930437626e+02
6.700450450450450290e-01 2.714689827456841158e+02
6.709209209209209268e-01 2.714087367983244121e+02
6.717967967967968246e-01 2.713484908509647653e+02
6.726726726726726113e-01 2.712882449036050616e+02
6.735485485485485091e-01 2.712260424835652657e+02
6.744244244244244069e-01 2.711569925078555343e+02
6.753003003003003046e-01 2.710879425321459166e+02
6.761761761761762024e-01 2.710188925564362421e+02
6.770520520520521002e-01 2.709498425807265676e+02
6.779279279279278869e-01 2.708807926050168930e+02
6.788038038038037847e-01 2.708117426293072185e+02
6.796796796796796825e-01 2.707426926535975440e+02
6.805555555555555802e-01 2.706733377392519628e+02
6.814314314314314780e-01 2.706031961072906711e+02
6.823073073073072647e-01 2.705330544753294362e+02
6.831831831831831625e-01 2.704629128433682013e+02
6.840590590590590603e-01 2.703927712114069095e+02
6.849349349349349581e-01 2.703226295794456746e+02
6.858108108108108558e-01 2.702524879474844397e+02
6.866866866866866426e-01 2.701823463155232048e+02
6.875625625625625403e-01 2.701122046835619130e+02
6.884384384384384381e-01 2.700420630516006781e+02
6.893143143143143359e-01 2.699719214196394432e+02
6.901901901901902336e-01 2.699051087267873186e+02
6.910660660660660204e-01 2.698437802210681866e+02
6.919419419419419182e-01 2.697824517153491115e+02
6.928178178178178159e-01 2.697211232096299796e+02
6.936936936936937137e-01 2.696597947039108476e+02
6.945695695695696115e-01 2.695984661981917725e+02
6.954454454454453982e-01 2.695371376924725837e+02
6.963213213213212960e-01 2.694758091867535086e+02
6.971971971971971938e-01 2.694144806810343766e+02
6.980730730730730915e-01 2.693513115609614488e+02
6.989489489489489893e-01 2.692850608855120527e+02
6.998248248248247760e-01 2.692192580175808985e+02
7.007007007007006738e-01 2.691534551496497443e+02
7.015765765765765716e-01 2.690876522817185332e+02
7.024524524524524693e-01 2.690218494137874359e+02
7.033283283283283671e-01 2.689560465458562817e+02
7.042042042042041539e-01 2.688902436779251275e+02
7.050800800800800516e-01 2.688244408099940301e+02
7.059559559559559494e-01 2.687571987638814335e+02
7.068318318318318472e-01 2.686883479757204896e+02
7.077077077077077449e-01 2.686194971875596025e+02
7.085835835835835317e-01 2.685506463993987154e+02
7.094594594594594295e-01 2.684817956112378283e+02
7.103353353353353272e-01 2.684129448230769412e+02
7.112112112112112250e-01 2.683440940349159973e+02
7.120870870870871228e-01 2.682752432467551671e+02
7.129629629629629095e-01 2.682063924585942232e+02
7.138388388388388073e-01 2.681375416704333361e+02
7.147147147147147050e-01 2.680669741388602461e+02
7.155905905905906028e-01 2.679952374608010928e+02
7.164664664664665006e-01 2.679235007827418826e+02
7.173423423423422873e-01 2.678517641046827293e+02
7.182182182182181851e-01 2.677800274266235192e+02
7.190940940940940829e-01 2.677082907485643659e+02
7.199699699699699806e-01 2.676365540705051558e+02
7.208458458458458784e-01 2.675648173924460025e+02
7.217217217217216652e-01 2.674930807143867924e+02
7.225975975975975629e-01 2.674202674758539047e+02
7.234734734734734607e-01 2.673467653028354789e+02
7.243493493493493585e-01 2.672732631298170531e+02
7.252252252252252562e-01 2.671978665775056356e+02
7.261011011011010430e-01 2.671130852978326402e+02
7.269769769769769407e-01 2.670283040181595879e+02
7.278528528528528385e-01 2.669435227384865925e+02
7.287287287287287363e-01 2.668587414588135402e+02
7.296046046046046341e-01 2.667739601791405448e+02
7.304804804804804208e-01 2.666891788994675494e+02
7.313563563563563186e-01 2.666043976197945540e+02
7.322322322322322163e-01 2.665196163401215586e+02
7.331081081081081141e-01 2.664348350604485631e+02
7.339839839839840119e-01 2.663500537807755109e+02
7.348598598598597986e-01 2.662652725011024586e+02
7.357357357357356964e-01 2.661804912214294632e+02
7.366116116116115942e-01 2.660957099417564677e+02
7.374874874874874919e-01 2.660109286620834723e+02
7.383633633633633897e-01 2.659261473824104201e+02
7.392392392392392875e-01 2.658413661027373678e+02
7.401151151151150742e-01 2.657565848230643724e+02
7.409909909909909720e-01 2.656718035433913769e+02
7.418668668668668698e-01 2.655869401474323581e+02
7.427427427427427675e-01 2.655019643581420041e+02
7.436186186186186653e-01 2.654169885688516501e+02
7.444944944944944520e-01 2.653276734266156609e+02
7.453703703703703498e-01 2.652251983964325746e+02
7.462462462462462476e-01 2.651227233662494882e+02
7.471221221221221453e-01 2.650202483360664019e+02
7.479979979979980431e-01 2.649183471879645708e+02
7.488738738738738299e-01 2.648225120076857024e+02
7.497497497497497276e-01 2.647266768274068340e+02
7.506256256256256254e-01 2.646339167404549926e+02
7.515015015015015232e-01 2.645466138460902243e+02
7.523773773773774209e-01 2.644593109517255130e+02
7.532532532532532077e-01 2.643720080573608016e+02
7.541291291291291055e-01 2.642847051629960902e+02
7.550050050050050032e-01 2.641974022686313788e+02
7.558808808808809010e-01 2.641100993742666105e+02
7.567567567567567988e-01 2.640227964799018991e+02
7.576326326326325855e-01 2.639354935855371878e+02
7.585085085085084833e-01 2.638481906911724764e+02
7.593843843843843811e-01 2.637608877968077081e+02
7.602602602602602788e-01 2.636735849024429967e+02
7.611361361361361766e-01 2.635862820080782853e+02
7.620120120120119633e-01 2.634989791137135740e+02
7.628878878878878611e-01 2.634116762193488626e+02
7.637637637637637589e-01 2.633288061855525939e+02
7.646396396396396566e-01 2.632481415256461901e+02
7.655155155155155544e-01 2.631674768657396726e+02
7.663913913913913412e-01 2.630868122058332688e+02
7.672672672672672389e-01 2.630061475459268650e+02
7.681431431431431367e-01 2.629139478558408882e+02
7.690190190190190345e-01 2.628142697987583460e+02
7.698948948948949322e-01 2.627145917416758607e+02
7.707707707707707190e-01 2.626149136845933754e+02
7.716466466466466168e-01 2.625152356275108332e+02
7.725225225225225145e-01 2.624155575704282910e+02
7.733983983983984123e-01 2.623158795133457488e+02
7.742742742742743101e-01 2.622162014562632066e+02
7.751501501501500968e-01 2.621165233991807213e+02
7.760260260260259946e-01 2.620168453420981223e+02
7.769019019019018923e-01 2.619171672850156369e+02
7.777777777777777901e-01 2.618174892279330948e+02
7.786536536536536879e-01 2.617178111708506094e+02
7.795295295295294746e-01 2.616181331137680104e+02
7.804054054054053724e-01 2.615184550566855251e+02
7.812812812812812702e-01 2.614187769996029829e+02
7.821571571571571679e-01 2.613190989425204975e+02
7.830330330330330657e-01 2.612194058931693803e+02
7.839089089089088525e-01 2.611194654232808148e+02
7.847847847847847502e-01 2.610195249533920787e+02
7.856606606606606480e-01 2.609176413483226042e+02
7.865365365365365458e-01 2.608066536357739551e+02
7.874124124124124435e-01 2.606956659232253060e+02
7.882882882882882303e-01 2.605846782106767705e+02
7.891641641641641280e-01 2.604736904981281782e+02
7.900400400400400258e-01 2.603565711003228103e+02
7.909159159159159236e-01 2.602352963745830721e+02
7.917917917917918214e-01 2.601026761390528463e+02
7.926676676676676081e-01 2.599677660644827597e+02
7.935435435435435059e-01 2.598328559899126731e+02
7.944194194194194036e-01 2.596979459153425296e+02
7.952952952952953014e-01 2.595630358407723861e+02
7.961711711711711992e-01 2.594281257662022426e+02
7.970470470470469859e-01 2.592932156916321560e+02
7.979229229229228837e-01 2.591583056170620125e+02
7.987987987987987815e-01 2.590233955424918690e+02
7.996746746746746792e-01 2.588884854679217256e+02
8.005505505505505770e-01 2.587535753933516389e+02
8.014264264264264748e-01 2.586186653187814954e+02
8.023023023023022615e-01 2.584837552442113520e+02
8.031781781781781593e-01 2.583488451696412085e+02
8.040540540540540571e-01 2.582139350950710650e+02
8.049299299299299548e-01 2.580790250205009784e+02
8.058058058058058526e-01 2.579441149459308917e+02
8.066816816816816393e-01 2.578092048713607483e+02
8.075575575575575371e-01 2.576742947967906048e+02
8.084334334334334349e-01 2.575393847222204613e+02
8.093093093093093326e-01 2.574044746476503747e+02
8.101851851851852304e-01 2.572695645730801743e+02
8.110610610610610172e-01 2.571345889044737305e+02
8.119369369369369149e-01 2.569924162221261099e+02
8.128128128128128127e-01 2.568582774173706866e+02
8.136886886886887105e-01 2.567244104338950024e+02
8.145645645645646082e-01 2.565905434504193181e+02
8.154404404404403950e-01 2.564566764669436338e+02
8.163163163163162928e-01 2.563228094834679496e+02
8.171921921921921905e-01 2.561889424999922653e+02
8.180680680680680883e-01 2.560548689177929305e+02
8.189439439439439861e-01 2.559174183736412829e+02
8.198198198198197728e-01 2.557799678294896069e+02
8.206956956956956706e-01 2.556425172853379308e+02
8.215715715715715683e-01 2.555041878516062468e+02
8.224474474474474661e-01 2.553654771706426345e+02
8.233233233233233639e-01 2.552267664896789370e+02
8.241991991991991506e-01 2.550880558087152963e+02
8.250750750750750484e-01 2.549493451277515987e+02
8.259509509509509462e-01 2.548106344467879865e+02
8.268268268268268439e-01 2.546719237658242889e+02
8.277027027027027417e-01 2.545332130848606198e+02
8.285785785785785285e-01 2.543945024038969791e+02
8.294544544544544262e-01 2.542555798653766885e+02
8.303303303303303240e-01 2.541161079515760832e+02
8.312062062062062218e-01 2.539766360377755063e+02
8.320820820820821195e-01 2.538371641239749295e+02
8.329579579579579063e-01 2.536976922101743810e+02
8.338338338338338041e-01 2.535528749330643450e+02
8.347097097097097018e-01 2.533963545396449604e+02
8.355855855855855996e-01 2.532398341462255189e+02
8.364614614614614974e-01 2.530833137528061343e+02
8.373373373373372841e-01 2.529254872287512512e+02
8.382132132132131819e-01 2.527606551241445629e+02
8.390890890890890796e-01 2.525958230195378178e+02
8.399649649649649774e-01 2.524309909149311011e+02
8.408408408408408752e-01 2.522661588103243844e+02
8.417167167167166619e-01 2.521013267057176392e+02
8.425925925925925597e-01 2.519364946011109510e+02
8.434684684684684575e-01 2.517716624965042342e+02
8.443443443443443552e-01 2.516068303918974891e+02
8.452202202202202530e-01 2.514419982872908008e+02
8.460960960960960398e-01 2.512771661826840841e+02
8.469719719719719375e-01 2.511123340780773390e+02
8.478478478478478353e-01 2.509561158665539153e+02
8.487237237237237331e-01 2.508018743532423969e+02
8.495995995995996308e-01 2.506476328399307931e+02
8.504754754754754176e-01 2.504933913266191894e+02
8.513513513513513153e-01 2.503391498133076425e+02
8.522272272272272131e-01 2.501849082999960387e+02
8.531031031031031109e-01 2.500306667866844919e+02
8.539789789789790087e-01 2.498764252733729165e+02
8.548548548548547954e-01 2.497221837600613412e+02
8.557307307307306932e-01 2.495679422467497943e+02
8.566066066066065909e-01 2.494137007334381906e+02
8.574824824824824887e-01 2.492594592201265868e+02
8.583583583583583865e-01 2.491052177068150115e+02
8.592342342342341732e-01 2.489509761935034646e+02
8.601101101101100710e-01 2.487967346801918893e+02
8.609859859859859688e-01 2.486424931668803424e+02
8.618618618618618665e-01 2.484882516535687103e+02
8.627377377377377643e-01 2.483340101402571349e+02
8.636136136136135510e-01 2.481797686269455880e+02
8.644894894894894488e-01 2.480255271136340127e+02
8.653653653653653466e-01 2.478689493657699643e+02
8.662412412412412444e-01 2.477120491229472066e+02
8.671171171171171421e-01 2.475551488801244489e+02
8.679929929929930399e-01 2.473982486373016911e+02
8.688688688688688266e-01 2.472413483944789334e+02
8.697447447447447244e-01 2.470844481516561757e+02
8.706206206206206222e-01 2.469275479088334180e+02
8.714964964964965199e-01 2.467706476660106318e+02
8.723723723723724177e-01 2.466137474231878741e+02
8.732482482482482045e-01 2.464568471803651164e+02
8.741241241241241022e-01 2.463023001483338419e+02
8.750000000000000000e-01 2.461500000000000057e+02
