LineProbe
number of points: 1000 (fixed)
point 0: [0. 0. 0.]
point 1: [0.875 0.    0.   ]
-----

# T 1000
0.000000000000000000e+00 2.671583602414992811e+02
8.758758758758758683e-04 2.671713098636204222e+02
1.751751751751751737e-03 2.671842594857415634e+02
2.627627627627627388e-03 2.671972091078627614e+02
3.503503503503503473e-03 2.672101587299839025e+02
4.379379379379379558e-03 2.672234900690617678e+02
5.255255255255254776e-03 2.672369091526306875e+02
6.131131131131130861e-03 2.672503634117713318e+02
7.007007007007006946e-03 2.672643449249422929e+02
7.882882882882882164e-03 2.672783264381133677e+02
8.758758758758759116e-03 2.672923079512843856e+02
9.634634634634634334e-03 2.673062894644554035e+02
1.051051051051050955e-02 2.673202709776264214e+02
1.138638638638638650e-02 2.673342524907974393e+02
1.226226226226226172e-02 2.673482340039684573e+02
1.313813813813813867e-02 2.673622155171394752e+02
1.401401401401401389e-02 2.673761970303105500e+02
1.488988988988988911e-02 2.673898164314913402e+02
1.576576576576576433e-02 2.674029888212083961e+02
1.664164164164164128e-02 2.674161612109255088e+02
1.751751751751751823e-02 2.674293336006426216e+02
1.839339339339339172e-02 2.674425059903596775e+02
1.926926926926926867e-02 2.674556783800767903e+02
2.014514514514514562e-02 2.674688507697938462e+02
2.102102102102101910e-02 2.674820231595109590e+02
2.189689689689689606e-02 2.674949811077792674e+02
2.277277277277277301e-02 2.675077809242941385e+02
2.364864864864864996e-02 2.675205807408090095e+02
2.452452452452452344e-02 2.675333805573238806e+02
2.540040040040040040e-02 2.675461803738387516e+02
2.627627627627627735e-02 2.675589801903536795e+02
2.715215215215215083e-02 2.675717800068684937e+02
2.802802802802802778e-02 2.675845798233833648e+02
2.890390390390390474e-02 2.675973796398982358e+02
2.977977977977977822e-02 2.676101794564131637e+02
3.065565565565565517e-02 2.676229792729280348e+02
3.153153153153152866e-02 2.676357790894429627e+02
3.240740740740740561e-02 2.676485789059577769e+02
3.328328328328328256e-02 2.676613787224726480e+02
3.415915915915915951e-02 2.676741785389875190e+02
3.503503503503503647e-02 2.676869783555024469e+02
3.591091091091091342e-02 2.676997781720173180e+02
3.678678678678678343e-02 2.677125779885321890e+02
3.766266266266266038e-02 2.677253778050470601e+02
3.853853853853853734e-02 2.677381776215619311e+02
3.941441441441441429e-02 2.677509774380768022e+02
4.029029029029029124e-02 2.677637772545917301e+02
4.116616616616616819e-02 2.677760049396962927e+02
4.204204204204203821e-02 2.677876622635140507e+02
4.291791791791791516e-02 2.677993195873318086e+02
4.379379379379379211e-02 2.678109550070723799e+02
4.466966966966966907e-02 2.678225575967320538e+02
4.554554554554554602e-02 2.678341601863917845e+02
4.642142142142142297e-02 2.678454906890540315e+02
4.729729729729729992e-02 2.678564775627967833e+02
4.817317317317316994e-02 2.678674507651519434e+02
4.904904904904904689e-02 2.678784239675071035e+02
4.992492492492492384e-02 2.678893971698622067e+02
5.080080080080080079e-02 2.679003703722173100e+02
5.167667667667667775e-02 2.679113435745724701e+02
5.255255255255255470e-02 2.679223167769276301e+02
5.342842842842842471e-02 2.679332801062589624e+02
5.430430430430430166e-02 2.679442295800565148e+02
5.518018018018017862e-02 2.679551790538540672e+02
5.605605605605605557e-02 2.679661285276516196e+02
5.693193193193193252e-02 2.679770780014491720e+02
5.780780780780780947e-02 2.679880274752466676e+02
5.868368368368368643e-02 2.679989769490442768e+02
5.955955955955955644e-02 2.680099264228417724e+02
6.043543543543543339e-02 2.680208758966393248e+02
6.131131131131131035e-02 2.680318253704369340e+02
6.218718718718718730e-02 2.680427748442344296e+02
6.306306306306305731e-02 2.680537243180319820e+02
6.393893893893894120e-02 2.680646737918295344e+02
6.481481481481481122e-02 2.680745696531489557e+02
6.569069069069069511e-02 2.680843552285592750e+02
6.656656656656656512e-02 2.680941408039695375e+02
6.744244244244243514e-02 2.681039263793798568e+02
6.831831831831831903e-02 2.681137919945813337e+02
6.919419419419418904e-02 2.681236791382096953e+02
7.007007007007007293e-02 2.681335662818380570e+02
7.094594594594594295e-02 2.681434534254664186e+02
7.182182182182182684e-02 2.681533405690947802e+02
7.269769769769769685e-02 2.681632277127231418e+02
7.357357357357356686e-02 2.681731148563515035e+02
7.444944944944945076e-02 2.681831642829685620e+02
7.532532532532532077e-02 2.681933403108156426e+02
7.620120120120120466e-02 2.682035163386626664e+02
7.707707707707707467e-02 2.682136923665097470e+02
7.795295295295295857e-02 2.682238683943567708e+02
7.882882882882882858e-02 2.682341746624526309e+02
7.970470470470469859e-02 2.682445013998020613e+02
8.058058058058058248e-02 2.682548281371515486e+02
8.145645645645645250e-02 2.682651548745009791e+02
8.233233233233233639e-02 2.682754816118504095e+02
8.320820820820820640e-02 2.682858083491998400e+02
8.408408408408407642e-02 2.682961350865493273e+02
8.495995995995996031e-02 2.683064618238987578e+02
8.583583583583583032e-02 2.683167885612481882e+02
8.671171171171171421e-02 2.683271152985976187e+02
8.758758758758758423e-02 2.683374420359471060e+02
8.846346346346346812e-02 2.683477687732965933e+02
8.933933933933933813e-02 2.683580955106459669e+02
9.021521521521520814e-02 2.683684222479954542e+02
9.109109109109109204e-02 2.683787489853448847e+02
9.196696696696696205e-02 2.683895029503235037e+02
9.284284284284284594e-02 2.684002928096583105e+02
9.371871871871871595e-02 2.684110826689931173e+02
9.459459459459459985e-02 2.684218725283279241e+02
9.547047047047046986e-02 2.684326623876627309e+02
9.634634634634633987e-02 2.684434522469975377e+02
9.722222222222222376e-02 2.684542421063323445e+02
9.809809809809809378e-02 2.684650319656672082e+02
9.897397397397397767e-02 2.684758218250019581e+02
9.984984984984984768e-02 2.684866116843368218e+02
1.007257257257257316e-01 2.684974015436715717e+02
1.016016016016016016e-01 2.685081914030064354e+02
1.024774774774774716e-01 2.685183806625432226e+02
1.033533533533533555e-01 2.685273417043808877e+02
1.042292292292292255e-01 2.685363027462184959e+02
1.051051051051051094e-01 2.685452637880561042e+02
1.059809809809809794e-01 2.685542248298937693e+02
1.068568568568568494e-01 2.685631858717313776e+02
1.077327327327327333e-01 2.685721469135689858e+02
1.086086086086086033e-01 2.685811079554066509e+02
1.094844844844844872e-01 2.685900689972442592e+02
1.103603603603603572e-01 2.685990300390819243e+02
1.112362362362362411e-01 2.686079910809195326e+02
1.121121121121121111e-01 2.686169521227571408e+02
1.129879879879879812e-01 2.686259131645947491e+02
1.138638638638638650e-01 2.686348742064324142e+02
1.147397397397397351e-01 2.686438352482700225e+02
1.156156156156156189e-01 2.686527962901076307e+02
1.164914914914914890e-01 2.686618779171040501e+02
1.173673673673673729e-01 2.686712407554848596e+02
1.182432432432432429e-01 2.686806990080671085e+02
1.191191191191191129e-01 2.686901572606493573e+02
1.199949949949949968e-01 2.686996155132316062e+02
1.208708708708708668e-01 2.687090737658138551e+02
1.217467467467467507e-01 2.687184449153078845e+02
1.226226226226226207e-01 2.687268667699444791e+02
1.234984984984984907e-01 2.687352886245811305e+02
1.243743743743743746e-01 2.687437104792177820e+02
1.252502502502502446e-01 2.687521323338544335e+02
1.261261261261261146e-01 2.687606373020562387e+02
1.270020020020020124e-01 2.687691894711648501e+02
1.278778778778778824e-01 2.687777416402735184e+02
1.287537537537537524e-01 2.687856694833246820e+02
1.296296296296296224e-01 2.687933968864307985e+02
1.305055055055054924e-01 2.688011242895368582e+02
1.313813813813813902e-01 2.688088516926430316e+02
1.322572572572572602e-01 2.688165790957491481e+02
1.331331331331331302e-01 2.688243064988552646e+02
1.340090090090090003e-01 2.688320339019613812e+02
1.348848848848848703e-01 2.688397613050675545e+02
1.357607607607607680e-01 2.688474887081736711e+02
1.366366366366366381e-01 2.688552161112798444e+02
1.375125125125125081e-01 2.688629435143859610e+02
1.383883883883883781e-01 2.688706709174920775e+02
1.392642642642642758e-01 2.688783983205981940e+02
1.401401401401401459e-01 2.688861257237043674e+02
1.410160160160160159e-01 2.688938531268104839e+02
1.418918918918918859e-01 2.689015805299166004e+02
1.427677677677677559e-01 2.689093079330227738e+02
1.436436436436436537e-01 2.689170353361288903e+02
1.445195195195195237e-01 2.689248880263121464e+02
1.453953953953953937e-01 2.689333073107164864e+02
1.462712712712712637e-01 2.689417781638354654e+02
1.471471471471471337e-01 2.689502658352386106e+02
1.480230230230230315e-01 2.689587535066417558e+02
1.488988988988989015e-01 2.689672411780448442e+02
1.497747747747747715e-01 2.689757288494479894e+02
1.506506506506506415e-01 2.689842165208511346e+02
1.515265265265265116e-01 2.689927041922542230e+02
1.524024024024024093e-01 2.690011918636574251e+02
1.532782782782782793e-01 2.690096795350605703e+02
1.541541541541541493e-01 2.690181672064637155e+02
1.550300300300300194e-01 2.690266548778668039e+02
1.559059059059059171e-01 2.690351425492699491e+02
1.567817817817817871e-01 2.690436302206730943e+02
1.576576576576576572e-01 2.690521178920762395e+02
1.585335335335335272e-01 2.690605441409788341e+02
1.594094094094093972e-01 2.690686678702127210e+02
1.602852852852852950e-01 2.690767915994466648e+02
1.611611611611611650e-01 2.690849153286805517e+02
1.620370370370370350e-01 2.690930390579144387e+02
1.629129129129129050e-01 2.691011627871483256e+02
1.637887887887887750e-01 2.691092865163822694e+02
1.646646646646646728e-01 2.691174102456161563e+02
1.655405405405405428e-01 2.691240629058502805e+02
1.664164164164164128e-01 2.691303531575973693e+02
1.672922922922922828e-01 2.691366434093444013e+02
1.681681681681681528e-01 2.691429336610914334e+02
1.690440440440440506e-01 2.691492239128384654e+02
1.699199199199199206e-01 2.691555141645854974e+02
1.707957957957957906e-01 2.691613765190494973e+02
1.716716716716716606e-01 2.691665426926934401e+02
1.725475475475475584e-01 2.691717088663373829e+02
1.734234234234234284e-01 2.691768750399813257e+02
1.742992992992992984e-01 2.691820412136252685e+02
1.751751751751751685e-01 2.691872073872692113e+02
1.760510510510510385e-01 2.691923735609131541e+02
1.769269269269269362e-01 2.691975397345570968e+02
1.778028028028028062e-01 2.692024886058399602e+02
1.786786786786786763e-01 2.692073090054204840e+02
1.795545545545545463e-01 2.692121294050010647e+02
1.804304304304304163e-01 2.692169498045816454e+02
1.813063063063063141e-01 2.692217702041622260e+02
1.821821821821821841e-01 2.692265906037428067e+02
1.830580580580580541e-01 2.692314110033233305e+02
1.839339339339339241e-01 2.692362314029039112e+02
1.848098098098098219e-01 2.692410518024844350e+02
1.856856856856856919e-01 2.692458722020650157e+02
1.865615615615615619e-01 2.692506926016455964e+02
1.874374374374374319e-01 2.692555130012261770e+02
1.883133133133133019e-01 2.692603321193761872e+02
1.891891891891891997e-01 2.692651504009438099e+02
1.900650650650650697e-01 2.692699686825114895e+02
1.909409409409409397e-01 2.692747869640790555e+02
1.918168168168168097e-01 2.692796052456466782e+02
1.926926926926926797e-01 2.692844235272143010e+02
1.935685685685685775e-01 2.692892418087819806e+02
1.944444444444444475e-01 2.692940600903496033e+02
1.953203203203203175e-01 2.692988783719172261e+02
1.961961961961961876e-01 2.693036966534848489e+02
1.970720720720720576e-01 2.693085149350524716e+02
1.979479479479479553e-01 2.693125640829597387e+02
1.988238238238238254e-01 2.693162095271721910e+02
1.996996996996996954e-01 2.693198549713845296e+02
2.005755755755755654e-01 2.693235004155969250e+02
2.014514514514514631e-01 2.693270041690311132e+02
2.023273273273273332e-01 2.693299152878913674e+02
2.032032032032032032e-01 2.693328264067516784e+02
2.040790790790790732e-01 2.693357375256119326e+02
2.049549549549549432e-01 2.693386486444721868e+02
2.058308308308308410e-01 2.693415597633324978e+02
2.067067067067067110e-01 2.693444708821928089e+02
2.075825825825825810e-01 2.693473820010530630e+02
2.084584584584584510e-01 2.693502931199133172e+02
2.093343343343343210e-01 2.693532042387736283e+02
2.102102102102102188e-01 2.693561153576338825e+02
2.110860860860860888e-01 2.693590264764941935e+02
2.119619619619619588e-01 2.693619375953545045e+02
2.128378378378378288e-01 2.693648487142147587e+02
2.137137137137136988e-01 2.693677598330750129e+02
2.145895895895895966e-01 2.693706709519353240e+02
2.154654654654654666e-01 2.693735820707955781e+02
2.163413413413413366e-01 2.693764931896558892e+02
2.172172172172172067e-01 2.693794303265233907e+02
2.180930930930931044e-01 2.693823706853409590e+02
2.189689689689689744e-01 2.693853110441584704e+02
2.198448448448448445e-01 2.693870810211832918e+02
2.207207207207207145e-01 2.693887894886936465e+02
2.215965965965965845e-01 2.693904979562040580e+02
2.224724724724724823e-01 2.693922064237144696e+02
2.233483483483483523e-01 2.693939148912248243e+02
2.242242242242242223e-01 2.693956233587351790e+02
2.251001001001000923e-01 2.693973318262455905e+02
2.259759759759759623e-01 2.693990402937559452e+02
2.268518518518518601e-01 2.694007487612662999e+02
2.277277277277277301e-01 2.694024572287767114e+02
2.286036036036036001e-01 2.694041656962871230e+02
2.294794794794794701e-01 2.694058741637975345e+02
2.303553553553553401e-01 2.694075826313078892e+02
2.312312312312312379e-01 2.694091277364488519e+02
2.321071071071071079e-01 2.694099937123081077e+02
2.329829829829829779e-01 2.694108596881674202e+02
2.338588588588588479e-01 2.694117256640266760e+02
2.347347347347347457e-01 2.694125916398859317e+02
2.356106106106106157e-01 2.694134576157452443e+02
2.364864864864864857e-01 2.694143235916045001e+02
2.373623623623623557e-01 2.694151895674638126e+02
2.382382382382382258e-01 2.694160555433230684e+02
2.391141141141141235e-01 2.694168891794118395e+02
2.399899899899899935e-01 2.694164655260416339e+02
2.408658658658658636e-01 2.694160418726714283e+02
2.417417417417417336e-01 2.694156182193011659e+02
2.426176176176176036e-01 2.694147791109056129e+02
2.434934934934935014e-01 2.694138016381594412e+02
2.443693693693693714e-01 2.694128241654133831e+02
2.452452452452452414e-01 2.694118466926672681e+02
2.461211211211211114e-01 2.694108692199211532e+02
2.469969969969969814e-01 2.694098917471750383e+02
2.478728728728728792e-01 2.694089142744289234e+02
2.487487487487487492e-01 2.694079368016828084e+02
2.496246246246246192e-01 2.694071097235220691e+02
2.505005005005004892e-01 2.694064207993184255e+02
2.513763763763763870e-01 2.694057318751147818e+02
2.522522522522522292e-01 2.694050429509111382e+02
2.531281281281281270e-01 2.694043540267074945e+02
2.540040040040040248e-01 2.694034427233217457e+02
2.548798798798798670e-01 2.694024094337545989e+02
2.557557557557557648e-01 2.694013761441875090e+02
2.566316316316316071e-01 2.694003428546203622e+02
2.575075075075075048e-01 2.693993095650533292e+02
2.583833833833834026e-01 2.693982762754861824e+02
2.592592592592592449e-01 2.693972429859190925e+02
2.601351351351351426e-01 2.693962096963519457e+02
2.610110110110109849e-01 2.693951764067848558e+02
2.618868868868868827e-01 2.693941431172177658e+02
2.627627627627627804e-01 2.693929885212074851e+02
2.636386386386386227e-01 2.693916210751518747e+02
2.645145145145145205e-01 2.693902536290963781e+02
2.653903903903903627e-01 2.693888861830408246e+02
2.662662662662662605e-01 2.693875187369852711e+02
2.671421421421421583e-01 2.693861512909297176e+02
2.680180180180180005e-01 2.693832499957546247e+02
2.688938938938938983e-01 2.693798805096230922e+02
2.697697697697697405e-01 2.693765110234915028e+02
2.706456456456456383e-01 2.693731415373600271e+02
2.715215215215215361e-01 2.693697720512284377e+02
2.723973973973973783e-01 2.693664025650969052e+02
2.732732732732732761e-01 2.693630330789653726e+02
2.741491491491491739e-01 2.693594569384682700e+02
2.750250250250250161e-01 2.693557876706171328e+02
2.759009009009009139e-01 2.693521184027660524e+02
2.767767767767767562e-01 2.693484491349149152e+02
2.776526526526526539e-01 2.693447798670637781e+02
2.785285285285285517e-01 2.693411105992126409e+02
2.794044044044043940e-01 2.693374413313615037e+02
2.802802802802802917e-01 2.693337720635104233e+02
2.811561561561561340e-01 2.693301027956592861e+02
2.820320320320320318e-01 2.693264335278081489e+02
2.829079079079079295e-01 2.693229453643987767e+02
2.837837837837837718e-01 2.693196903546433987e+02
2.846596596596596696e-01 2.693164353448879638e+02
2.855355355355355118e-01 2.693131803351326425e+02
2.864114114114114096e-01 2.693099253253772645e+02
2.872872872872873073e-01 2.693065391713804502e+02
2.881631631631631496e-01 2.693016479726633179e+02
2.890390390390390474e-01 2.692967567739462424e+02
2.899149149149148896e-01 2.692918655752291102e+02
2.907907907907907874e-01 2.692869743765119779e+02
2.916666666666666852e-01 2.692820831777948456e+02
2.925425425425425274e-01 2.692771919790777133e+02
2.934184184184184252e-01 2.692723007803605810e+02
2.942942942942942675e-01 2.692674095816435056e+02
2.951701701701701652e-01 2.692625174420902567e+02
2.960460460460460630e-01 2.692576196595819056e+02
2.969219219219219053e-01 2.692527218770735544e+02
2.977977977977978030e-01 2.692478240945652033e+02
2.986736736736736453e-01 2.692429263120568521e+02
2.995495495495495430e-01 2.692380810251032699e+02
3.004254254254254408e-01 2.692332748968875649e+02
3.013013013013012831e-01 2.692284687686718598e+02
3.021771771771771808e-01 2.692236626404560980e+02
3.030530530530530231e-01 2.692188565122403929e+02
3.039289289289289209e-01 2.692140503840246879e+02
3.048048048048048186e-01 2.692092442558089260e+02
3.056806806806806609e-01 2.692044381275932210e+02
3.065565565565565587e-01 2.691996319993775160e+02
3.074324324324324564e-01 2.691936876293496539e+02
3.083083083083082987e-01 2.691865439489329219e+02
3.091841841841841965e-01 2.691794002685161900e+02
3.100600600600600387e-01 2.691722565880994580e+02
3.109359359359359365e-01 2.691651129076827829e+02
3.118118118118118343e-01 2.691581168905954087e+02
3.126876876876876765e-01 2.691515106336524923e+02
3.135635635635635743e-01 2.691449043767096327e+02
3.144394394394394165e-01 2.691382981197667164e+02
3.153153153153153143e-01 2.691316918628238000e+02
3.161911911911912121e-01 2.691250856058809404e+02
3.170670670670670543e-01 2.691184793489380240e+02
3.179429429429429521e-01 2.691118730919951076e+02
3.188188188188187944e-01 2.691052668350521913e+02
3.196946946946946921e-01 2.690978688740904090e+02
3.205705705705705899e-01 2.690904320268852530e+02
3.214464464464464322e-01 2.690829951796800970e+02
3.223223223223223299e-01 2.690755583324748272e+02
3.231981981981981722e-01 2.690681214852696712e+02
3.240740740740740700e-01 2.690606846380644583e+02
3.249499499499499677e-01 2.690532477908592455e+02
3.258258258258258100e-01 2.690458109436540894e+02
3.267017017017017078e-01 2.690387002439152866e+02
3.275775775775775500e-01 2.690319637216610431e+02
3.284534534534534478e-01 2.690252271994066859e+02
3.293293293293293456e-01 2.690184906771524425e+02
3.302052052052051878e-01 2.690117541548981421e+02
3.310810810810810856e-01 2.690050176326438418e+02
3.319569569569569278e-01 2.689982811103895415e+02
3.328328328328328256e-01 2.689899555910795925e+02
3.337087087087087234e-01 2.689805484234975097e+02
3.345845845845845656e-01 2.689711412559154837e+02
3.354604604604604634e-01 2.689617340883334009e+02
3.363363363363363057e-01 2.689523269207513749e+02
3.372122122122122034e-01 2.689427696756392265e+02
3.380880880880881012e-01 2.689330707183372624e+02
3.389639639639639435e-01 2.689233717610353551e+02
3.398398398398398412e-01 2.689136728037333341e+02
3.407157157157157390e-01 2.689039738464313700e+02
3.415915915915915813e-01 2.688942748891293490e+02
3.424674674674674790e-01 2.688845759318273849e+02
3.433433433433433213e-01 2.688748769745254208e+02
3.442192192192192191e-01 2.688649059824388132e+02
3.450950950950951168e-01 2.688534376665040213e+02
3.459709709709709591e-01 2.688419693505692294e+02
3.468468468468468568e-01 2.688305010346344375e+02
3.477227227227226991e-01 2.688190327186995887e+02
3.485985985985985969e-01 2.688075644027647968e+02
3.494744744744744946e-01 2.687960960868300617e+02
3.503503503503503369e-01 2.687846277708952130e+02
3.512262262262262347e-01 2.687731594549604210e+02
3.521021021021020769e-01 2.687616911390256291e+02
3.529779779779779747e-01 2.687502228230908372e+02
3.538538538538538725e-01 2.687387545071560453e+02
3.547297297297297147e-01 2.687272861912212534e+02
3.556056056056056125e-01 2.687158178752864615e+02
3.564814814814814548e-01 2.687042818108092774e+02
3.573573573573573525e-01 2.686914461509273337e+02
3.582332332332332503e-01 2.686784103159940855e+02
3.591091091091090926e-01 2.686653744810607805e+02
3.599849849849849903e-01 2.686523386461275891e+02
3.608608608608608326e-01 2.686393028111943977e+02
3.617367367367367303e-01 2.686262669762611495e+02
3.626126126126126281e-01 2.686132311413279012e+02
3.634884884884884704e-01 2.686001953063946530e+02
3.643643643643643681e-01 2.685871594714614616e+02
3.652402402402402104e-01 2.685741236365282134e+02
3.661161161161161082e-01 2.685610878015950220e+02
3.669919919919920059e-01 2.685480519666617738e+02
3.678678678678678482e-01 2.685350161317285256e+02
3.687437437437437460e-01 2.685219802967952774e+02
3.696196196196196437e-01 2.685089444618620291e+02
3.704954954954954860e-01 2.684932695264698168e+02
3.713713713713713838e-01 2.684768666657688527e+02
3.722472472472472260e-01 2.684604638050678886e+02
3.731231231231231238e-01 2.684440609443669246e+02
3.739989989989990216e-01 2.684276580836659036e+02
3.748748748748748638e-01 2.684112552229649395e+02
3.757507507507507616e-01 2.683948523622639755e+02
3.766266266266266038e-01 2.683784495015630114e+02
3.775025025025025016e-01 2.683620466408619905e+02
3.783783783783783994e-01 2.683456437801610264e+02
3.792542542542542416e-01 2.683292409194600623e+02
3.801301301301301394e-01 2.683128380587590982e+02
3.810060060060059817e-01 2.682963244294656988e+02
3.818818818818818794e-01 2.682794884209954489e+02
3.827577577577577772e-01 2.682626524125251990e+02
3.836336336336336195e-01 2.682458164040549491e+02
3.845095095095095172e-01 2.682289803955846992e+02
3.853853853853853595e-01 2.682121443871144493e+02
3.862612612612612573e-01 2.681953083786441994e+02
3.871371371371371550e-01 2.681779194592298836e+02
3.880130130130129973e-01 2.681601847110676999e+02
3.888888888888888951e-01 2.681424499629055163e+02
3.897647647647647373e-01 2.681247152147433894e+02
3.906406406406406351e-01 2.681069804665812626e+02
3.915165165165165329e-01 2.680892457184190789e+02
3.923923923923923751e-01 2.680715109702568952e+02
3.932682682682682729e-01 2.680537762220947684e+02
3.941441441441441151e-01 2.680341855263739603e+02
3.950200200200200129e-01 2.680141808050053669e+02
3.958958958958959107e-01 2.679941760836367166e+02
3.967717717717717529e-01 2.679741713622680663e+02
3.976476476476476507e-01 2.679541666408994161e+02
3.985235235235234930e-01 2.679341619195308226e+02
3.993993993993993907e-01 2.679141571981622292e+02
4.002752752752752885e-01 2.678941524767935789e+02
4.011511511511511308e-01 2.678741477554249286e+02
4.020270270270270285e-01 2.678541430340562783e+02
4.029029029029029263e-01 2.678341383126877417e+02
4.037787787787787686e-01 2.678141335913190915e+02
4.046546546546546663e-01 2.677941288699504412e+02
4.055305305305305086e-01 2.677741241485817909e+02
4.064064064064064064e-01 2.677541194272131406e+02
4.072822822822823041e-01 2.677341319193737377e+02
4.081581581581581464e-01 2.677149867883165371e+02
4.090340340340340441e-01 2.676958416572593364e+02
4.099099099099098864e-01 2.676766965262021927e+02
4.107857857857857842e-01 2.676575513951449921e+02
4.116616616616616819e-01 2.676384062640878483e+02
4.125375375375375242e-01 2.676192611330306477e+02
4.134134134134134220e-01 2.676001160019735039e+02
4.142892892892892642e-01 2.675760303851673143e+02
4.151651651651651620e-01 2.675514033732780490e+02
4.160410410410410598e-01 2.675321652970023933e+02
4.169169169169169020e-01 2.675134194588806054e+02
4.177927927927927998e-01 2.674936059542058615e+02
4.186686686686686421e-01 2.674734106902620852e+02
4.195445445445445398e-01 2.674532154263181951e+02
4.204204204204204376e-01 2.674330201623744188e+02
4.212962962962962798e-01 2.674128248984305856e+02
4.221721721721721776e-01 2.673925949319039432e+02
4.230480480480480199e-01 2.673719428293993019e+02
4.239239239239239176e-01 2.673512907268946037e+02
4.247997997997998154e-01 2.673306386243899624e+02
4.256756756756756577e-01 2.673099865218853211e+02
4.265515515515515554e-01 2.672893344193806797e+02
4.274274274274273977e-01 2.672686823168760384e+02
4.283033033033032955e-01 2.672480302143713971e+02
4.291791791791791932e-01 2.672266883948443592e+02
4.300550550550550355e-01 2.672051248978243621e+02
4.309309309309309333e-01 2.671835614008043081e+02
4.318068068068067755e-01 2.671619979037842540e+02
4.326826826826826733e-01 2.671404344067641432e+02
4.335585585585585711e-01 2.671188709097440892e+02
4.344344344344344133e-01 2.670956146442672434e+02
4.353103103103103111e-01 2.670714991083052041e+02
4.361861861861862089e-01 2.670473835723431080e+02
4.370620620620620511e-01 2.670232680363810687e+02
4.379379379379379489e-01 2.669991525004189725e+02
4.388138138138137911e-01 2.669750369644568764e+02
4.396896896896896889e-01 2.669509214284948371e+02
4.405655655655655867e-01 2.669268058925327409e+02
4.414414414414414289e-01 2.669026903565706448e+02
4.423173173173173267e-01 2.668785748206085486e+02
4.431931931931931690e-01 2.668544592846465093e+02
4.440690690690690667e-01 2.668303437486844132e+02
4.449449449449449645e-01 2.668062282127223739e+02
4.458208208208208068e-01 2.667821126767602209e+02
4.466966966966967045e-01 2.667579971407981816e+02
4.475725725725725468e-01 2.667338816048361423e+02
4.484484484484484446e-01 2.667097660688739893e+02
4.493243243243243423e-01 2.666856505329119500e+02
4.502002002002001846e-01 2.666615349969498538e+02
4.510760760760760824e-01 2.666374194609878145e+02
4.519519519519519246e-01 2.666127447697301704e+02
4.528278278278278224e-01 2.665877735242615358e+02
4.537037037037037202e-01 2.665628022787928444e+02
4.545795795795795624e-01 2.665378310333242098e+02
4.554554554554554602e-01 2.665128597878555183e+02
4.563313313313313024e-01 2.664878885423868269e+02
4.572072072072072002e-01 2.664629172969181923e+02
4.580830830830830980e-01 2.664379460514495577e+02
4.589589589589589402e-01 2.664129748059808662e+02
4.598348348348348380e-01 2.663880035605121748e+02
4.607107107107106803e-01 2.663630323150435402e+02
4.615865865865865780e-01 2.663380610695748487e+02
4.624624624624624758e-01 2.663130898241062141e+02
4.633383383383383181e-01 2.662881185786375227e+02
4.642142142142142158e-01 2.662631473331688881e+02
4.650900900900901136e-01 2.662381760877002534e+02
4.659659659659659559e-01 2.662132048422315620e+02
4.668418418418418536e-01 2.661882335967628705e+02
4.677177177177176959e-01 2.661632623512941791e+02
4.685935935935935936e-01 2.661376587429474512e+02
4.694694694694694914e-01 2.661116862310571491e+02
4.703453453453453337e-01 2.660857137191669040e+02
4.712212212212212314e-01 2.660597412072766019e+02
4.720970970970970737e-01 2.660337686953862999e+02
4.729729729729729715e-01 2.660079837203589932e+02
4.738488488488488692e-01 2.659822886069808874e+02
4.747247247247247115e-01 2.659565934936028953e+02
4.756006006006006093e-01 2.659308983802248463e+02
4.764764764764764515e-01 2.659052032668467405e+02
4.773523523523523493e-01 2.658795081534686915e+02
4.782282282282282471e-01 2.658538130400906425e+02
4.791041041041040893e-01 2.658281179267125935e+02
4.799799799799799871e-01 2.658024045150372103e+02
4.808558558558558294e-01 2.657766804789609409e+02
4.817317317317317271e-01 2.657509564428846716e+02
4.826076076076076249e-01 2.657252324068083453e+02
4.834834834834834671e-01 2.656995083707320759e+02
4.843593593593593649e-01 2.656737843346558066e+02
4.852352352352352072e-01 2.656480602985794803e+02
4.861111111111111049e-01 2.656223362625032109e+02
4.869869869869870027e-01 2.655943542379275186e+02
4.878628628628628450e-01 2.655659641212383235e+02
4.887387387387387427e-01 2.655375740045490716e+02
4.896146146146145850e-01 2.655091838878598764e+02
4.904904904904904828e-01 2.654807937711706245e+02
4.913663663663663805e-01 2.654524036544813725e+02
4.922422422422422228e-01 2.654240135377921774e+02
4.931181181181181206e-01 2.653956234211029255e+02
4.939939939939939628e-01 2.653672333044137304e+02
4.948698698698698606e-01 2.653388431877244784e+02
4.957457457457457584e-01 2.653104530710352833e+02
4.966216216216216006e-01 2.652820629543460313e+02
4.974974974974974984e-01 2.652536728376567794e+02
4.983733733733733962e-01 2.652257734695037357e+02
4.992492492492492384e-01 2.651979692995743676e+02
5.001251251251250807e-01 2.651701651296449995e+02
5.010010010010009784e-01 2.651423609597156315e+02
5.018768768768768762e-01 2.651145567897862634e+02
5.027527527527527740e-01 2.650867526198568385e+02
5.036286286286286717e-01 2.650589484499274704e+02
5.045045045045044585e-01 2.650311442799981023e+02
5.053803803803803563e-01 2.650033401100687342e+02
5.062562562562562540e-01 2.649755235205747113e+02
5.071321321321321518e-01 2.649457332963596059e+02
5.080080080080080496e-01 2.649139740990104883e+02
5.088838838838838363e-01 2.648808408464985291e+02
5.097597597597597341e-01 2.648477075939866268e+02
5.106356356356356319e-01 2.648145743414747244e+02
5.115115115115115296e-01 2.647814410889628221e+02
5.123873873873874274e-01 2.647483078364509197e+02
5.132632632632632141e-01 2.647151745839390173e+02
5.141391391391391119e-01 2.646820413314270581e+02
5.150150150150150097e-01 2.646499608386029081e+02
5.158908908908909074e-01 2.646179176406226929e+02
5.167667667667668052e-01 2.645858744426424209e+02
5.176426426426425920e-01 2.645538312446622058e+02
5.185185185185184897e-01 2.645217880466819338e+02
5.193943943943943875e-01 2.644897448487017755e+02
5.202702702702702853e-01 2.644577016507215035e+02
5.211461461461461830e-01 2.644256584527412883e+02
5.220220220220219698e-01 2.643936152547610163e+02
5.228978978978978676e-01 2.643615720567808012e+02
5.237737737737737653e-01 2.643295288588005292e+02
5.246496496496496631e-01 2.642974856608203709e+02
5.255255255255255609e-01 2.642654424628400989e+02
5.264014014014013476e-01 2.642333992648598837e+02
5.272772772772772454e-01 2.642013560668796117e+02
5.281531531531531432e-01 2.641692911100655579e+02
5.290290290290290409e-01 2.641372237018347278e+02
5.299049049049049387e-01 2.641051562936039545e+02
5.307807807807807254e-01 2.640730888853732381e+02
5.316566566566566232e-01 2.640410214771424648e+02
5.325325325325325210e-01 2.640089540689116916e+02
5.334084084084084187e-01 2.639768866606808615e+02
5.342842842842843165e-01 2.639448192524500882e+02
5.351601601601601033e-01 2.639122898641643928e+02
5.360360360360360010e-01 2.638794895438356889e+02
5.369119119119118988e-01 2.638461742212343779e+02
5.377877877877877966e-01 2.638122449158267955e+02
5.386636636636636943e-01 2.637783156104192699e+02
5.395395395395394811e-01 2.637443863050116875e+02
5.404154154154153789e-01 2.637104569996041619e+02
5.412912912912912766e-01 2.636765276941965794e+02
5.421671671671671744e-01 2.636425983887889970e+02
5.430430430430430722e-01 2.636086690833814146e+02
5.439189189189188589e-01 2.635747397779738890e+02
5.447947947947947567e-01 2.635408104725663065e+02
5.456706706706706544e-01 2.635068811671587810e+02
5.465465465465465522e-01 2.634729518617511985e+02
5.474224224224224500e-01 2.634381187367442863e+02
5.482982982982983478e-01 2.634027134908403696e+02
5.491741741741741345e-01 2.633673082449365097e+02
5.500500500500500323e-01 2.633319029990326499e+02
5.509259259259259300e-01 2.632964977531287900e+02
5.518018018018018278e-01 2.632610925072249302e+02
5.526776776776777256e-01 2.632256872613210703e+02
5.535535535535535123e-01 2.631902820154172105e+02
5.544294294294294101e-01 2.631548767695132938e+02
5.553053053053053079e-01 2.631194715236094339e+02
5.561811811811812056e-01 2.630834740518494073e+02
5.570570570570571034e-01 2.630473606692069666e+02
5.579329329329328901e-01 2.630112472865645259e+02
5.588088088088087879e-01 2.629751339039221989e+02
5.596846846846846857e-01 2.629390205212797582e+02
5.605605605605605835e-01 2.629029071386373744e+02
5.614364364364364812e-01 2.628667937559949337e+02
5.623123123123122680e-01 2.628306803733525499e+02
5.631881881881881657e-01 2.627945669907101660e+02
5.640640640640640635e-01 2.627584536080677253e+02
5.649399399399399613e-01 2.627223402254253415e+02
5.658158158158158590e-01 2.626859461134829985e+02
5.666916916916916458e-01 2.626484101344661326e+02
5.675675675675675436e-01 2.626108741554493236e+02
5.684434434434434413e-01 2.625741918759555347e+02
5.693193193193193391e-01 2.625375741081051046e+02
5.701951951951952369e-01 2.625005726523777412e+02
5.710710710710710236e-01 2.624631203629320453e+02
5.719469469469469214e-01 2.624256680734862925e+02
5.728228228228228192e-01 2.623882157840404830e+02
5.736986986986987169e-01 2.623507634945947871e+02
5.745745745745746147e-01 2.623133112051490343e+02
5.754504504504504014e-01 2.622758589157032247e+02
5.763263263263262992e-01 2.622384066262575288e+02
5.772022022022021970e-01 2.622009543368117193e+02
5.780780780780780947e-01 2.621635020473660234e+02
5.789539539539539925e-01 2.621260497579202706e+02
5.798298298298297793e-01 2.620885974684745179e+02
5.807057057057056770e-01 2.620511451790287651e+02
5.815815815815815748e-01 2.620136928895830124e+02
5.824574574574574726e-01 2.619762406001372597e+02
5.833333333333333703e-01 2.619387883106915069e+02
5.842092092092091571e-01 2.619013360212457542e+02
5.850850850850850549e-01 2.618630509220481031e+02
5.859609609609609526e-01 2.618242987961650670e+02
5.868368368368368504e-01 2.617855466702821445e+02
5.877127127127127482e-01 2.617467945443991653e+02
5.885885885885885349e-01 2.617080424185162428e+02
5.894644644644644327e-01 2.616692902926333204e+02
5.903403403403403304e-01 2.616305381667502843e+02
5.912162162162162282e-01 2.615917860408673050e+02
5.920920920920921260e-01 2.615530339149844394e+02
5.929679679679679127e-01 2.615142817891014602e+02
5.938438438438438105e-01 2.614755296632184809e+02
5.947197197197197083e-01 2.614367775373355016e+02
5.955955955955956060e-01 2.613980254114525223e+02
5.964714714714715038e-01 2.613592732855695999e+02
5.973473473473472906e-01 2.613205211596866775e+02
5.982232232232231883e-01 2.612816807059762141e+02
5.990990990990990861e-01 2.612413062590952677e+02
5.999749749749749839e-01 2.612009318122144350e+02
6.008508508508508816e-01 2.611605573653336023e+02
6.017267267267266684e-01 2.611201829184527128e+02
6.026026026026025662e-01 2.610798084715718232e+02
6.034784784784784639e-01 2.610394340246909337e+02
6.043543543543543617e-01 2.609990595778101010e+02
6.052302302302302595e-01 2.609586851309292115e+02
6.061061061061060462e-01 2.609201418871175520e+02
6.069819819819819440e-01 2.608823718556060385e+02
6.078578578578578417e-01 2.608446018240945250e+02
6.087337337337337395e-01 2.608068317925830115e+02
6.096096096096096373e-01 2.607690617610714412e+02
6.104854854854855351e-01 2.607312917295599277e+02
6.113613613613613218e-01 2.606914745507698399e+02
6.122372372372372196e-01 2.606511196090894487e+02
6.131131131131131173e-01 2.606107646674091143e+02
6.139889889889890151e-01 2.605704097257287231e+02
6.148648648648649129e-01 2.605279590497215167e+02
6.157407407407406996e-01 2.604850679684026886e+02
6.166166166166165974e-01 2.604421768870838605e+02
6.174924924924924952e-01 2.603992858057650892e+02
6.183683683683683929e-01 2.603563947244462042e+02
6.192442442442442907e-01 2.603139094991744287e+02
6.201201201201200774e-01 2.602720508800686048e+02
6.209959959959959752e-01 2.602301922609627240e+02
6.218718718718718730e-01 2.601883336418568433e+02
6.227477477477477708e-01 2.601464750227510194e+02
6.236236236236236685e-01 2.601046164036451387e+02
6.244994994994994553e-01 2.600627577845393148e+02
6.253753753753753530e-01 2.600208991654334341e+02
6.262512512512512508e-01 2.599790405463276102e+02
6.271271271271271486e-01 2.599371819272217294e+02
6.280030030030030463e-01 2.598953233081158487e+02
6.288788788788788331e-01 2.598534646890100248e+02
6.297547547547547309e-01 2.598116060699041441e+02
6.306306306306306286e-01 2.597697474507983202e+02
6.315065065065065264e-01 2.597278888316924395e+02
6.323823823823824242e-01 2.596860302125866156e+02
6.332582582582582109e-01 2.596435682930649591e+02
6.341341341341341087e-01 2.596007855302963776e+02
6.350100100100100065e-01 2.595580027675278529e+02
6.358858858858859042e-01 2.595152200047592146e+02
6.367617617617618020e-01 2.594724372419906899e+02
6.376376376376375887e-01 2.594296544792221084e+02
6.385135135135134865e-01 2.593868717164535269e+02
6.393893893893893843e-01 2.593440889536850023e+02
6.402652652652652820e-01 2.593013061909163639e+02
6.411411411411411798e-01 2.592584637947192050e+02
6.420170170170169666e-01 2.592167899912317353e+02
6.428928928928928643e-01 2.591756273807199591e+02
6.437687687687687621e-01 2.591342905839178457e+02
6.446446446446446599e-01 2.590929023947537644e+02
6.455205205205205576e-01 2.590515142055897400e+02
6.463963963963963444e-01 2.590101260164256587e+02
6.472722722722722422e-01 2.589687378272616343e+02
6.481481481481481399e-01 2.589273496380976098e+02
6.490240240240240377e-01 2.588859614489335854e+02
6.498998998998999355e-01 2.588445732597695610e+02
6.507757757757757222e-01 2.588031850706055366e+02
6.516516516516516200e-01 2.587617968814414553e+02
6.525275275275275177e-01 2.587204086922773740e+02
6.534034034034034155e-01 2.586790205031133496e+02
6.542792792792793133e-01 2.586376323139493252e+02
6.551551551551551000e-01 2.585959255427428047e+02
6.560310310310309978e-01 2.585532974811530380e+02
6.569069069069068956e-01 2.585106694195633281e+02
6.577827827827827933e-01 2.584680413579736182e+02
6.586586586586586911e-01 2.584254132963837947e+02
6.595345345345344779e-01 2.583827090878184549e+02
6.604104104104103756e-01 2.583394390167769075e+02
6.612862862862862734e-01 2.582961689457353600e+02
6.621621621621621712e-01 2.582536355318895858e+02
6.630380380380380689e-01 2.582128655294965824e+02
6.639139139139138557e-01 2.581717091599890637e+02
6.647897897897897534e-01 2.581301475839657087e+02
6.656656656656656512e-01 2.580885860079422400e+02
6.665415415415415490e-01 2.580425079697085380e+02
6.674174174174174468e-01 2.579956749071832292e+02
6.682932932932932335e-01 2.579488418446578635e+02
6.691691691691691313e-01 2.579020087821325546e+02
6.700450450450450290e-01 2.578551757196072458e+02
6.709209209209209268e-01 2.578084959896897317e+02
6.717967967967968246e-01 2.577618730270839364e+02
6.726726726726726113e-01 2.577152500644781981e+02
6.735485485485485091e-01 2.576686271018724028e+02
6.744244244244244069e-01 2.576220041392666644e+02
6.753003003003003046e-01 2.575756338345940435e+02
6.761761761761762024e-01 2.575294327544842758e+02
6.770520520520521002e-01 2.574832316743744514e+02
6.779279279279278869e-01 2.574370305942646837e+02
6.788038038038037847e-01 2.573908295141548592e+02
6.796796796796796825e-01 2.573446284340450916e+02
6.805555555555555802e-01 2.572984273539352102e+02
6.814314314314314780e-01 2.572522262738254994e+02
6.823073073073072647e-01 2.572060251937156181e+02
6.831831831831831625e-01 2.571598241136058505e+02
6.840590590590590603e-01 2.571136230334960828e+02
6.849349349349349581e-01 2.570674219533862583e+02
6.858108108108108558e-01 2.570212208732764907e+02
6.866866866866866426e-01 2.569750197931666662e+02
6.875625625625625403e-01 2.569288187130568986e+02
6.884384384384384381e-01 2.568826176329470741e+02
6.893143143143143359e-01 2.568364165528372496e+02
6.901901901901902336e-01 2.567902154727274819e+02
6.910660660660660204e-01 2.567451502931788809e+02
6.919419419419419182e-01 2.567001022726321935e+02
6.928178178178178159e-01 2.566550542520855629e+02
6.936936936936937137e-01 2.566100062315389323e+02
6.945695695695696115e-01 2.565649582109923017e+02
6.954454454454453982e-01 2.565194326769736790e+02
6.963213213213212960e-01 2.564716719080033727e+02
6.971971971971971938e-01 2.564239111390330663e+02
6.980730730730730915e-01 2.563761503700627600e+02
6.989489489489489893e-01 2.563283896010924536e+02
6.998248248248247760e-01 2.562806288321221473e+02
7.007007007007006738e-01 2.562328680631518978e+02
7.015765765765765716e-01 2.561851072941815914e+02
7.024524524524524693e-01 2.561373465252113419e+02
7.033283283283283671e-01 2.560895857562410356e+02
7.042042042042041539e-01 2.560418249872707293e+02
7.050800800800800516e-01 2.559939715568083045e+02
7.059559559559559494e-01 2.559460916829262942e+02
7.068318318318318472e-01 2.558982118090442839e+02
7.077077077077077449e-01 2.558503319351623020e+02
7.085835835835835317e-01 2.558024520612802917e+02
7.094594594594594295e-01 2.557545721873983098e+02
7.103353353353353272e-01 2.557066923135162995e+02
7.112112112112112250e-01 2.556588124396342891e+02
7.120870870870871228e-01 2.556105220491454588e+02
7.129629629629629095e-01 2.555621025396844175e+02
7.138388388388388073e-01 2.555136830302233761e+02
7.147147147147147050e-01 2.554652635207623348e+02
7.155905905905906028e-01 2.554168440113012934e+02
7.164664664664665006e-01 2.553684245018402521e+02
7.173423423423422873e-01 2.553200049923792108e+02
7.182182182182181851e-01 2.552715854829181126e+02
7.190940940940940829e-01 2.552231659734570712e+02
7.199699699699699806e-01 2.551747464639960299e+02
7.208458458458458784e-01 2.551263269545349317e+02
7.217217217217216652e-01 2.550779074450739472e+02
7.225975975975975629e-01 2.550294879356128490e+02
7.234734734734734607e-01 2.549810684261518077e+02
7.243493493493493585e-01 2.549326489166907947e+02
7.252252252252252562e-01 2.548842294072297250e+02
7.261011011011010430e-01 2.548358098977686836e+02
7.269769769769769407e-01 2.547873903883076423e+02
7.278528528528528385e-01 2.547389708788466010e+02
7.287287287287287363e-01 2.546905513693855312e+02
7.296046046046046341e-01 2.546420653217107031e+02
7.304804804804804208e-01 2.545932056586971157e+02
7.313563563563563186e-01 2.545440207037266305e+02
7.322322322322322163e-01 2.544925375030528585e+02
7.331081081081081141e-01 2.544407770589285462e+02
7.339839839839840119e-01 2.543839591770806408e+02
7.348598598598597986e-01 2.543306705383799908e+02
7.357357357357356964e-01 2.542773818996793125e+02
7.366116116116115942e-01 2.542241736065756754e+02
7.374874874874874919e-01 2.541721923042850051e+02
7.383633633633633897e-01 2.541202110019943348e+02
7.392392392392392875e-01 2.540682296997036360e+02
7.401151151151150742e-01 2.540162483974129657e+02
7.409909909909909720e-01 2.539642670951222385e+02
7.418668668668668698e-01 2.539122857928316250e+02
7.427427427427427675e-01 2.538603044905408979e+02
7.436186186186186653e-01 2.538083231882501991e+02
7.444944944944944520e-01 2.537563418859595288e+02
7.453703703703703498e-01 2.537043605836688869e+02
7.462462462462462476e-01 2.536523792813782165e+02
7.471221221221221453e-01 2.536003979790874894e+02
7.479979979979980431e-01 2.535484166767968190e+02
7.488738738738738299e-01 2.534964353745061487e+02
7.497497497497497276e-01 2.534444540722154784e+02
7.506256256256256254e-01 2.533924727699247796e+02
7.515015015015015232e-01 2.533415478209938954e+02
7.523773773773774209e-01 2.532963590290827369e+02
7.532532532532532077e-01 2.532494859331814325e+02
7.541291291291291055e-01 2.532005898395310055e+02
7.550050050050050032e-01 2.531516937458805501e+02
7.558808808808809010e-01 2.531027976522301799e+02
7.567567567567567988e-01 2.530539015585797529e+02
7.576326326326325855e-01 2.530050054649293543e+02
7.585085085085084833e-01 2.529561093712789557e+02
7.593843843843843811e-01 2.529063013653985763e+02
7.602602602602602788e-01 2.528564283243140949e+02
7.611361361361361766e-01 2.528072419299898002e+02
7.620120120120119633e-01 2.527592249413611114e+02
7.628878878878878611e-01 2.527112079527323942e+02
7.637637637637637589e-01 2.526631909641036486e+02
7.646396396396396566e-01 2.526151739754749315e+02
7.655155155155155544e-01 2.525671569868462427e+02
7.663913913913913412e-01 2.525191399982174971e+02
7.672672672672672389e-01 2.524711230095888084e+02
7.681431431431431367e-01 2.524231060209600628e+02
7.690190190190190345e-01 2.523750890323313456e+02
7.698948948948949322e-01 2.523270720437026284e+02
7.707707707707707190e-01 2.522790550550739397e+02
7.716466466466466168e-01 2.522310380664451941e+02
7.725225225225225145e-01 2.521830210778165053e+02
7.733983983983984123e-01 2.521350040891877597e+02
7.742742742742743101e-01 2.520869871005590426e+02
7.751501501501500968e-01 2.520382921235303115e+02
7.760260260260259946e-01 2.519880430793575101e+02
7.769019019019018923e-01 2.519377940351847371e+02
7.777777777777777901e-01 2.518875449910119642e+02
7.786536536536536879e-01 2.518372959468391912e+02
7.795295295295294746e-01 2.517870469026663898e+02
7.804054054054053724e-01 2.517367978584936168e+02
7.812812812812812702e-01 2.516865488143208154e+02
7.821571571571571679e-01 2.516362673588661210e+02
7.830330330330330657e-01 2.515859318988972291e+02
7.839089089089088525e-01 2.515355964389282803e+02
7.847847847847847502e-01 2.514852609789593600e+02
7.856606606606606480e-01 2.514347775002833885e+02
7.865365365365365458e-01 2.513840772900584000e+02
7.874124124124124435e-01 2.513333770798334399e+02
7.882882882882882303e-01 2.512826768696084514e+02
7.891641641641641280e-01 2.512319766593835197e+02
7.900400400400400258e-01 2.511812764491585028e+02
7.909159159159159236e-01 2.511305762389335428e+02
7.917917917917918214e-01 2.510792666652594107e+02
7.926676676676676081e-01 2.510275483240752123e+02
7.935435435435435059e-01 2.509758299828910424e+02
7.944194194194194036e-01 2.509241116417068724e+02
7.952952952952953014e-01 2.508723933005226456e+02
7.961711711711711992e-01 2.508206749593384473e+02
7.970470470470469859e-01 2.507689566181542773e+02
7.979229229229228837e-01 2.507172382769700789e+02
7.987987987987987815e-01 2.506655199357858805e+02
7.996746746746746792e-01 2.506138015946017106e+02
8.005505505505505770e-01 2.505620832534175122e+02
8.014264264264264748e-01 2.505103378206026719e+02
8.023023023023022615e-01 2.504585621784725333e+02
8.031781781781781593e-01 2.504067865363422811e+02
8.040540540540540571e-01 2.503559690952660048e+02
8.049299299299299548e-01 2.503051811167703704e+02
8.058058058058058526e-01 2.502543931382747928e+02
8.066816816816816393e-01 2.502036051597792152e+02
8.075575575575575371e-01 2.501528171812835808e+02
8.084334334334334349e-01 2.501020292027880032e+02
8.093093093093093326e-01 2.500508086675103527e+02
8.101851851851852304e-01 2.499990133762731261e+02
8.110610610610610172e-01 2.499472180850358995e+02
8.119369369369369149e-01 2.498954227937986445e+02
8.128128128128128127e-01 2.498436275025613895e+02
8.136886886886887105e-01 2.497918322113241629e+02
8.145645645645646082e-01 2.497400369200869079e+02
8.154404404404403950e-01 2.496882416288496529e+02
8.163163163163162928e-01 2.496364463376124263e+02
8.171921921921921905e-01 2.495846510463751997e+02
8.180680680680680883e-01 2.495328557551379163e+02
8.189439439439439861e-01 2.494810604639006897e+02
8.198198198198197728e-01 2.494292651726634347e+02
8.206956956956956706e-01 2.493774698814262081e+02
8.215715715715715683e-01 2.493256745901889815e+02
8.224474474474474661e-01 2.492738792989517265e+02
8.233233233233233639e-01 2.492220840077144999e+02
8.241991991991991506e-01 2.491702887164772449e+02
8.250750750750750484e-01 2.491188479212032405e+02
8.259509509509509462e-01 2.490700167405218224e+02
8.268268268268268439e-01 2.490211855598404327e+02
8.277027027027027417e-01 2.489723543791590146e+02
8.285785785785785285e-01 2.489235231984776533e+02
8.294544544544544262e-01 2.488692334246465521e+02
8.303303303303303240e-01 2.488148335560115640e+02
8.312062062062062218e-01 2.487604336873765760e+02
8.320820820820821195e-01 2.487072020345390229e+02
8.329579579579579063e-01 2.486541726911329420e+02
8.338338338338338041e-01 2.486012893920362785e+02
8.347097097097097018e-01 2.485484368193516218e+02
8.355855855855855996e-01 2.484955842466668514e+02
8.364614614614614974e-01 2.484427316739821947e+02
8.373373373373372841e-01 2.483898791012974812e+02
8.382132132132131819e-01 2.483370265286127392e+02
8.390890890890890796e-01 2.482841739559280541e+02
8.399649649649649774e-01 2.482313213832433121e+02
8.408408408408408752e-01 2.481780367944321597e+02
8.417167167167166619e-01 2.481244213347043228e+02
8.425925925925925597e-01 2.480708058749764859e+02
8.434684684684684575e-01 2.480170100098737294e+02
8.443443443443443552e-01 2.479628618244679501e+02
8.452202202202202530e-01 2.479087136390622277e+02
8.460960960960960398e-01 2.478545654536565053e+02
8.469719719719719375e-01 2.478004172682507829e+02
8.478478478478478353e-01 2.477462690828450320e+02
8.487237237237237331e-01 2.476921208974393096e+02
8.495995995995996308e-01 2.476379727120335588e+02
8.504754754754754176e-01 2.475838245266278363e+02
8.513513513513513153e-01 2.475296763412221139e+02
8.522272272272272131e-01 2.474755281558163631e+02
8.531031031031031109e-01 2.474238890710212786e+02
8.539789789789790087e-01 2.473727968783794608e+02
8.548548548548547954e-01 2.473217046857376431e+02
8.557307307307306932e-01 2.472706124930958254e+02
8.566066066066065909e-01 2.472195203004540076e+02
8.574824824824824887e-01 2.471684620108040349e+02
8.583583583583583865e-01 2.471174776530653787e+02
8.592342342342341732e-01 2.470664932953267510e+02
8.601101101101100710e-01 2.470155089375880948e+02
8.609859859859859688e-01 2.469645917499132395e+02
8.618618618618618665e-01 2.469136797655436339e+02
8.627377377377377643e-01 2.468627677811740853e+02
8.636136136136135510e-01 2.468118557968045366e+02
8.644894894894894488e-01 2.467609438124349310e+02
8.653653653653653466e-01 2.467100318280653255e+02
8.662412412412412444e-01 2.466591198436958052e+02
8.671171171171171421e-01 2.466082078593261713e+02
8.679929929929930399e-01 2.465572958749566226e+02
8.688688688688688266e-01 2.465063838905870455e+02
8.697447447447447244e-01 2.464554719062174399e+02
8.706206206206206222e-01 2.464045599218478628e+02
8.714964964964965199e-01 2.463536479374782857e+02
8.723723723723724177e-01 2.463027359531087654e+02
8.732482482482482045e-01 2.462518239687391315e+02
8.741241241241241022e-01 2.462009119843695828e+02
8.750000000000000000e-01 2.461499999999999773e+02
