LineProbe
number of points: 1000 (fixed)
point 0: [0. 0. 0.]
point 1: [0.875 0.    0.   ]
-----

# T 1000
0.000000000000000000e+00 2.666394216989241386e+02
8.758758758758758683e-04 2.666514578670561946e+02
1.751751751751751737e-03 2.666634940351883643e+02
2.627627627627627388e-03 2.666755302033204771e+02
3.503503503503503473e-03 2.666875663714525331e+02
4.379379379379379558e-03 2.666998619746208874e+02
5.255255255255254776e-03 2.667122172135869960e+02
6.131131131131130861e-03 2.667245916744911369e+02
7.007007007007006946e-03 2.667372542570591349e+02
7.882882882882882164e-03 2.667499168396270761e+02
8.758758758758759116e-03 2.667625794221950741e+02
9.634634634634634334e-03 2.667752420047630721e+02
1.051051051051050955e-02 2.667879045873310702e+02
1.138638638638638650e-02 2.668005671698990682e+02
1.226226226226226172e-02 2.668132297524670093e+02
1.313813813813813867e-02 2.668258923350350642e+02
1.401401401401401389e-02 2.668385549176030622e+02
1.488988988988988911e-02 2.668510001497814983e+02
1.576576576576576433e-02 2.668631770723805516e+02
1.664164164164164128e-02 2.668753539949796050e+02
1.751751751751751823e-02 2.668875309175786583e+02
1.839339339339339172e-02 2.668997078401777685e+02
1.926926926926926867e-02 2.669118847627768218e+02
2.014514514514514562e-02 2.669240616853758183e+02
2.102102102102101910e-02 2.669362386079749285e+02
2.189689689689689606e-02 2.669482278983031165e+02
2.277277277277277301e-02 2.669600788262944207e+02
2.364864864864864996e-02 2.669719297542857248e+02
2.452452452452452344e-02 2.669837806822770290e+02
2.540040040040040040e-02 2.669956316102682763e+02
2.627627627627627735e-02 2.670074825382595805e+02
2.715215215215215083e-02 2.670193334662508278e+02
2.802802802802802778e-02 2.670311843942420751e+02
2.890390390390390474e-02 2.670430353222333792e+02
2.977977977977977822e-02 2.670548862502246834e+02
3.065565565565565517e-02 2.670667371782159307e+02
3.153153153153152866e-02 2.670785881062072349e+02
3.240740740740740561e-02 2.670904390341985390e+02
3.328328328328328256e-02 2.671022899621898432e+02
3.415915915915915951e-02 2.671141408901811474e+02
3.503503503503503647e-02 2.671259918181723947e+02
3.591091091091091342e-02 2.671378427461636988e+02
3.678678678678678343e-02 2.671496936741549462e+02
3.766266266266266038e-02 2.671615446021462503e+02
3.853853853853853734e-02 2.671733955301375545e+02
3.941441441441441429e-02 2.671852464581288586e+02
4.029029029029029124e-02 2.671970973861200491e+02
4.116616616616616819e-02 2.672082917668029154e+02
4.204204204204203821e-02 2.672188330961777751e+02
4.291791791791791516e-02 2.672293744255526917e+02
4.379379379379379211e-02 2.672401014634881449e+02
4.466966966966966907e-02 2.672511068435342168e+02
4.554554554554554602e-02 2.672621122235802318e+02
4.642142142142142297e-02 2.672727326886449646e+02
4.729729729729729992e-02 2.672830701243951239e+02
4.817317317317316994e-02 2.672933987180677491e+02
4.904904904904904689e-02 2.673037273117403174e+02
4.992492492492492384e-02 2.673140559054129426e+02
5.080080080080080079e-02 2.673243844990855109e+02
5.167667667667667775e-02 2.673347130927580793e+02
5.255255255255255470e-02 2.673450416864307044e+02
5.342842842842842471e-02 2.673553297059681881e+02
5.430430430430430166e-02 2.673655607848650106e+02
5.518018018018017862e-02 2.673757918637617763e+02
5.605605605605605557e-02 2.673860229426585420e+02
5.693193193193193252e-02 2.673962540215552508e+02
5.780780780780780947e-02 2.674064851004519596e+02
5.868368368368368643e-02 2.674167161793487821e+02
5.955955955955955644e-02 2.674269472582455478e+02
6.043543543543543339e-02 2.674371783371423135e+02
6.131131131131131035e-02 2.674474094160390791e+02
6.218718718718718730e-02 2.674576404949358448e+02
6.306306306306305731e-02 2.674678715738325536e+02
6.393893893893894120e-02 2.674781026527293193e+02
6.481481481481481122e-02 2.674878396331710633e+02
6.569069069069069511e-02 2.674975248943152337e+02
6.656656656656656512e-02 2.675072101554593473e+02
6.744244244244243514e-02 2.675168954166035178e+02
6.831831831831831903e-02 2.675264492549493980e+02
6.919419419419418904e-02 2.675359677443012174e+02
7.007007007007007293e-02 2.675454862336529231e+02
7.094594594594594295e-02 2.675550047230047426e+02
7.182182182182182684e-02 2.675645232123565620e+02
7.269769769769769685e-02 2.675740417017082677e+02
7.357357357357356686e-02 2.675835601910601440e+02
7.444944944944945076e-02 2.675933488952765629e+02
7.532532532532532077e-02 2.676033484012196482e+02
7.620120120120120466e-02 2.676133479071628472e+02
7.707707707707707467e-02 2.676233474131059324e+02
7.795295295295295857e-02 2.676333469190490746e+02
7.882882882882882858e-02 2.676431614764354663e+02
7.970470470470469859e-02 2.676529469663181544e+02
8.058058058058058248e-02 2.676627324562008994e+02
8.145645645645645250e-02 2.676725179460836443e+02
8.233233233233233639e-02 2.676823034359663325e+02
8.320820820820820640e-02 2.676920889258490774e+02
8.408408408408407642e-02 2.677018744157318224e+02
8.495995995995996031e-02 2.677116599056145674e+02
8.583583583583583032e-02 2.677214453954973123e+02
8.671171171171171421e-02 2.677312308853800005e+02
8.758758758758758423e-02 2.677410163752627454e+02
8.846346346346346812e-02 2.677508018651454904e+02
8.933933933933933813e-02 2.677605873550281785e+02
9.021521521521520814e-02 2.677703728449109235e+02
9.109109109109109204e-02 2.677801583347936685e+02
9.196696696696696205e-02 2.677903520661882339e+02
9.284284284284284594e-02 2.678005800967836194e+02
9.371871871871871595e-02 2.678108081273789480e+02
9.459459459459459985e-02 2.678210361579743335e+02
9.547047047047046986e-02 2.678312641885697190e+02
9.634634634634633987e-02 2.678414922191651613e+02
9.722222222222222376e-02 2.678517202497604899e+02
9.809809809809809378e-02 2.678619482803558753e+02
9.897397397397397767e-02 2.678721763109512608e+02
9.984984984984984768e-02 2.678824043415466463e+02
1.007257257257257316e-01 2.678926323721420317e+02
1.016016016016016016e-01 2.679028604027373603e+02
1.024774774774774716e-01 2.679124646439391881e+02
1.033533533533533555e-01 2.679207932450621001e+02
1.042292292292292255e-01 2.679291218461849553e+02
1.051051051051051094e-01 2.679374504473078105e+02
1.059809809809809794e-01 2.679457790484307225e+02
1.068568568568568494e-01 2.679541076495536345e+02
1.077327327327327333e-01 2.679624362506765465e+02
1.086086086086086033e-01 2.679707648517993448e+02
1.094844844844844872e-01 2.679790934529222568e+02
1.103603603603603572e-01 2.679874220540451688e+02
1.112362362362362411e-01 2.679957506551680240e+02
1.121121121121121111e-01 2.680040792562908791e+02
1.129879879879879812e-01 2.680124078574137911e+02
1.138638638638638650e-01 2.680207364585366463e+02
1.147397397397397351e-01 2.680290650596595583e+02
1.156156156156156189e-01 2.680373936607824135e+02
1.164914914914914890e-01 2.680460069450423930e+02
1.173673673673673729e-01 2.680549596499491827e+02
1.182432432432432429e-01 2.680640213005909231e+02
1.191191191191191129e-01 2.680730829512327773e+02
1.199949949949949968e-01 2.680821446018745746e+02
1.208708708708708668e-01 2.680912062525163719e+02
1.217467467467467507e-01 2.681001564128114296e+02
1.226226226226226207e-01 2.681078914931940744e+02
1.234984984984984907e-01 2.681156265735767192e+02
1.243743743743743746e-01 2.681233616539593640e+02
1.252502502502502446e-01 2.681310967343420089e+02
1.261261261261261146e-01 2.681387238669870499e+02
1.270020020020020124e-01 2.681462896951856578e+02
1.278778778778778824e-01 2.681538555233842658e+02
1.287537537537537524e-01 2.681611699111010694e+02
1.296296296296296224e-01 2.681684035738253442e+02
1.305055055055054924e-01 2.681756372365496190e+02
1.313813813813813902e-01 2.681828708992738370e+02
1.322572572572572602e-01 2.681901045619981119e+02
1.331331331331331302e-01 2.681973382247223867e+02
1.340090090090090003e-01 2.682045718874466047e+02
1.348848848848848703e-01 2.682118055501708795e+02
1.357607607607607680e-01 2.682190392128950975e+02
1.366366366366366381e-01 2.682262728756193155e+02
1.375125125125125081e-01 2.682335065383435904e+02
1.383883883883883781e-01 2.682407402010678652e+02
1.392642642642642758e-01 2.682479738637921400e+02
1.401401401401401459e-01 2.682552075265164149e+02
1.410160160160160159e-01 2.682624411892405760e+02
1.418918918918918859e-01 2.682696748519648509e+02
1.427677677677677559e-01 2.682769085146891257e+02
1.436436436436436537e-01 2.682841421774134005e+02
1.445195195195195237e-01 2.682914557937571089e+02
1.453953953953953937e-01 2.682991309897606698e+02
1.462712712712712637e-01 2.683068007581168786e+02
1.471471471471471337e-01 2.683144687563356001e+02
1.480230230230230315e-01 2.683221367545543217e+02
1.488988988988989015e-01 2.683298047527730432e+02
1.497747747747747715e-01 2.683374727509917079e+02
1.506506506506506415e-01 2.683451407492104295e+02
1.515265265265265116e-01 2.683528087474291510e+02
1.524024024024024093e-01 2.683604767456478157e+02
1.532782782782782793e-01 2.683681447438665941e+02
1.541541541541541493e-01 2.683758127420852588e+02
1.550300300300300194e-01 2.683834807403039804e+02
1.559059059059059171e-01 2.683911487385227019e+02
1.567817817817817871e-01 2.683988167367414235e+02
1.576576576576576572e-01 2.684064847349601450e+02
1.585335335335335272e-01 2.684140746013530929e+02
1.594094094094093972e-01 2.684212796508822976e+02
1.602852852852852950e-01 2.684284847004115022e+02
1.611611611611611650e-01 2.684356897499407069e+02
1.620370370370370350e-01 2.684428947994699115e+02
1.629129129129129050e-01 2.684500998489991161e+02
1.637887887887887750e-01 2.684573048985283776e+02
1.646646646646646728e-01 2.684645099480575823e+02
1.655405405405405428e-01 2.684705299054164698e+02
1.664164164164164128e-01 2.684762579067485149e+02
1.672922922922922828e-01 2.684819859080805031e+02
1.681681681681681528e-01 2.684877139094124914e+02
1.690440440440440506e-01 2.684934419107445365e+02
1.699199199199199206e-01 2.684991699120765247e+02
1.707957957957957906e-01 2.685046317969459437e+02
1.716716716716716606e-01 2.685096607153432160e+02
1.725475475475475584e-01 2.685146896337404883e+02
1.734234234234234284e-01 2.685197185521377605e+02
1.742992992992992984e-01 2.685247474705349759e+02
1.751751751751751685e-01 2.685297763889323051e+02
1.760510510510510385e-01 2.685348053073295205e+02
1.769269269269269362e-01 2.685398342257267927e+02
1.778028028028028062e-01 2.685444259054069107e+02
1.786786786786786763e-01 2.685487590844336410e+02
1.795545545545545463e-01 2.685530922634603712e+02
1.804304304304304163e-01 2.685574254424871015e+02
1.813063063063063141e-01 2.685617586215138317e+02
1.821821821821821841e-01 2.685660918005405620e+02
1.830580580580580541e-01 2.685704249795673491e+02
1.839339339339339241e-01 2.685747581585941361e+02
1.848098098098098219e-01 2.685790913376208664e+02
1.856856856856856919e-01 2.685834245166476535e+02
1.865615615615615619e-01 2.685877576956743269e+02
1.874374374374374319e-01 2.685920908747011140e+02
1.883133133133133019e-01 2.685965388773009295e+02
1.891891891891891997e-01 2.686010618425141274e+02
1.900650650650650697e-01 2.686055848077272685e+02
1.909409409409409397e-01 2.686101077729405233e+02
1.918168168168168097e-01 2.686146307381537213e+02
1.926926926926926797e-01 2.686191537033668624e+02
1.935685685685685775e-01 2.686236766685800603e+02
1.944444444444444475e-01 2.686281996337932014e+02
1.953203203203203175e-01 2.686327225990063994e+02
1.961961961961961876e-01 2.686372455642195973e+02
1.970720720720720576e-01 2.686417685294327953e+02
1.979479479479479553e-01 2.686455283289470231e+02
1.988238238238238254e-01 2.686488875572363213e+02
1.996996996996996954e-01 2.686522467855255059e+02
2.005755755755755654e-01 2.686556060138147473e+02
2.014514514514514631e-01 2.686588470250774208e+02
2.023273273273273332e-01 2.686615935828685906e+02
2.032032032032032032e-01 2.686643401406597036e+02
2.040790790790790732e-01 2.686670866984508166e+02
2.049549549549549432e-01 2.686698332562419864e+02
2.058308308308308410e-01 2.686725798140330426e+02
2.067067067067067110e-01 2.686753263718242692e+02
2.075825825825825810e-01 2.686780729296153822e+02
2.084584584584584510e-01 2.686808194874064952e+02
2.093343343343343210e-01 2.686835660451976082e+02
2.102102102102102188e-01 2.686863126029887781e+02
2.110860860860860888e-01 2.686890591607798910e+02
2.119619619619619588e-01 2.686918057185710040e+02
2.128378378378378288e-01 2.686945522763621170e+02
2.137137137137136988e-01 2.686972988341532869e+02
2.145895895895895966e-01 2.687000453919443999e+02
2.154654654654654666e-01 2.687027919497355697e+02
2.163413413413413366e-01 2.687055385075266827e+02
2.172172172172172067e-01 2.687082687298989185e+02
2.180930930930931044e-01 2.687109969293683207e+02
2.189689689689689744e-01 2.687137251288376660e+02
2.198448448448448445e-01 2.687153031229913722e+02
2.207207207207207145e-01 2.687168206680071307e+02
2.215965965965965845e-01 2.687183382130228892e+02
2.224724724724724823e-01 2.687198557580385909e+02
2.233483483483483523e-01 2.687213733030543494e+02
2.242242242242242223e-01 2.687228908480700511e+02
2.251001001001000923e-01 2.687244083930858096e+02
2.259759759759759623e-01 2.687259259381015681e+02
2.268518518518518601e-01 2.687274434831172698e+02
2.277277277277277301e-01 2.687289610281330852e+02
2.286036036036036001e-01 2.687304785731487300e+02
2.294794794794794701e-01 2.687319961181644885e+02
2.303553553553553401e-01 2.687335136631802470e+02
2.312312312312312379e-01 2.687349087996780668e+02
2.321071071071071079e-01 2.687358487213547278e+02
2.329829829829829779e-01 2.687367886430313888e+02
2.338588588588588479e-01 2.687377285647081067e+02
2.347347347347347457e-01 2.687386684863847677e+02
2.356106106106106157e-01 2.687396084080614855e+02
2.364864864864864857e-01 2.687405483297382034e+02
2.373623623623623557e-01 2.687414882514148644e+02
2.382382382382382258e-01 2.687424281730915254e+02
2.391141141141141235e-01 2.687433233500876213e+02
2.399899899899899935e-01 2.687424789657188171e+02
2.408658658658658636e-01 2.687416345813499561e+02
2.417417417417417336e-01 2.687407901969811519e+02
2.426176176176176036e-01 2.687391865611908770e+02
2.434934934934935014e-01 2.687373300620979535e+02
2.443693693693693714e-01 2.687354735630050300e+02
2.452452452452452414e-01 2.687336170639121633e+02
2.461211211211211114e-01 2.687317605648192966e+02
2.469969969969969814e-01 2.687299040657263163e+02
2.478728728728728792e-01 2.687280475666334496e+02
2.487487487487487492e-01 2.687261910675405829e+02
2.496246246246246192e-01 2.687242419118204566e+02
2.505005005005004892e-01 2.687222076408039584e+02
2.513763763763763870e-01 2.687201733697875170e+02
2.522522522522522292e-01 2.687181390987710188e+02
2.531281281281281270e-01 2.687161048277545774e+02
2.540040040040040248e-01 2.687141063652347839e+02
2.548798798798798670e-01 2.687121275454787792e+02
2.557557557557557648e-01 2.687101487257228882e+02
2.566316316316316071e-01 2.687081699059669972e+02
2.575075075075075048e-01 2.687061910862110494e+02
2.583833833833834026e-01 2.687042122664551016e+02
2.592592592592592449e-01 2.687022334466992106e+02
2.601351351351351426e-01 2.687002546269432628e+02
2.610110110110109849e-01 2.686982758071873150e+02
2.618868868868868827e-01 2.686962969874314240e+02
2.627627627627627804e-01 2.686942399375726040e+02
2.636386386386386227e-01 2.686920456214605224e+02
2.645145145145145205e-01 2.686898513053484976e+02
2.653903903903903627e-01 2.686876569892364728e+02
2.662662662662662605e-01 2.686854626731244480e+02
2.671421421421421583e-01 2.686832683570124232e+02
2.680180180180180005e-01 2.686794356365794556e+02
2.688938938938938983e-01 2.686751028108387231e+02
2.697697697697697405e-01 2.686707699850979907e+02
2.706456456456456383e-01 2.686664371593572014e+02
2.715215215215215361e-01 2.686621043336165258e+02
2.723973973973973783e-01 2.686577715078757365e+02
2.732732732732732761e-01 2.686534386821350040e+02
2.741491491491491739e-01 2.686487602650494182e+02
2.750250250250250161e-01 2.686439261096253404e+02
2.759009009009009139e-01 2.686390919542012625e+02
2.767767767767767562e-01 2.686342577987772415e+02
2.776526526526526539e-01 2.686294236433531637e+02
2.785285285285285517e-01 2.686245894879290859e+02
2.794044044044043940e-01 2.686197553325050649e+02
2.802802802802802917e-01 2.686149211770809870e+02
2.811561561561561340e-01 2.686100870216569660e+02
2.820320320320320318e-01 2.686052528662328882e+02
2.829079079079079295e-01 2.686005397759167863e+02
2.837837837837837718e-01 2.685959825446841478e+02
2.846596596596596696e-01 2.685914253134515093e+02
2.855355355355355118e-01 2.685868680822188708e+02
2.864114114114114096e-01 2.685823108509861186e+02
2.872872872872873073e-01 2.685776658504646548e+02
2.881631631631631496e-01 2.685720135872271612e+02
2.890390390390390474e-01 2.685663613239896108e+02
2.899149149149148896e-01 2.685607090607521172e+02
2.907907907907907874e-01 2.685550567975146237e+02
2.916666666666666852e-01 2.685494045342770733e+02
2.925425425425425274e-01 2.685437522710395797e+02
2.934184184184184252e-01 2.685381000078020293e+02
2.942942942942942675e-01 2.685324477445645357e+02
2.951701701701701652e-01 2.685267862847925358e+02
2.960460460460460630e-01 2.685210696659625000e+02
2.969219219219219053e-01 2.685153530471325212e+02
2.977977977977978030e-01 2.685096364283024286e+02
2.986736736736736453e-01 2.685039198094724497e+02
2.995495495495495430e-01 2.684981792083893311e+02
3.004254254254254408e-01 2.684924207178913775e+02
3.013013013013012831e-01 2.684866622273933103e+02
3.021771771771771808e-01 2.684809037368953568e+02
3.030530530530530231e-01 2.684751452463973465e+02
3.039289289289289209e-01 2.684693867558993929e+02
3.048048048048048186e-01 2.684636282654013826e+02
3.056806806806806609e-01 2.684578697749033722e+02
3.065565565565565587e-01 2.684521112844054187e+02
3.074324324324324564e-01 2.684455969981651720e+02
3.083083083083082987e-01 2.684382863664773140e+02
3.091841841841841965e-01 2.684309757347893992e+02
3.100600600600600387e-01 2.684236651031014844e+02
3.109359359359359365e-01 2.684163544714136265e+02
3.118118118118118343e-01 2.684089123717149619e+02
3.126876876876876765e-01 2.684011232597209187e+02
3.135635635635635743e-01 2.683933341477268755e+02
3.144394394394394165e-01 2.683855450357328323e+02
3.153153153153153143e-01 2.683777559237387891e+02
3.161911911911912121e-01 2.683699668117447459e+02
3.170670670670670543e-01 2.683621776997507027e+02
3.179429429429429521e-01 2.683543885877566595e+02
3.188188188188187944e-01 2.683465994757625595e+02
3.196946946946946921e-01 2.683383936394749867e+02
3.205705705705705899e-01 2.683301673348785812e+02
3.214464464464464322e-01 2.683219410302822325e+02
3.223223223223223299e-01 2.683137147256858270e+02
3.231981981981981722e-01 2.683054884210894215e+02
3.240740740740740700e-01 2.682972621164930160e+02
3.249499499499499677e-01 2.682890358118966674e+02
3.258258258258258100e-01 2.682808095073002050e+02
3.267017017017017078e-01 2.682727638881958114e+02
3.275775775775775500e-01 2.682649255631830556e+02
3.284534534534534478e-01 2.682570872381704703e+02
3.293293293293293456e-01 2.682492489131577713e+02
3.302052052052051878e-01 2.682414105881450723e+02
3.310810810810810856e-01 2.682335722631324302e+02
3.319569569569569278e-01 2.682257339381197880e+02
3.328328328328328256e-01 2.682168177295010310e+02
3.337087087087087234e-01 2.682071677933175806e+02
3.345845845845845656e-01 2.681975178571342440e+02
3.354604604604604634e-01 2.681878679209507936e+02
3.363363363363363057e-01 2.681782179847674570e+02
3.372122122122122034e-01 2.681683937344247965e+02
3.380880880880881012e-01 2.681584048862158625e+02
3.389639639639639435e-01 2.681484160380069284e+02
3.398398398398398412e-01 2.681384271897980511e+02
3.407157157157157390e-01 2.681284383415891739e+02
3.415915915915915813e-01 2.681184494933802398e+02
3.424674674674674790e-01 2.681084606451713057e+02
3.433433433433433213e-01 2.680984717969623716e+02
3.442192192192192191e-01 2.680882895485710264e+02
3.450950950950951168e-01 2.680770427940140621e+02
3.459709709709709591e-01 2.680657960394570409e+02
3.468468468468468568e-01 2.680545492849000766e+02
3.477227227227226991e-01 2.680433025303431123e+02
3.485985985985985969e-01 2.680320557757860911e+02
3.494744744744744946e-01 2.680208090212290699e+02
3.503503503503503369e-01 2.680095622666721624e+02
3.512262262262262347e-01 2.679983155121151412e+02
3.521021021021020769e-01 2.679870687575581769e+02
3.529779779779779747e-01 2.679758220030011557e+02
3.538538538538538725e-01 2.679645752484441914e+02
3.547297297297297147e-01 2.679533284938871702e+02
3.556056056056056125e-01 2.679420817393302059e+02
3.564814814814814548e-01 2.679307974966603751e+02
3.573573573573573525e-01 2.679184092312751773e+02
3.582332332332332503e-01 2.679059588938166598e+02
3.591091091091090926e-01 2.678935085563581424e+02
3.599849849849849903e-01 2.678810582188995681e+02
3.608608608608608326e-01 2.678686078814410507e+02
3.617367367367367303e-01 2.678561575439825901e+02
3.626126126126126281e-01 2.678437072065240159e+02
3.634884884884884704e-01 2.678312568690655553e+02
3.643643643643643681e-01 2.678188065316069810e+02
3.652402402402402104e-01 2.678063561941484636e+02
3.661161161161161082e-01 2.677939058566900030e+02
3.669919919919920059e-01 2.677814555192314856e+02
3.678678678678678482e-01 2.677690051817729682e+02
3.687437437437437460e-01 2.677565548443143939e+02
3.696196196196196437e-01 2.677441045068558765e+02
3.704954954954954860e-01 2.677287324251616383e+02
3.713713713713713838e-01 2.677125544584289969e+02
3.722472472472472260e-01 2.676963764916963555e+02
3.731231231231231238e-01 2.676801985249636573e+02
3.739989989989990216e-01 2.676640205582309591e+02
3.748748748748748638e-01 2.676478425914983177e+02
3.757507507507507616e-01 2.676316646247656763e+02
3.766266266266266038e-01 2.676154866580329781e+02
3.775025025025025016e-01 2.675993086913002799e+02
3.783783783783783994e-01 2.675831307245676385e+02
3.792542542542542416e-01 2.675669527578349971e+02
3.801301301301301394e-01 2.675507747911022989e+02
3.810060060060059817e-01 2.675344800897723303e+02
3.818818818818818794e-01 2.675178456458984897e+02
3.827577577577577772e-01 2.675012112020246491e+02
3.836336336336336195e-01 2.674845767581508085e+02
3.845095095095095172e-01 2.674679423142769679e+02
3.853853853853853595e-01 2.674513078704031273e+02
3.862612612612612573e-01 2.674346734265292866e+02
3.871371371371371550e-01 2.674175239770878534e+02
3.880130130130129973e-01 2.674000524075427165e+02
3.888888888888888951e-01 2.673825808379976934e+02
3.897647647647647373e-01 2.673651092684526134e+02
3.906406406406406351e-01 2.673476376989075902e+02
3.915165165165165329e-01 2.673301661293624534e+02
3.923923923923923751e-01 2.673126945598174302e+02
3.932682682682682729e-01 2.672952229902722934e+02
3.941441441441441151e-01 2.672756251482265952e+02
3.950200200200200129e-01 2.672555529763185973e+02
3.958958958958959107e-01 2.672354808044106562e+02
3.967717717717717529e-01 2.672154086325027720e+02
3.976476476476476507e-01 2.671953364605948309e+02
3.985235235235234930e-01 2.671752642886868330e+02
3.993993993993993907e-01 2.671551921167788919e+02
4.002752752752752885e-01 2.671351199448709508e+02
4.011511511511511308e-01 2.671150477729630097e+02
4.020270270270270285e-01 2.670949756010550686e+02
4.029029029029029263e-01 2.670749034291471276e+02
4.037787787787787686e-01 2.670548312572391865e+02
4.046546546546546663e-01 2.670347590853312454e+02
4.055305305305305086e-01 2.670146869134233043e+02
4.064064064064064064e-01 2.669946147415153632e+02
4.072822822822823041e-01 2.669745515188809009e+02
4.081581581581581464e-01 2.669547446277232439e+02
4.090340340340340441e-01 2.669349377365656437e+02
4.099099099099098864e-01 2.669151308454079867e+02
4.107857857857857842e-01 2.668953239542503866e+02
4.116616616616616819e-01 2.668755170630927864e+02
4.125375375375375242e-01 2.668557101719351863e+02
4.134134134134134220e-01 2.668359032807775861e+02
4.142892892892892642e-01 2.668123560162075592e+02
4.151651651651651620e-01 2.667883988689100079e+02
4.160410410410410598e-01 2.667689512442146906e+02
4.169169169169169020e-01 2.667499155300041593e+02
4.177927927927927998e-01 2.667298622793614982e+02
4.186686686686686421e-01 2.667094451941830471e+02
4.195445445445445398e-01 2.666890281090046528e+02
4.204204204204204376e-01 2.666686110238262586e+02
4.212962962962962798e-01 2.666481939386478075e+02
4.221721721721721776e-01 2.666277609006207285e+02
4.230480480480480199e-01 2.666071338058168863e+02
4.239239239239239176e-01 2.665865067110129871e+02
4.247997997997998154e-01 2.665658796162090312e+02
4.256756756756756577e-01 2.665452525214051320e+02
4.265515515515515554e-01 2.665246254266012329e+02
4.274274274274273977e-01 2.665039983317973338e+02
4.283033033033032955e-01 2.664833712369934346e+02
4.291791791791791932e-01 2.664623851142832791e+02
4.300550550550550355e-01 2.664412835987328663e+02
4.309309309309309333e-01 2.664201820831824534e+02
4.318068068068067755e-01 2.663990805676320406e+02
4.326826826826826733e-01 2.663779790520816846e+02
4.335585585585585711e-01 2.663568775365312149e+02
4.344344344344344133e-01 2.663339811849751868e+02
4.353103103103103111e-01 2.663101737521667474e+02
4.361861861861862089e-01 2.662863663193582511e+02
4.370620620620620511e-01 2.662625588865498685e+02
4.379379379379379489e-01 2.662387514537414290e+02
4.388138138138137911e-01 2.662149440209329896e+02
4.396896896896896889e-01 2.661911365881245501e+02
4.405655655655655867e-01 2.661673291553161107e+02
4.414414414414414289e-01 2.661435217225076144e+02
4.423173173173173267e-01 2.661197142896992318e+02
4.431931931931931690e-01 2.660959068568907355e+02
4.440690690690690667e-01 2.660720994240823529e+02
4.449449449449449645e-01 2.660482919912738566e+02
4.458208208208208068e-01 2.660244845584654172e+02
4.466966966966967045e-01 2.660006771256569778e+02
4.475725725725725468e-01 2.659768696928485383e+02
4.484484484484484446e-01 2.659530622600400989e+02
4.493243243243243423e-01 2.659292548272316594e+02
4.502002002002001846e-01 2.659054473944232200e+02
4.510760760760760824e-01 2.658816399616148374e+02
4.519519519519519246e-01 2.658571576047487497e+02
4.528278278278278224e-01 2.658323173310238872e+02
4.537037037037037202e-01 2.658074770572989678e+02
4.545795795795795624e-01 2.657826367835740484e+02
4.554554554554554602e-01 2.657577965098490722e+02
4.563313313313313024e-01 2.657329562361242097e+02
4.572072072072072002e-01 2.657081159623993472e+02
4.580830830830830980e-01 2.656832756886744278e+02
4.589589589589589402e-01 2.656584354149495084e+02
4.598348348348348380e-01 2.656335951412245890e+02
4.607107107107106803e-01 2.656087548674996697e+02
4.615865865865865780e-01 2.655839145937747503e+02
4.624624624624624758e-01 2.655590743200498309e+02
4.633383383383383181e-01 2.655342340463249684e+02
4.642142142142142158e-01 2.655093937726000490e+02
4.650900900900901136e-01 2.654845534988751297e+02
4.659659659659659559e-01 2.654597132251502103e+02
4.668418418418418536e-01 2.654348729514252909e+02
4.677177177177176959e-01 2.654100326777003716e+02
4.685935935935935936e-01 2.653845699762069898e+02
4.694694694694694914e-01 2.653587441670466092e+02
4.703453453453453337e-01 2.653329183578861716e+02
4.712212212212212314e-01 2.653070925487257909e+02
4.720970970970970737e-01 2.652812667395654103e+02
4.729729729729729715e-01 2.652557490076042086e+02
4.738488488488488692e-01 2.652303788963549778e+02
4.747247247247247115e-01 2.652050087851056901e+02
4.756006006006006093e-01 2.651796386738564593e+02
4.764764764764764515e-01 2.651542685626072284e+02
4.773523523523523493e-01 2.651288984513579408e+02
4.782282282282282471e-01 2.651035283401087099e+02
4.791041041041040893e-01 2.650781582288594223e+02
4.799799799799799871e-01 2.650525554703369266e+02
4.808558558558558294e-01 2.650268176316009203e+02
4.817317317317317271e-01 2.650010797928649140e+02
4.826076076076076249e-01 2.649753419541289077e+02
4.834834834834834671e-01 2.649496041153929582e+02
4.843593593593593649e-01 2.649238662766569519e+02
4.852352352352352072e-01 2.648981284379209455e+02
4.861111111111111049e-01 2.648723905991849392e+02
4.869869869869870027e-01 2.648445247224829018e+02
4.878628628628628450e-01 2.648162742399638887e+02
4.887387387387387427e-01 2.647880237574449325e+02
4.896146146146145850e-01 2.647597732749259194e+02
4.904904904904904828e-01 2.647315227924069632e+02
4.913663663663663805e-01 2.647032723098880069e+02
4.922422422422422228e-01 2.646750218273690507e+02
4.931181181181181206e-01 2.646467713448500945e+02
4.939939939939939628e-01 2.646185208623310814e+02
4.948698698698698606e-01 2.645902703798120683e+02
4.957457457457457584e-01 2.645620198972931121e+02
4.966216216216216006e-01 2.645337694147741558e+02
4.974974974974974984e-01 2.645055189322551996e+02
4.983733733733733962e-01 2.644773657666461304e+02
4.992492492492492384e-01 2.644492314791310150e+02
5.001251251251250807e-01 2.644210971916158428e+02
5.010010010010009784e-01 2.643929629041006706e+02
5.018768768768768762e-01 2.643648286165854984e+02
5.027527527527527740e-01 2.643366943290703261e+02
5.036286286286286717e-01 2.643085600415551539e+02
5.045045045045044585e-01 2.642804257540400386e+02
5.053803803803803563e-01 2.642522914665248663e+02
5.062562562562562540e-01 2.642241617954109643e+02
5.071321321321321518e-01 2.641944193710660329e+02
5.080080080080080496e-01 2.641625515740645938e+02
5.088838838838838363e-01 2.641299988292323064e+02
5.097597597597597341e-01 2.640974460844000191e+02
5.106356356356356319e-01 2.640648933395677886e+02
5.115115115115115296e-01 2.640323405947355013e+02
5.123873873873874274e-01 2.639997878499032140e+02
5.132632632632632141e-01 2.639672351050709267e+02
5.141391391391391119e-01 2.639346823602386962e+02
5.150150150150150097e-01 2.639032782513793336e+02
5.158908908908909074e-01 2.638719148338570903e+02
5.167667667667668052e-01 2.638405514163348471e+02
5.176426426426425920e-01 2.638091879988126038e+02
5.185185185185184897e-01 2.637778245812903606e+02
5.193943943943943875e-01 2.637464611637681742e+02
5.202702702702702853e-01 2.637150977462458741e+02
5.211461461461461830e-01 2.636837343287236877e+02
5.220220220220219698e-01 2.636523709112014444e+02
5.228978978978978676e-01 2.636210074936792012e+02
5.237737737737737653e-01 2.635896440761569579e+02
5.246496496496496631e-01 2.635582806586347147e+02
5.255255255255255609e-01 2.635269172411124714e+02
5.264014014014013476e-01 2.634955538235902281e+02
5.272772772772772454e-01 2.634641904060679849e+02
5.281531531531531432e-01 2.634328459613010409e+02
5.290290290290290409e-01 2.634015036540626511e+02
5.299049049049049387e-01 2.633701613468242613e+02
5.307807807807807254e-01 2.633388190395858146e+02
5.316566566566566232e-01 2.633074767323474248e+02
5.325325325325325210e-01 2.632761344251090350e+02
5.334084084084084187e-01 2.632447921178706451e+02
5.342842842842843165e-01 2.632134498106322553e+02
5.351601601601601033e-01 2.631818829959726713e+02
5.360360360360360010e-01 2.631501845170700449e+02
5.369119119119118988e-01 2.631180993957580085e+02
5.377877877877877966e-01 2.630855533215451487e+02
5.386636636636636943e-01 2.630530072473321752e+02
5.395395395395394811e-01 2.630204611731192585e+02
5.404154154154153789e-01 2.629879150989063419e+02
5.412912912912912766e-01 2.629553690246933684e+02
5.421671671671671744e-01 2.629228229504805086e+02
5.430430430430430722e-01 2.628902768762675350e+02
5.439189189189188589e-01 2.628577308020546184e+02
5.447947947947947567e-01 2.628251847278417017e+02
5.456706706706706544e-01 2.627926386536287851e+02
5.465465465465465522e-01 2.627600925794158684e+02
5.474224224224224500e-01 2.627267329249122554e+02
5.482982982982983478e-01 2.626928582713027254e+02
5.491741741741741345e-01 2.626589836176931954e+02
5.500500500500500323e-01 2.626251089640836653e+02
5.509259259259259300e-01 2.625912343104741353e+02
5.518018018018018278e-01 2.625573596568646053e+02
5.526776776776777256e-01 2.625234850032550753e+02
5.535535535535535123e-01 2.624896103496455453e+02
5.544294294294294101e-01 2.624557356960359584e+02
5.553053053053053079e-01 2.624218610424264853e+02
5.561811811811812056e-01 2.623869213527140118e+02
5.570570570570571034e-01 2.623517732133481672e+02
5.579329329329328901e-01 2.623166250739823795e+02
5.588088088088087879e-01 2.622814769346165349e+02
5.596846846846846857e-01 2.622463287952507471e+02
5.605605605605605835e-01 2.622111806558849594e+02
5.614364364364364812e-01 2.621760325165191148e+02
5.623123123123122680e-01 2.621408843771532702e+02
5.631881881881881657e-01 2.621057362377874824e+02
5.640640640640640635e-01 2.620705880984216378e+02
5.649399399399399613e-01 2.620354399590558501e+02
5.658158158158158590e-01 2.620000684976491812e+02
5.666916916916916458e-01 2.619637886733268033e+02
5.675675675675675436e-01 2.619275088490044254e+02
5.684434434434434413e-01 2.618916800935487004e+02
5.693193193193193391e-01 2.618558854240834535e+02
5.701951951951952369e-01 2.618196510208455834e+02
5.710710710710710236e-01 2.617828999298941994e+02
5.719469469469469214e-01 2.617461488389428723e+02
5.728228228228228192e-01 2.617093977479914884e+02
5.736986986986987169e-01 2.616726466570401044e+02
5.745745745745746147e-01 2.616358955660887204e+02
5.754504504504504014e-01 2.615991444751373365e+02
5.763263263263262992e-01 2.615623933841859525e+02
5.772022022022021970e-01 2.615256422932345686e+02
5.780780780780780947e-01 2.614888912022831846e+02
5.789539539539539925e-01 2.614521401113318007e+02
5.798298298298297793e-01 2.614153890203804167e+02
5.807057057057056770e-01 2.613786379294290327e+02
5.815815815815815748e-01 2.613418868384777056e+02
5.824574574574574726e-01 2.613051357475263217e+02
5.833333333333333703e-01 2.612683846565749377e+02
5.842092092092091571e-01 2.612316335656235537e+02
5.850850850850850549e-01 2.611944519513547220e+02
5.859609609609609526e-01 2.611570289063421342e+02
5.868368368368368504e-01 2.611196058613295463e+02
5.877127127127127482e-01 2.610821828163169585e+02
5.885885885885885349e-01 2.610447597713042569e+02
5.894644644644644327e-01 2.610073367262917259e+02
5.903403403403403304e-01 2.609699136812790812e+02
5.912162162162162282e-01 2.609324906362664365e+02
5.920920920920921260e-01 2.608950675912538486e+02
5.929679679679679127e-01 2.608576445462412607e+02
5.938438438438438105e-01 2.608202215012286160e+02
5.947197197197197083e-01 2.607827984562160282e+02
5.955955955955956060e-01 2.607453754112033835e+02
5.964714714714715038e-01 2.607079523661907956e+02
5.973473473473472906e-01 2.606705293211782077e+02
5.982232232232231883e-01 2.606330017879994898e+02
5.990990990990990861e-01 2.605936596043574127e+02
5.999749749749749839e-01 2.605543174207152788e+02
6.008508508508508816e-01 2.605149752370732585e+02
6.017267267267266684e-01 2.604756330534311246e+02
6.026026026026025662e-01 2.604362908697890475e+02
6.034784784784784639e-01 2.603969486861469704e+02
6.043543543543543617e-01 2.603576065025048933e+02
6.052302302302302595e-01 2.603182643188628163e+02
6.061061061061060462e-01 2.602805773554808297e+02
6.069819819819819440e-01 2.602435892969259612e+02
6.078578578578578417e-01 2.602066012383711495e+02
6.087337337337337395e-01 2.601696131798162241e+02
6.096096096096096373e-01 2.601326251212614125e+02
6.104854854854855351e-01 2.600956370627065439e+02
6.113613613613613218e-01 2.600568358421502921e+02
6.122372372372372196e-01 2.600175583240416586e+02
6.131131131131131173e-01 2.599782808059329682e+02
6.139889889889890151e-01 2.599390032878242778e+02
6.148648648648649129e-01 2.598978129655932889e+02
6.157407407407406996e-01 2.598562206796760847e+02
6.166166166166165974e-01 2.598146283937588805e+02
6.174924924924924952e-01 2.597730361078416763e+02
6.183683683683683929e-01 2.597314438219245289e+02
6.192442442442442907e-01 2.596901347992373417e+02
6.201201201201200774e-01 2.596492631101511961e+02
6.209959959959959752e-01 2.596083914210651074e+02
6.218718718718718730e-01 2.595675197319789618e+02
6.227477477477477708e-01 2.595266480428928162e+02
6.236236236236236685e-01 2.594857763538067275e+02
6.244994994994994553e-01 2.594449046647206387e+02
6.253753753753753530e-01 2.594040329756344363e+02
6.262512512512512508e-01 2.593631612865484044e+02
6.271271271271271486e-01 2.593222895974622588e+02
6.280030030030030463e-01 2.592814179083761132e+02
6.288788788788788331e-01 2.592405462192899677e+02
6.297547547547547309e-01 2.591996745302038789e+02
6.306306306306306286e-01 2.591588028411177902e+02
6.315065065065065264e-01 2.591179311520316446e+02
6.323823823823824242e-01 2.590770594629454990e+02
6.332582582582582109e-01 2.590358550722462496e+02
6.341341341341341087e-01 2.589944737463700903e+02
6.350100100100100065e-01 2.589530924204939311e+02
6.358858858858859042e-01 2.589117110946177718e+02
6.367617617617618020e-01 2.588703297687416125e+02
6.376376376376375887e-01 2.588289484428653964e+02
6.385135135135134865e-01 2.587875671169892371e+02
6.393893893893893843e-01 2.587461857911130778e+02
6.402652652652652820e-01 2.587048044652369185e+02
6.411411411411411798e-01 2.586633839583775512e+02
6.420170170170169666e-01 2.586231970447896060e+02
6.428928928928928643e-01 2.585835091369409042e+02
6.437687687687687621e-01 2.585437105696893241e+02
6.446446446446446599e-01 2.585038793532088448e+02
6.455205205205205576e-01 2.584640481367282518e+02
6.463963963963963444e-01 2.584242169202477726e+02
6.472722722722722422e-01 2.583843857037671796e+02
6.481481481481481399e-01 2.583445544872867004e+02
6.490240240240240377e-01 2.583047232708061642e+02
6.498998998998999355e-01 2.582648920543255713e+02
6.507757757757757222e-01 2.582250608378450920e+02
6.516516516516516200e-01 2.581852296213645559e+02
6.525275275275275177e-01 2.581453984048840198e+02
6.534034034034034155e-01 2.581055671884034837e+02
6.542792792792793133e-01 2.580657359719229476e+02
6.551551551551551000e-01 2.580255919785711285e+02
6.560310310310309978e-01 2.579845434825007828e+02
6.569069069069068956e-01 2.579434949864304372e+02
6.577827827827827933e-01 2.579024464903600347e+02
6.586586586586586911e-01 2.578613979942896322e+02
6.595345345345344779e-01 2.578202805833874436e+02
6.604104104104103756e-01 2.577786510534280637e+02
6.612862862862862734e-01 2.577370215234686839e+02
6.621621621621621712e-01 2.576960904083450146e+02
6.630380380380380689e-01 2.576568311600368588e+02
6.639139139139138557e-01 2.576172635550307177e+02
6.647897897897897534e-01 2.575773725577416826e+02
6.656656656656656512e-01 2.575374815604525907e+02
6.665415415415415490e-01 2.574940051223659339e+02
6.674174174174174468e-01 2.574499293003428306e+02
6.682932932932932335e-01 2.574058534783197274e+02
6.691691691691691313e-01 2.573617776562966242e+02
6.700450450450450290e-01 2.573177018342735778e+02
6.709209209209209268e-01 2.572732148849996179e+02
6.717967967967968246e-01 2.572285757268176098e+02
6.726726726726726113e-01 2.571839365686356018e+02
6.735485485485485091e-01 2.571392974104535938e+02
6.744244244244244069e-01 2.570946582522715858e+02
6.753003003003003046e-01 2.570504773134891252e+02
6.761761761761762024e-01 2.570066032796852369e+02
6.770520520520521002e-01 2.569627292458813486e+02
6.779279279279278869e-01 2.569188552120774034e+02
6.788038038038037847e-01 2.568749811782735151e+02
6.796796796796796825e-01 2.568311071444696267e+02
6.805555555555555802e-01 2.567872331106656816e+02
6.814314314314314780e-01 2.567433590768618501e+02
6.823073073073072647e-01 2.566994850430579049e+02
6.831831831831831625e-01 2.566556110092540166e+02
6.840590590590590603e-01 2.566117369754501283e+02
6.849349349349349581e-01 2.565678629416462400e+02
6.858108108108108558e-01 2.565239889078422948e+02
6.866866866866866426e-01 2.564801148740384633e+02
6.875625625625625403e-01 2.564362408402345181e+02
6.884384384384384381e-01 2.563923668064306298e+02
6.893143143143143359e-01 2.563484927726267415e+02
6.901901901901902336e-01 2.563046187388227963e+02
6.910660660660660204e-01 2.562617231926626573e+02
6.919419419419419182e-01 2.562188424276127421e+02
6.928178178178178159e-01 2.561759616625628269e+02
6.936936936936937137e-01 2.561330808975129116e+02
6.945695695695696115e-01 2.560902001324629964e+02
6.954454454454453982e-01 2.560467895490955925e+02
6.963213213213212960e-01 2.560008988924091113e+02
6.971971971971971938e-01 2.559550082357227154e+02
6.980730730730730915e-01 2.559091175790362342e+02
6.989489489489489893e-01 2.558632269223497815e+02
6.998248248248247760e-01 2.558173362656633572e+02
7.007007007007006738e-01 2.557714456089769044e+02
7.015765765765765716e-01 2.557255549522904516e+02
7.024524524524524693e-01 2.556796642956039705e+02
7.033283283283283671e-01 2.556337736389175745e+02
7.042042042042041539e-01 2.555878829822310934e+02
7.050800800800800516e-01 2.555419948658600333e+02
7.059559559559559494e-01 2.554961074744354619e+02
7.068318318318318472e-01 2.554502200830108336e+02
7.077077077077077449e-01 2.554043326915862622e+02
7.085835835835835317e-01 2.553584453001616907e+02
7.094594594594594295e-01 2.553125579087370625e+02
7.103353353353353272e-01 2.552666705173124910e+02
7.112112112112112250e-01 2.552207831258879196e+02
7.120870870870871228e-01 2.551745157876165706e+02
7.129629629629629095e-01 2.551281289454189221e+02
7.138388388388388073e-01 2.550817421032212451e+02
7.147147147147147050e-01 2.550353552610235681e+02
7.155905905905906028e-01 2.549889684188258911e+02
7.164664664664665006e-01 2.549425815766282142e+02
7.173423423423422873e-01 2.548961947344305372e+02
7.182182182182181851e-01 2.548498078922328887e+02
7.190940940940940829e-01 2.548034210500351833e+02
7.199699699699699806e-01 2.547570342078375347e+02
7.208458458458458784e-01 2.547106473656398862e+02
7.217217217217216652e-01 2.546642605234421808e+02
7.225975975975975629e-01 2.546178736812445038e+02
7.234734734734734607e-01 2.545714868390468268e+02
7.243493493493493585e-01 2.545250999968491783e+02
7.252252252252252562e-01 2.544787131546514729e+02
7.261011011011010430e-01 2.544323263124538528e+02
7.269769769769769407e-01 2.543859394702561758e+02
7.278528528528528385e-01 2.543395526280584988e+02
7.287287287287287363e-01 2.542931657858608219e+02
7.296046046046046341e-01 2.542467100154615594e+02
7.304804804804804208e-01 2.541998672098246743e+02
7.313563563563563186e-01 2.541527380622673036e+02
7.322322322322322163e-01 2.541035858579621731e+02
7.331081081081081141e-01 2.540541588368405996e+02
7.339839839839840119e-01 2.540002523756718347e+02
7.348598598598597986e-01 2.539494921287359546e+02
7.357357357357356964e-01 2.538987318818000745e+02
7.366116116116115942e-01 2.538480500803408972e+02
7.374874874874874919e-01 2.537985662521720656e+02
7.383633633633633897e-01 2.537490824240032055e+02
7.392392392392392875e-01 2.536995985958344306e+02
7.401151151151150742e-01 2.536501147676655421e+02
7.409909909909909720e-01 2.536006309394967104e+02
7.418668668668668698e-01 2.535511471113279072e+02
7.427427427427427675e-01 2.535016632831590755e+02
7.436186186186186653e-01 2.534521794549901870e+02
7.444944944944944520e-01 2.534026956268213837e+02
7.453703703703703498e-01 2.533532117986525520e+02
7.462462462462462476e-01 2.533037279704837204e+02
7.471221221221221453e-01 2.532542441423148603e+02
7.479979979979980431e-01 2.532047603141460286e+02
7.488738738738738299e-01 2.531552764859771969e+02
7.497497497497497276e-01 2.531057926578083936e+02
7.506256256256256254e-01 2.530563088296395335e+02
7.515015015015015232e-01 2.530077824520827505e+02
7.523773773773774209e-01 2.529644551748065169e+02
7.532532532532532077e-01 2.529195024560236220e+02
7.541291291291291055e-01 2.528725974385295956e+02
7.550050050050050032e-01 2.528256924210355976e+02
7.558808808808809010e-01 2.527787874035415996e+02
7.567567567567567988e-01 2.527318823860476016e+02
7.576326326326325855e-01 2.526849773685535752e+02
7.585085085085084833e-01 2.526380723510596340e+02
7.593843843843843811e-01 2.525904252891766362e+02
7.602602602602602788e-01 2.525427253066212927e+02
7.611361361361361766e-01 2.524956684763613737e+02
7.620120120120119633e-01 2.524497069777929141e+02
7.628878878878878611e-01 2.524037454792244546e+02
7.637637637637637589e-01 2.523577839806559950e+02
7.646396396396396566e-01 2.523118224820875071e+02
7.655155155155155544e-01 2.522658609835190191e+02
7.663913913913913412e-01 2.522198994849505311e+02
7.672672672672672389e-01 2.521739379863821000e+02
7.681431431431431367e-01 2.521279764878136120e+02
7.690190190190190345e-01 2.520820149892451241e+02
7.698948948948949322e-01 2.520360534906766645e+02
7.707707707707707190e-01 2.519900919921081766e+02
7.716466466466466168e-01 2.519441304935397170e+02
7.725225225225225145e-01 2.518981689949712290e+02
7.733983983983984123e-01 2.518522074964027411e+02
7.742742742742743101e-01 2.518062459978343099e+02
7.751501501501500968e-01 2.517595702932040069e+02
7.760260260260259946e-01 2.517112575042597769e+02
7.769019019019018923e-01 2.516629447153155468e+02
7.777777777777777901e-01 2.516146319263713451e+02
7.786536536536536879e-01 2.515663191374270582e+02
7.795295295295294746e-01 2.515180063484827997e+02
7.804054054054053724e-01 2.514696935595385980e+02
7.812812812812812702e-01 2.514213807705943680e+02
7.821571571571571679e-01 2.513732195270787599e+02
7.830330330330330657e-01 2.513253107924670928e+02
7.839089089089088525e-01 2.512774020578555110e+02
7.847847847847847502e-01 2.512294933232438723e+02
7.856606606606606480e-01 2.511815103398255928e+02
7.865365365365365458e-01 2.511334186400213184e+02
7.874124124124124435e-01 2.510853269402170156e+02
7.882882882882882303e-01 2.510372352404127980e+02
7.891641641641641280e-01 2.509891435406085236e+02
7.900400400400400258e-01 2.509410518408042776e+02
7.909159159159159236e-01 2.508929601410000032e+02
7.917917917917918214e-01 2.508443519882330293e+02
7.926676676676676081e-01 2.507953973933026361e+02
7.935435435435435059e-01 2.507464427983722430e+02
7.944194194194194036e-01 2.506974882034418215e+02
7.952952952952953014e-01 2.506485336085114000e+02
7.961711711711711992e-01 2.505995790135810353e+02
7.970470470470469859e-01 2.505506244186506137e+02
7.979229229229228837e-01 2.505016698237202206e+02
7.987987987987987815e-01 2.504527152287898275e+02
7.996746746746746792e-01 2.504037606338594060e+02
8.005505505505505770e-01 2.503548060389289844e+02
8.014264264264264748e-01 2.503057520112641612e+02
8.023023023023022615e-01 2.502565871082191222e+02
8.031781781781781593e-01 2.502074222051740833e+02
8.040540540540540571e-01 2.501589869568798292e+02
8.049299299299299548e-01 2.501105741438687460e+02
8.058058058058058526e-01 2.500621613308576343e+02
8.066816816816816393e-01 2.500137485178465795e+02
8.075575575575575371e-01 2.499653357048354678e+02
8.084334334334334349e-01 2.499169228918243846e+02
8.093093093093093326e-01 2.498681050997904549e+02
8.101851851851852304e-01 2.498187491954981283e+02
8.110610610610610172e-01 2.497693932912057733e+02
8.119369369369369149e-01 2.497200373869134467e+02
8.128128128128128127e-01 2.496706814826210916e+02
8.136886886886887105e-01 2.496213255783287082e+02
8.145645645645646082e-01 2.495719696740363815e+02
8.154404404404403950e-01 2.495226137697440265e+02
8.163163163163162928e-01 2.494732578654516715e+02
8.171921921921921905e-01 2.494239019611593449e+02
8.180680680680680883e-01 2.493745460568669614e+02
8.189439439439439861e-01 2.493251901525746064e+02
8.198198198198197728e-01 2.492758342482823082e+02
8.206956956956956706e-01 2.492264783439899247e+02
8.215715715715715683e-01 2.491771224396975981e+02
8.224474474474474661e-01 2.491277665354052431e+02
8.233233233233233639e-01 2.490784106311128596e+02
8.241991991991991506e-01 2.490290547268205330e+02
8.250750750750750484e-01 2.489800097698115735e+02
8.259509509509509462e-01 2.489332538447027616e+02
8.268268268268268439e-01 2.488864979195939213e+02
8.277027027027027417e-01 2.488397419944851094e+02
8.285785785785785285e-01 2.487929860693763260e+02
8.294544544544544262e-01 2.487414577886583800e+02
8.303303303303303240e-01 2.486898332539166177e+02
8.312062062062062218e-01 2.486382087191748553e+02
8.320820820820821195e-01 2.485875198040997702e+02
8.329579579579579063e-01 2.485369929178922632e+02
8.338338338338338041e-01 2.484866241267404234e+02
8.347097097097097018e-01 2.484362885973694119e+02
8.355855855855855996e-01 2.483859530679983152e+02
8.364614614614614974e-01 2.483356175386272469e+02
8.373373373373372841e-01 2.482852820092561785e+02
8.382132132132131819e-01 2.482349464798850818e+02
8.390890890890890796e-01 2.481846109505140134e+02
8.399649649649649774e-01 2.481342754211430019e+02
8.408408408408408752e-01 2.480835049638720591e+02
8.417167167167166619e-01 2.480324014056261603e+02
8.425925925925925597e-01 2.479812978473802332e+02
8.434684684684684575e-01 2.479300300200048639e+02
8.443443443443443552e-01 2.478784413853947228e+02
8.452202202202202530e-01 2.478268527507846102e+02
8.460960960960960398e-01 2.477752641161744691e+02
8.469719719719719375e-01 2.477236754815643280e+02
8.478478478478478353e-01 2.476720868469542154e+02
8.487237237237237331e-01 2.476204982123440743e+02
8.495995995995996308e-01 2.475689095777339332e+02
8.504754754754754176e-01 2.475173209431238206e+02
8.513513513513513153e-01 2.474657323085136511e+02
8.522272272272272131e-01 2.474141436739035100e+02
8.531031031031031109e-01 2.473650140753812536e+02
8.539789789789790087e-01 2.473164204567775641e+02
8.548548548548547954e-01 2.472678268381738462e+02
8.557307307307306932e-01 2.472192332195701852e+02
8.566066066066065909e-01 2.471706396009664672e+02
8.574824824824824887e-01 2.471220696557880387e+02
8.583583583583583865e-01 2.470735513350084602e+02
8.592342342342341732e-01 2.470250330142289386e+02
8.601101101101100710e-01 2.469765146934493885e+02
8.609859859859859688e-01 2.469279029903771630e+02
8.618618618618618665e-01 2.468792840534786137e+02
8.627377377377377643e-01 2.468306651165800076e+02
8.636136136136135510e-01 2.467820461796814584e+02
8.644894894894894488e-01 2.467334272427828807e+02
8.653653653653653466e-01 2.466848083058842747e+02
8.662412412412412444e-01 2.466361893689857538e+02
8.671171171171171421e-01 2.465875704320871478e+02
8.679929929929930399e-01 2.465389514951885985e+02
8.688688688688688266e-01 2.464903325582899924e+02
8.697447447447447244e-01 2.464417136213914432e+02
8.706206206206206222e-01 2.463930946844928371e+02
8.714964964964965199e-01 2.463444757475942879e+02
8.723723723723724177e-01 2.462958568106957387e+02
8.732482482482482045e-01 2.462472378737971326e+02
8.741241241241241022e-01 2.461986189368985833e+02
8.750000000000000000e-01 2.461499999999999773e+02
