LineProbe
number of points: 1000 (fixed)
point 0: [0.045 0.045 0.   ]
point 1: [0.045 0.045 0.1  ]
-----

# T 1000
0.000000000000000000e+00 2.531499999999999773e+02
1.001001001001001047e-04 2.531500777259275310e+02
2.002002002002002093e-04 2.531501554518550563e+02
3.003003003003003411e-04 2.531502331777825532e+02
4.004004004004004186e-04 2.531503109037100785e+02
5.005005005005004962e-04 2.531503886296376038e+02
6.006006006006006821e-04 2.531504663555651575e+02
7.007007007007007597e-04 2.531505440814926544e+02
8.008008008008008372e-04 2.531506218074201797e+02
9.009009009009009148e-04 2.531506995333477334e+02
1.001001001001000992e-03 2.531507772592752303e+02
1.101101101101101178e-03 2.531508549852027556e+02
1.201201201201201364e-03 2.531509327111302525e+02
1.301301301301301333e-03 2.531510104370578063e+02
1.401401401401401519e-03 2.531510881629853316e+02
1.501501501501501488e-03 2.531511658889128284e+02
1.601601601601601674e-03 2.531512436148403253e+02
1.701701701701701860e-03 2.531513213407678791e+02
1.801801801801801830e-03 2.531513990666954044e+02
1.901901901901902016e-03 2.531514767926229297e+02
2.002002002002001985e-03 2.531515539537667507e+02
2.102102102102102171e-03 2.531516309046696165e+02
2.202202202202202357e-03 2.531517078555724822e+02
2.302302302302302543e-03 2.531517848064753480e+02
2.402402402402402729e-03 2.531518617573781853e+02
2.502502502502502481e-03 2.531519387082810226e+02
2.602602602602602667e-03 2.531520156591838884e+02
2.702702702702702853e-03 2.531520926100867541e+02
2.802802802802803039e-03 2.531521695609895914e+02
2.902902902902903225e-03 2.531522465118924572e+02
3.003003003003002977e-03 2.531523234627952945e+02
3.103103103103103163e-03 2.531524004136981603e+02
3.203203203203203349e-03 2.531524773646010260e+02
3.303303303303303535e-03 2.531525543155038633e+02
3.403403403403403721e-03 2.531526312664067007e+02
3.503503503503503473e-03 2.531527082173095664e+02
3.603603603603603659e-03 2.531527851682124322e+02
3.703703703703703845e-03 2.531528621191152695e+02
3.803803803803804031e-03 2.531529390700181352e+02
3.903903903903904217e-03 2.531530160209209726e+02
4.004004004004003969e-03 2.531530929718238383e+02
4.104104104104104589e-03 2.531531699227267040e+02
4.204204204204204341e-03 2.531532468736295414e+02
4.304304304304304093e-03 2.531533238245324355e+02
4.404404404404404713e-03 2.531534007754352729e+02
4.504504504504504465e-03 2.531534777263381102e+02
4.604604604604605085e-03 2.531535546772409475e+02
4.704704704704704837e-03 2.531536316281438417e+02
4.804804804804805457e-03 2.531537085790466790e+02
4.904904904904905209e-03 2.531537855299495163e+02
5.005005005005004962e-03 2.531538624808523537e+02
5.105105105105105581e-03 2.531539394317552194e+02
5.205205205205205334e-03 2.531540163826580851e+02
5.305305305305305953e-03 2.531540933335609225e+02
5.405405405405405705e-03 2.531541702844637882e+02
5.505505505505505458e-03 2.531542472353666255e+02
5.605605605605606077e-03 2.531543241862694913e+02
5.705705705705705830e-03 2.531544011371723570e+02
5.805805805805806449e-03 2.531544780880751944e+02
5.905905905905906202e-03 2.531545550389780317e+02
6.006006006006005954e-03 2.531546319898808974e+02
6.106106106106106574e-03 2.531547081373333867e+02
6.206206206206206326e-03 2.531547841891623705e+02
6.306306306306306945e-03 2.531548602409913258e+02
6.406406406406406698e-03 2.531549362928202243e+02
6.506506506506506450e-03 2.531550123446491796e+02
6.606606606606607070e-03 2.531550883964781349e+02
6.706706706706706822e-03 2.531551644483070618e+02
6.806806806806807442e-03 2.531552405001360171e+02
6.906906906906907194e-03 2.531553165519650292e+02
7.007007007007006946e-03 2.531553926037939277e+02
7.107107107107107566e-03 2.531554686556228830e+02
7.207207207207207318e-03 2.531555447074518383e+02
7.307307307307307938e-03 2.531556207592807937e+02
7.407407407407407690e-03 2.531556968111097490e+02
7.507507507507507442e-03 2.531557728629387043e+02
7.607607607607608062e-03 2.531558489147676880e+02
7.707707707707707814e-03 2.531559249665965865e+02
7.807807807807808434e-03 2.531560010184255418e+02
7.907907907907909054e-03 2.531560770702544687e+02
8.008008008008007939e-03 2.531561531220834240e+02
8.108108108108108558e-03 2.531562291739123793e+02
8.208208208208209178e-03 2.531563052257413347e+02
8.308308308308308063e-03 2.531563812775703184e+02
8.408408408408408682e-03 2.531564573293992453e+02
8.508508508508509302e-03 2.531565333812282006e+02
8.608608608608608187e-03 2.531566094330571275e+02
8.708708708708708807e-03 2.531566854848861112e+02
8.808808808808809426e-03 2.531567615367150665e+02
8.908908908908910046e-03 2.531568375885440219e+02
9.009009009009008931e-03 2.531569136403729772e+02
9.109109109109109551e-03 2.531569896922019041e+02
9.209209209209210170e-03 2.531570657440308594e+02
9.309309309309309055e-03 2.531571417958597863e+02
9.409409409409409675e-03 2.531572178476887416e+02
9.509509509509510294e-03 2.531572938995176969e+02
9.609609609609610914e-03 2.531573699513466522e+02
9.709709709709709799e-03 2.531574460031756075e+02
9.809809809809810419e-03 2.531575220550045628e+02
9.909909909909911038e-03 2.531575981068335182e+02
1.001001001001000992e-02 2.531576741586624451e+02
1.011011011011011054e-02 2.531577502104913719e+02
1.021021021021021116e-02 2.531578262623203841e+02
1.031031031031031005e-02 2.531579023141492826e+02
1.041041041041041067e-02 2.531579783659782663e+02
1.051051051051051129e-02 2.531580544178071932e+02
1.061061061061061191e-02 2.531581304696361485e+02
1.071071071071071079e-02 2.531582065214650754e+02
1.081081081081081141e-02 2.531582815058850997e+02
1.091091091091091203e-02 2.531583546617943057e+02
1.101101101101101092e-02 2.531584278177035685e+02
1.111111111111111154e-02 2.531585009736127461e+02
1.121121121121121215e-02 2.531585741295219805e+02
1.131131131131131104e-02 2.531586472854311864e+02
1.141141141141141166e-02 2.531587204413404208e+02
1.151151151151151228e-02 2.531587935972495984e+02
1.161161161161161290e-02 2.531588667531588328e+02
1.171171171171171178e-02 2.531589399090680388e+02
1.181181181181181240e-02 2.531590130649772448e+02
1.191191191191191302e-02 2.531590862208864792e+02
1.201201201201201191e-02 2.531591593767956851e+02
1.211211211211211253e-02 2.531592343464603800e+02
1.221221221221221315e-02 2.531593131995466592e+02
1.231231231231231203e-02 2.531593920526329100e+02
1.241241241241241265e-02 2.531594709057191608e+02
1.251251251251251327e-02 2.531595497588054116e+02
1.261261261261261389e-02 2.531596286118916623e+02
1.271271271271271278e-02 2.531597074649778847e+02
1.281281281281281340e-02 2.531597863180641923e+02
1.291291291291291402e-02 2.531598651711504431e+02
1.301301301301301290e-02 2.531599440242366938e+02
1.311311311311311352e-02 2.531600228773229446e+02
1.321321321321321414e-02 2.531601017304091386e+02
1.331331331331331476e-02 2.531601805834954177e+02
1.341341341341341364e-02 2.531602594365816685e+02
1.351351351351351426e-02 2.531603382896679761e+02
1.361361361361361488e-02 2.531604171427541985e+02
1.371371371371371377e-02 2.531604962226394662e+02
1.381381381381381439e-02 2.531605753532831500e+02
1.391391391391391501e-02 2.531606544839268054e+02
1.401401401401401389e-02 2.531607336145704608e+02
1.411411411411411451e-02 2.531608127452141730e+02
1.421421421421421513e-02 2.531608918758578284e+02
1.431431431431431575e-02 2.531609710065015122e+02
1.441441441441441464e-02 2.531610501371451960e+02
1.451451451451451526e-02 2.531611292677888514e+02
1.461461461461461588e-02 2.531612083984325636e+02
1.471471471471471476e-02 2.531612875290762190e+02
1.481481481481481538e-02 2.531613666597198744e+02
1.491491491491491600e-02 2.531614457903635866e+02
1.501501501501501488e-02 2.531615249210072420e+02
1.511511511511511550e-02 2.531616040516508974e+02
1.521521521521521612e-02 2.531616831822945812e+02
1.531531531531531674e-02 2.531617623129382650e+02
1.541541541541541563e-02 2.531618414435819489e+02
1.551551551551551625e-02 2.531619205742256327e+02
1.561561561561561687e-02 2.531619997048692881e+02
1.571571571571571749e-02 2.531620788355129719e+02
1.581581581581581811e-02 2.531621579661566557e+02
1.591591591591591526e-02 2.531622370968003111e+02
1.601601601601601588e-02 2.531623162274439949e+02
1.611611611611611650e-02 2.531623953580876787e+02
1.621621621621621712e-02 2.531624744887313341e+02
1.631631631631631774e-02 2.531625536193750179e+02
1.641641641641641836e-02 2.531626327500187017e+02
1.651651651651651898e-02 2.531627118806623855e+02
1.661661661661661613e-02 2.531627910113060409e+02
1.671671671671671675e-02 2.531628701419497247e+02
1.681681681681681736e-02 2.531629492725934085e+02
1.691691691691691798e-02 2.531630284032370355e+02
1.701701701701701860e-02 2.531631075338807477e+02
1.711711711711711922e-02 2.531631866645244315e+02
1.721721721721721637e-02 2.531632657951680585e+02
1.731731731731731699e-02 2.531633449258117707e+02
1.741741741741741761e-02 2.531634240564554830e+02
1.751751751751751823e-02 2.531635031870990815e+02
1.761761761761761885e-02 2.531635823177427937e+02
1.771771771771771947e-02 2.531636614483865060e+02
1.781781781781782009e-02 2.531637405790301614e+02
1.791791791791791724e-02 2.531638197096738168e+02
1.801801801801801786e-02 2.531638988403174721e+02
1.811811811811811848e-02 2.531639779709611560e+02
1.821821821821821910e-02 2.531640571016048398e+02
1.831831831831831972e-02 2.531641362322484952e+02
1.841841841841842034e-02 2.531642153628922074e+02
1.851851851851852096e-02 2.531642944935358628e+02
1.861861861861861811e-02 2.531643736241795750e+02
1.871871871871871873e-02 2.531644527548232304e+02
1.881881881881881935e-02 2.531645318854668858e+02
1.891891891891891997e-02 2.531646110161105696e+02
1.901901901901902059e-02 2.531646901467542534e+02
1.911911911911912121e-02 2.531647692773979372e+02
1.921921921921922183e-02 2.531648484080415926e+02
1.931931931931931898e-02 2.531649275386852764e+02
1.941941941941941960e-02 2.531650066693289602e+02
1.951951951951952022e-02 2.531650857999726441e+02
1.961961961961962084e-02 2.531651649306162994e+02
1.971971971971972146e-02 2.531652440612599833e+02
1.981981981981982208e-02 2.531653231919036671e+02
1.991991991991991923e-02 2.531654023225473509e+02
2.002002002002001985e-02 2.531654814531910063e+02
2.012012012012012047e-02 2.531655605838346332e+02
2.022022022022022109e-02 2.531656397144783739e+02
2.032032032032032171e-02 2.531657188451220293e+02
2.042042042042042232e-02 2.531657979757656847e+02
2.052052052052052294e-02 2.531658771064093685e+02
2.062062062062062009e-02 2.531659562370530807e+02
2.072072072072072071e-02 2.531660353676967361e+02
2.082082082082082133e-02 2.531661144983403915e+02
2.092092092092092195e-02 2.531661936289841037e+02
2.102102102102102257e-02 2.531662727596277591e+02
2.112112112112112319e-02 2.531663518902714713e+02
2.122122122122122381e-02 2.531664310209150983e+02
2.132132132132132096e-02 2.531665101515587537e+02
2.142142142142142158e-02 2.531665892822024944e+02
2.152152152152152220e-02 2.531666684128461213e+02
2.162162162162162282e-02 2.531667475434897767e+02
2.172172172172172344e-02 2.531668266741334890e+02
2.182182182182182406e-02 2.531669058047771728e+02
2.192192192192192121e-02 2.531669849354208282e+02
2.202202202202202183e-02 2.531670640660645120e+02
2.212212212212212245e-02 2.531671431967081958e+02
2.222222222222222307e-02 2.531672223273518512e+02
2.232232232232232369e-02 2.531673014579955350e+02
2.242242242242242431e-02 2.531673805886391904e+02
2.252252252252252493e-02 2.531674597192829310e+02
2.262262262262262208e-02 2.531675388499265580e+02
2.272272272272272270e-02 2.531676181957589051e+02
2.282282282282282332e-02 2.531676979398642402e+02
2.292292292292292394e-02 2.531677776839696321e+02
2.302302302302302456e-02 2.531678574280749956e+02
2.312312312312312518e-02 2.531679372621345010e+02
2.322322322322322580e-02 2.531680171867861873e+02
2.332332332332332295e-02 2.531680974972130116e+02
2.342342342342342357e-02 2.531681781201909303e+02
2.352352352352352419e-02 2.531682587431689058e+02
2.362362362362362481e-02 2.531683393661467960e+02
2.372372372372372543e-02 2.531684199891247431e+02
2.382382382382382605e-02 2.531685006121026618e+02
2.392392392392392667e-02 2.531685812350805520e+02
2.402402402402402382e-02 2.531686618580585275e+02
2.412412412412412444e-02 2.531687424810364178e+02
2.422422422422422505e-02 2.531688231040143364e+02
2.432432432432432567e-02 2.531689037269923119e+02
2.442442442442442629e-02 2.531689843499702306e+02
2.452452452452452691e-02 2.531690649729481208e+02
2.462462462462462406e-02 2.531691455959260679e+02
2.472472472472472468e-02 2.531692262189039866e+02
2.482482482482482530e-02 2.531693068418818768e+02
2.492492492492492592e-02 2.531693874648598523e+02
2.502502502502502654e-02 2.531694680878377710e+02
2.512512512512512716e-02 2.531695487108156897e+02
2.522522522522522778e-02 2.531696293337936083e+02
2.532532532532532493e-02 2.531697099567715554e+02
2.542542542542542555e-02 2.531697905797494741e+02
2.552552552552552617e-02 2.531698712027273928e+02
2.562562562562562679e-02 2.531699518257053114e+02
2.572572572572572741e-02 2.531700324486832585e+02
2.582582582582582803e-02 2.531701130716611772e+02
2.592592592592592865e-02 2.531701936946390958e+02
2.602602602602602580e-02 2.531702743176170145e+02
2.612612612612612642e-02 2.531703549405949332e+02
2.622622622622622704e-02 2.531704355635728803e+02
2.632632632632632766e-02 2.531705161865508273e+02
2.642642642642642828e-02 2.531705968095287460e+02
2.652652652652652890e-02 2.531706774325066363e+02
2.662662662662662952e-02 2.531707580554845549e+02
2.672672672672672667e-02 2.531708386784625020e+02
2.682682682682682729e-02 2.531709193014404207e+02
2.692692692692692791e-02 2.531709999244184246e+02
2.702702702702702853e-02 2.531710805473962864e+02
2.712712712712712915e-02 2.531711611703742051e+02
2.722722722722722977e-02 2.531712417933521238e+02
2.732732732732732692e-02 2.531713224163300708e+02
2.742742742742742754e-02 2.531714030393079611e+02
2.752752752752752816e-02 2.531714836622858797e+02
2.762762762762762878e-02 2.531715642852638553e+02
2.772772772772772940e-02 2.531716449082417739e+02
2.782782782782783002e-02 2.531717255312196926e+02
2.792792792792793063e-02 2.531718061541976112e+02
2.802802802802802778e-02 2.531718867771755583e+02
2.812812812812812840e-02 2.531719674001534770e+02
2.822822822822822902e-02 2.531720480231313957e+02
2.832832832832832964e-02 2.531721286461093143e+02
2.842842842842843026e-02 2.531722092690872330e+02
2.852852852852853088e-02 2.531722898920651517e+02
2.862862862862863150e-02 2.531723705150430703e+02
2.872872872872872865e-02 2.531724511380210174e+02
2.882882882882882927e-02 2.531725317609989361e+02
2.892892892892892989e-02 2.531726123839769116e+02
2.902902902902903051e-02 2.531726930069548018e+02
2.912912912912913113e-02 2.531727736299327489e+02
2.922922922922923175e-02 2.531728542529106392e+02
2.932932932932933237e-02 2.531729348758885862e+02
2.942942942942942952e-02 2.531730154988665049e+02
2.952952952952953014e-02 2.531730961218444236e+02
2.962962962962963076e-02 2.531731767448223422e+02
2.972972972972973138e-02 2.531732573678002893e+02
2.982982982982983200e-02 2.531733379907782080e+02
2.992992992992993262e-02 2.531734186137561267e+02
3.003003003003002977e-02 2.531734992367340453e+02
3.013013013013013039e-02 2.531735798597119924e+02
3.023023023023023101e-02 2.531736604826899111e+02
3.033033033033033163e-02 2.531737411056678582e+02
3.043043043043043225e-02 2.531738217286457768e+02
3.053053053053053287e-02 2.531739023516236955e+02
3.063063063063063349e-02 2.531739829746016426e+02
3.073073073073073064e-02 2.531740635975795328e+02
3.083083083083083126e-02 2.531741442205574799e+02
3.093093093093093188e-02 2.531742248435353986e+02
3.103103103103103250e-02 2.531743054648608791e+02
3.113113113113113312e-02 2.531743860063537568e+02
3.123123123123123374e-02 2.531744665478466345e+02
3.133133133133133436e-02 2.531745470893394554e+02
3.143143143143143498e-02 2.531746276308323615e+02
3.153153153153153559e-02 2.531747081723252393e+02
3.163163163163163621e-02 2.531747887138180886e+02
3.173173173173172990e-02 2.531748692553109663e+02
3.183183183183183051e-02 2.531749497968037872e+02
3.193193193193193113e-02 2.531750303382967218e+02
3.203203203203203175e-02 2.531751108797895995e+02
3.213213213213213237e-02 2.531751914212824488e+02
3.223223223223223299e-02 2.531752719627752981e+02
3.233233233233233361e-02 2.531753525042682327e+02
3.243243243243243423e-02 2.531754330457610536e+02
3.253253253253253485e-02 2.531755135872539313e+02
3.263263263263263547e-02 2.531755941287467806e+02
3.273273273273273609e-02 2.531756746702396583e+02
3.283283283283283671e-02 2.531757552117325361e+02
3.293293293293293733e-02 2.531758357532253854e+02
3.303303303303303795e-02 2.531759162947182915e+02
3.313313313313313163e-02 2.531759968362111408e+02
3.323323323323323225e-02 2.531760773777040185e+02
3.333333333333333287e-02 2.531761579191968963e+02
3.343343343343343349e-02 2.531762384606897740e+02
3.353353353353353411e-02 2.531763190021826517e+02
3.363363363363363473e-02 2.531763995436754726e+02
3.373373373373373535e-02 2.531764800851683503e+02
3.383383383383383597e-02 2.531765606266612565e+02
3.393393393393393659e-02 2.531766411681540774e+02
3.403403403403403721e-02 2.531767217096469551e+02
3.413413413413413783e-02 2.531768022511398328e+02
3.423423423423423845e-02 2.531768827926327106e+02
3.433433433433433907e-02 2.531769633341256167e+02
3.443443443443443275e-02 2.531770438756184376e+02
3.453453453453453337e-02 2.531771244171113153e+02
3.463463463463463399e-02 2.531772049586042215e+02
3.473473473473473461e-02 2.531772857184762131e+02
3.483483483483483523e-02 2.531773665670202718e+02
3.493493493493493585e-02 2.531774474155643304e+02
3.503503503503503647e-02 2.531775282641083891e+02
3.513513513513513709e-02 2.531776087585046184e+02
3.523523523523523771e-02 2.531776890141218814e+02
3.533533533533533832e-02 2.531777662600354404e+02
3.543543543543543894e-02 2.531778370320277816e+02
3.553553553553553956e-02 2.531779047770143336e+02
3.563563563563564018e-02 2.531779725220008572e+02
3.573573573573574080e-02 2.531780402669873808e+02
3.583583583583583448e-02 2.531781080119739329e+02
3.593593593593593510e-02 2.531781757569604565e+02
3.603603603603603572e-02 2.531782435019470086e+02
3.613613613613613634e-02 2.531783112469335606e+02
3.623623623623623696e-02 2.531783789919201126e+02
3.633633633633633758e-02 2.531784467369066363e+02
3.643643643643643820e-02 2.531785144818931599e+02
3.653653653653653882e-02 2.531785822268796835e+02
3.663663663663663944e-02 2.531786499718662640e+02
3.673673673673674006e-02 2.531787177168527876e+02
3.683683683683684068e-02 2.531787854618393112e+02
3.693693693693694130e-02 2.531788532068258633e+02
3.703703703703704192e-02 2.531789209518123585e+02
3.713713713713713560e-02 2.531789886967989673e+02
3.723723723723723622e-02 2.531790564417854910e+02
3.733733733733733684e-02 2.531791241867720430e+02
3.743743743743743746e-02 2.531791919317585382e+02
3.753753753753753808e-02 2.531792596767450618e+02
3.763763763763763870e-02 2.531793274217316423e+02
3.773773773773773932e-02 2.531793951667181375e+02
3.783783783783783994e-02 2.531794629117046611e+02
3.793793793793794056e-02 2.531795306566912132e+02
3.803803803803804118e-02 2.531795984016777652e+02
3.813813813813814180e-02 2.531796661466643172e+02
3.823823823823824242e-02 2.531797338916508409e+02
3.833833833833834304e-02 2.531798016366373645e+02
3.843843843843844366e-02 2.531798693816239165e+02
3.853853853853853734e-02 2.531799371266104401e+02
3.863863863863863796e-02 2.531800048715969638e+02
3.873873873873873858e-02 2.531800726165835158e+02
3.883883883883883920e-02 2.531801403615700394e+02
3.893893893893893982e-02 2.531802081065566199e+02
3.903903903903904044e-02 2.531802758515431435e+02
3.913913913913914105e-02 2.531803435965296671e+02
3.923923923923924167e-02 2.531804113415162192e+02
3.933933933933934229e-02 2.531804790865027428e+02
3.943943943943944291e-02 2.531805468314892948e+02
3.953953953953954353e-02 2.531806145764758185e+02
3.963963963963964415e-02 2.531806823214623421e+02
3.973973973973974477e-02 2.531807500664488941e+02
3.983983983983983845e-02 2.531808178114354462e+02
3.993993993993993907e-02 2.531808855564219982e+02
4.004004004004003969e-02 2.531809533014085218e+02
4.014014014014014031e-02 2.531810210463950455e+02
4.024024024024024093e-02 2.531810887913816259e+02
4.034034034034034155e-02 2.531811565363681211e+02
4.044044044044044217e-02 2.531812242813546732e+02
4.054054054054054279e-02 2.531812920263411968e+02
4.064064064064064341e-02 2.531813597713277204e+02
4.074074074074074403e-02 2.531814275163143009e+02
4.084084084084084465e-02 2.531814952613007961e+02
4.094094094094094527e-02 2.531815630062873197e+02
4.104104104104104589e-02 2.531816307512739002e+02
4.114114114114113957e-02 2.531816984962604238e+02
4.124124124124124019e-02 2.531817662412469474e+02
4.134134134134134081e-02 2.531818339862334710e+02
4.144144144144144143e-02 2.531819017312199946e+02
4.154154154154154205e-02 2.531819694762065751e+02
4.164164164164164267e-02 2.531820372211930987e+02
4.174174174174174329e-02 2.531821049661796508e+02
4.184184184184184391e-02 2.531821727111661744e+02
4.194194194194194453e-02 2.531822404561526980e+02
4.204204204204204515e-02 2.531823082011392785e+02
4.214214214214214577e-02 2.531823759461258021e+02
4.224224224224224639e-02 2.531824436911123257e+02
4.234234234234234701e-02 2.531825114360988493e+02
4.244244244244244763e-02 2.531825791810853730e+02
4.254254254254254131e-02 2.531826469260719250e+02
4.264264264264264193e-02 2.531827146710585055e+02
4.274274274274274255e-02 2.531827824160450291e+02
4.284284284284284317e-02 2.531828501610315527e+02
4.294294294294294378e-02 2.531829179060180763e+02
4.304304304304304440e-02 2.531829856510046284e+02
4.314314314314314502e-02 2.531830533959911804e+02
4.324324324324324564e-02 2.531831211409777040e+02
4.334334334334334626e-02 2.531831888859642277e+02
4.344344344344344688e-02 2.531832566309507513e+02
4.354354354354354750e-02 2.531833243759373033e+02
4.364364364364364812e-02 2.531833921209238554e+02
4.374374374374374874e-02 2.531834598659104074e+02
4.384384384384384242e-02 2.531835276108969310e+02
4.394394394394394304e-02 2.531835953558834547e+02
4.404404404404404366e-02 2.531836631008700067e+02
4.414414414414414428e-02 2.531837308458565303e+02
4.424424424424424490e-02 2.531837985908430824e+02
4.434434434434434552e-02 2.531838663358296060e+02
4.444444444444444614e-02 2.531839340808161296e+02
4.454454454454454676e-02 2.531840018258026817e+02
4.464464464464464738e-02 2.531840695707892053e+02
4.474474474474474800e-02 2.531841373157757573e+02
4.484484484484484862e-02 2.531842050607623094e+02
4.494494494494494924e-02 2.531842728057488330e+02
4.504504504504504986e-02 2.531843405507353566e+02
4.514514514514515048e-02 2.531844082957218802e+02
4.524524524524524416e-02 2.531844760407084323e+02
4.534534534534534478e-02 2.531845437856949559e+02
4.544544544544544540e-02 2.531846115306815364e+02
4.554554554554554602e-02 2.531846792756680600e+02
4.564564564564564664e-02 2.531847470206545836e+02
4.574574574574574726e-02 2.531848147656411072e+02
4.584584584584584788e-02 2.531848825106276877e+02
4.594594594594594850e-02 2.531849502556142113e+02
4.604604604604604912e-02 2.531850180006007349e+02
4.614614614614614974e-02 2.531850857455873154e+02
4.624624624624625036e-02 2.531851534905738106e+02
4.634634634634635098e-02 2.531852212355603626e+02
4.644644644644645159e-02 2.531852889805468863e+02
4.654654654654654528e-02 2.531853567255334383e+02
4.664664664664664590e-02 2.531854244705199903e+02
4.674674674674674651e-02 2.531854922155065140e+02
4.684684684684684713e-02 2.531855599604930660e+02
4.694694694694694775e-02 2.531856277054795896e+02
4.704704704704704837e-02 2.531856954504661132e+02
4.714714714714714899e-02 2.531857631954526369e+02
4.724724724724724961e-02 2.531858309404391889e+02
4.734734734734735023e-02 2.531858986854257125e+02
4.744744744744745085e-02 2.531859664304122930e+02
4.754754754754755147e-02 2.531860341753988166e+02
4.764764764764765209e-02 2.531861019203853402e+02
4.774774774774775271e-02 2.531861696653718923e+02
4.784784784784785333e-02 2.531862374103584159e+02
4.794794794794794701e-02 2.531863051553449679e+02
4.804804804804804763e-02 2.531863729003314916e+02
4.814814814814814825e-02 2.531864406453180152e+02
4.824824824824824887e-02 2.531865083903045672e+02
4.834834834834834949e-02 2.531865761352911193e+02
4.844844844844845011e-02 2.531866438802776429e+02
4.854854854854855073e-02 2.531867116252641949e+02
4.864864864864865135e-02 2.531867793702507186e+02
4.874874874874875197e-02 2.531868471152372422e+02
4.884884884884885259e-02 2.531869148602237658e+02
4.894894894894895321e-02 2.531869826052103178e+02
4.904904904904905383e-02 2.531870503501968415e+02
4.914914914914915445e-02 2.531871180951834219e+02
4.924924924924924813e-02 2.531871858401699455e+02
4.934934934934934875e-02 2.531872535851564692e+02
4.944944944944944937e-02 2.531873213301430212e+02
4.954954954954954999e-02 2.531873890751295448e+02
4.964964964964965061e-02 2.531874568201160685e+02
4.974974974974975123e-02 2.531875245651026205e+02
4.984984984984985185e-02 2.531875923100891441e+02
4.994994994994995247e-02 2.531876600550756677e+02
5.005005005005005309e-02 2.531877278000622198e+02
5.015015015015015371e-02 2.531877837552508765e+02
5.025025025025025432e-02 2.531878286567763041e+02
5.035035035035035494e-02 2.531878735583017317e+02
5.045045045045045556e-02 2.531879184598271308e+02
5.055055055055055618e-02 2.531879633613525868e+02
5.065065065065064986e-02 2.531880082628779860e+02
5.075075075075075048e-02 2.531880531644033852e+02
5.085085085085085110e-02 2.531880980659288412e+02
5.095095095095095172e-02 2.531881429674542403e+02
5.105105105105105234e-02 2.531881878689796679e+02
5.115115115115115296e-02 2.531882327705051239e+02
5.125125125125125358e-02 2.531882776720305515e+02
5.135135135135135420e-02 2.531883225735559506e+02
5.145145145145145482e-02 2.531883674750813782e+02
5.155155155155155544e-02 2.531884123766068058e+02
5.165165165165165606e-02 2.531884572781322049e+02
5.175175175175175668e-02 2.531885021796576609e+02
5.185185185185185730e-02 2.531885470811830601e+02
5.195195195195195098e-02 2.531885919827084876e+02
5.205205205205205160e-02 2.531886368842339152e+02
5.215215215215215222e-02 2.531886817857593144e+02
5.225225225225225284e-02 2.531887266872847704e+02
5.235235235235235346e-02 2.531887715888101980e+02
5.245245245245245408e-02 2.531888164903356255e+02
5.255255255255255470e-02 2.531888613918610531e+02
5.265265265265265532e-02 2.531889062933864807e+02
5.275275275275275594e-02 2.531889511949118798e+02
5.285285285285285656e-02 2.531889960964373358e+02
5.295295295295295718e-02 2.531890409979627350e+02
5.305305305305305780e-02 2.531890858994881341e+02
5.315315315315315842e-02 2.531891308010135617e+02
5.325325325325325904e-02 2.531891757025389893e+02
5.335335335335335272e-02 2.531892206040644453e+02
5.345345345345345334e-02 2.531892655055898445e+02
5.355355355355355396e-02 2.531893104071152720e+02
5.365365365365365458e-02 2.531893553086406996e+02
5.375375375375375520e-02 2.531894002101661272e+02
5.385385385385385582e-02 2.531894451116915548e+02
5.395395395395395644e-02 2.531894900132169823e+02
5.405405405405405705e-02 2.531895349147424099e+02
5.415415415415415767e-02 2.531895798162678091e+02
5.425425425425425829e-02 2.531896247177932082e+02
5.435435435435435891e-02 2.531896696193186358e+02
5.445445445445445953e-02 2.531897145208440918e+02
5.455455455455456015e-02 2.531897594223694909e+02
5.465465465465465383e-02 2.531898043238949185e+02
5.475475475475475445e-02 2.531898492254203461e+02
5.485485485485485507e-02 2.531898941269457737e+02
5.495495495495495569e-02 2.531899390284712013e+02
5.505505505505505631e-02 2.531899839299966288e+02
5.515515515515515693e-02 2.531900288315220564e+02
5.525525525525525755e-02 2.531900737330474840e+02
5.535535535535535817e-02 2.531901186345729116e+02
5.545545545545545879e-02 2.531901635360982823e+02
5.555555555555555941e-02 2.531902084376237383e+02
5.565565565565566003e-02 2.531902533391491659e+02
5.575575575575576065e-02 2.531902982406745650e+02
5.585585585585586127e-02 2.531903431422000210e+02
5.595595595595596189e-02 2.531903880437254202e+02
5.605605605605605557e-02 2.531904329452508478e+02
5.615615615615615619e-02 2.531904778467762753e+02
5.625625625625625681e-02 2.531905227483017029e+02
5.635635635635635743e-02 2.531905676498271305e+02
5.645645645645645805e-02 2.531906125513525581e+02
5.655655655655655867e-02 2.531906574528779572e+02
5.665665665665665929e-02 2.531907023544034132e+02
5.675675675675675991e-02 2.531907472559288124e+02
5.685685685685686053e-02 2.531907921574542399e+02
5.695695695695696115e-02 2.531908370589796675e+02
5.705705705705706177e-02 2.531908819605050667e+02
5.715715715715716239e-02 2.531909268620304942e+02
5.725725725725726301e-02 2.531909717635559218e+02
5.735735735735735669e-02 2.531910166650813494e+02
5.745745745745745731e-02 2.531910615666067770e+02
5.755755755755755793e-02 2.531911064681322046e+02
5.765765765765765855e-02 2.531911513696576321e+02
5.775775775775775916e-02 2.531911962711830313e+02
5.785785785785785978e-02 2.531912411727084873e+02
5.795795795795796040e-02 2.531912860742338864e+02
5.805805805805806102e-02 2.531913309757592856e+02
5.815815815815816164e-02 2.531913758772847700e+02
5.825825825825826226e-02 2.531914207788101692e+02
5.835835835835836288e-02 2.531914656357537297e+02
5.845845845845846350e-02 2.531915093660370530e+02
5.855855855855856412e-02 2.531915530963203480e+02
5.865865865865866474e-02 2.531915968266036430e+02
5.875875875875875842e-02 2.531916405568869379e+02
5.885885885885885904e-02 2.531916842871702329e+02
5.895895895895895966e-02 2.531917280174535563e+02
5.905905905905906028e-02 2.531917717477368228e+02
5.915915915915916090e-02 2.531918154780201178e+02
5.925925925925926152e-02 2.531918592083034412e+02
5.935935935935936214e-02 2.531919029385867361e+02
5.945945945945946276e-02 2.531919466688700311e+02
5.955955955955956338e-02 2.531919903991533261e+02
5.965965965965966400e-02 2.531920341294366494e+02
5.975975975975976462e-02 2.531920778597199444e+02
5.985985985985986524e-02 2.531921215900032394e+02
5.995995995995996586e-02 2.531921653202865343e+02
6.006006006006005954e-02 2.531922090505698293e+02
6.016016016016016016e-02 2.531922527808531527e+02
6.026026026026026078e-02 2.531922965111364192e+02
6.036036036036036140e-02 2.531923402414197426e+02
6.046046046046046202e-02 2.531923839717030376e+02
6.056056056056056264e-02 2.531924277019863325e+02
6.066066066066066326e-02 2.531924714322696275e+02
6.076076076076076388e-02 2.531925151625529224e+02
6.086086086086086450e-02 2.531925588928362458e+02
6.096096096096096512e-02 2.531926026231195408e+02
6.106106106106106574e-02 2.531926463534028358e+02
6.116116116116116636e-02 2.531926867927223839e+02
6.126126126126126697e-02 2.531927266572086523e+02
6.136136136136136759e-02 2.531927665216949492e+02
6.146146146146146128e-02 2.531928063861812177e+02
6.156156156156156189e-02 2.531928462506674862e+02
6.166166166166166251e-02 2.531928861151537262e+02
6.176176176176176313e-02 2.531929259796399947e+02
6.186186186186186375e-02 2.531929658441262632e+02
6.196196196196196437e-02 2.531930057086125032e+02
6.206206206206206499e-02 2.531930455730987717e+02
6.216216216216216561e-02 2.531930854375850402e+02
6.226226226226226623e-02 2.531931253020712802e+02
6.236236236236236685e-02 2.531931651665575771e+02
6.246246246246246747e-02 2.531932050310438171e+02
6.256256256256256809e-02 2.531932448955300856e+02
6.266266266266266871e-02 2.531932847600163541e+02
6.276276276276276933e-02 2.531933246245026226e+02
6.286286286286286995e-02 2.531933644889888910e+02
6.296296296296297057e-02 2.531934043534751595e+02
6.306306306306307119e-02 2.531934442179614280e+02
6.316316316316317181e-02 2.531934840824476964e+02
6.326326326326327243e-02 2.531935239469339081e+02
6.336336336336337305e-02 2.531935638114201765e+02
6.346346346346345979e-02 2.531936036759064450e+02
6.356356356356356041e-02 2.531936435403927135e+02
6.366366366366366103e-02 2.531936834048789819e+02
6.376376376376376165e-02 2.531937232693652504e+02
6.386386386386386227e-02 2.531937631338514620e+02
6.396396396396396289e-02 2.531938029983377874e+02
6.406406406406406351e-02 2.531938428628240274e+02
6.416416416416416413e-02 2.531938827273102959e+02
6.426426426426426475e-02 2.531939225917965643e+02
6.436436436436436537e-02 2.531939609331386123e+02
6.446446446446446599e-02 2.531939963717770183e+02
6.456456456456456661e-02 2.531940318104154244e+02
6.466466466466466723e-02 2.531940672490538873e+02
6.476476476476476785e-02 2.531941026876922933e+02
6.486486486486486847e-02 2.531941381263306994e+02
6.496496496496496909e-02 2.531941735649691338e+02
6.506506506506506970e-02 2.531942090036075683e+02
6.516516516516517032e-02 2.531942444422459744e+02
6.526526526526527094e-02 2.531942798808843804e+02
6.536536536536537156e-02 2.531943153195228149e+02
6.546546546546547218e-02 2.531943507581612209e+02
6.556556556556557280e-02 2.531943861967996270e+02
6.566566566566567342e-02 2.531944216354380615e+02
6.576576576576577404e-02 2.531944570740764959e+02
6.586586586586587466e-02 2.531944925127148736e+02
6.596596596596597528e-02 2.531945279513533080e+02
6.606606606606607590e-02 2.531945522144223730e+02
6.616616616616616264e-02 2.531945724925729735e+02
6.626626626626626326e-02 2.531945897238144028e+02
6.636636636636636388e-02 2.531946053671694017e+02
6.646646646646646450e-02 2.531946210105244006e+02
6.656656656656656512e-02 2.531946366538793995e+02
6.666666666666666574e-02 2.531946522972343985e+02
6.676676676676676636e-02 2.531946679405893974e+02
6.686686686686686698e-02 2.531946835839443963e+02
6.696696696696696760e-02 2.531946992272993953e+02
6.706706706706706822e-02 2.531947148706543942e+02
6.716716716716716884e-02 2.531947305140093931e+02
6.726726726726726946e-02 2.531947427878334622e+02
6.736736736736737008e-02 2.531947511075261161e+02
6.746746746746747070e-02 2.531947594272187985e+02
6.756756756756757132e-02 2.531947677469114524e+02
6.766766766766767194e-02 2.531947760666040779e+02
6.776776776776777256e-02 2.531947843862967886e+02
6.786786786786787318e-02 2.531947927059894425e+02
6.796796796796797380e-02 2.531948010256820680e+02
6.806806806806807442e-02 2.531948093453747219e+02
6.816816816816817504e-02 2.531948176650674043e+02
6.826826826826827566e-02 2.531948259847600866e+02
6.836836836836837628e-02 2.531948343044527405e+02
6.846846846846847690e-02 2.531948426241454229e+02
6.856856856856857751e-02 2.531948509438380484e+02
6.866866866866867813e-02 2.531948592635307307e+02
6.876876876876877875e-02 2.531948675832233562e+02
6.886886886886886550e-02 2.531948759029160669e+02
6.896896896896896612e-02 2.531948842226086924e+02
6.906906906906906674e-02 2.531948925423013463e+02
6.916916916916916735e-02 2.531949008619940287e+02
6.926926926926926797e-02 2.531949091816867110e+02
6.936936936936936859e-02 2.531949175013793933e+02
6.946946946946946921e-02 2.531949258210719904e+02
6.956956956956956983e-02 2.531949341407646727e+02
6.966966966966967045e-02 2.531949424604573551e+02
6.976976976976977107e-02 2.531949507801500090e+02
6.986986986986987169e-02 2.531949590998426629e+02
6.996996996996997231e-02 2.531949674195353168e+02
7.007007007007007293e-02 2.531949757392279992e+02
7.017017017017017355e-02 2.531949840589206531e+02
7.027027027027027417e-02 2.531949923786133070e+02
7.037037037037037479e-02 2.531950006983059609e+02
7.047047047047047541e-02 2.531950090179986432e+02
7.057057057057057603e-02 2.531950173376912971e+02
7.067067067067067665e-02 2.531950256573839511e+02
7.077077077077077727e-02 2.531950339770766618e+02
7.087087087087087789e-02 2.531950422967692589e+02
7.097097097097097851e-02 2.531950506164619412e+02
7.107107107107107913e-02 2.531950589361545951e+02
7.117117117117117975e-02 2.531950672558472775e+02
7.127127127127128037e-02 2.531950755755399314e+02
7.137137137137138099e-02 2.531950804696826935e+02
7.147147147147148161e-02 2.531950839740811716e+02
7.157157157157156835e-02 2.531950874784796213e+02
7.167167167167166897e-02 2.531950909828780993e+02
7.177177177177176959e-02 2.531950944872766058e+02
7.187187187187187021e-02 2.531950979916750839e+02
7.197197197197197083e-02 2.531951014960735620e+02
7.207207207207207145e-02 2.531951050004720116e+02
7.217217217217217207e-02 2.531951085048705181e+02
7.227227227227227269e-02 2.531951120092689678e+02
7.237237237237237331e-02 2.531951155136674458e+02
7.247247247247247393e-02 2.531951190180659523e+02
7.257257257257257455e-02 2.531951225224643736e+02
7.267267267267267516e-02 2.531951260268628516e+02
7.277277277277277578e-02 2.531951295312613581e+02
7.287287287287287640e-02 2.531951330356598362e+02
7.297297297297297702e-02 2.531951365400583143e+02
7.307307307307307764e-02 2.531951400444567923e+02
7.317317317317317826e-02 2.531951435488552704e+02
7.327327327327327888e-02 2.531951470532537201e+02
7.337337337337337950e-02 2.531951505576521981e+02
7.347347347347348012e-02 2.531951540620507046e+02
7.357357357357358074e-02 2.531951575664491827e+02
7.367367367367368136e-02 2.531951610708476323e+02
7.377377377377378198e-02 2.531951645752461388e+02
7.387387387387388260e-02 2.531951680796446169e+02
7.397397397397398322e-02 2.531951715840430950e+02
7.407407407407408384e-02 2.531951750884415446e+02
7.417417417417418446e-02 2.531951785740893399e+02
7.427427427427427120e-02 2.531951820468633514e+02
7.437437437437437182e-02 2.531951855196373060e+02
7.447447447447447244e-02 2.531951889924112606e+02
7.457457457457457306e-02 2.531951924651852721e+02
7.467467467467467368e-02 2.531951959379592267e+02
7.477477477477477430e-02 2.531951994107332098e+02
7.487487487487487492e-02 2.531952028835071928e+02
7.497497497497497554e-02 2.531952063562811759e+02
7.507507507507507616e-02 2.531952098290551589e+02
7.517517517517517678e-02 2.531952133018291136e+02
7.527527527527527740e-02 2.531952167746031250e+02
7.537537537537537802e-02 2.531952202473770797e+02
7.547547547547547864e-02 2.531952237201510343e+02
7.557557557557557926e-02 2.531952271929250458e+02
7.567567567567567988e-02 2.531952306656990004e+02
7.577577577577578050e-02 2.531952341384730119e+02
7.587587587587588112e-02 2.531952376112469665e+02
7.597597597597598174e-02 2.531952410840209495e+02
7.607607607607608236e-02 2.531952445567949326e+02
7.617617617617618297e-02 2.531952480295688872e+02
7.627627627627628359e-02 2.531952515023428703e+02
7.637637637637638421e-02 2.531952549751168249e+02
7.647647647647648483e-02 2.531952584478908364e+02
7.657657657657658545e-02 2.531952619206647910e+02
7.667667667667668607e-02 2.531952653934387740e+02
7.677677677677678669e-02 2.531952688662127571e+02
7.687687687687688731e-02 2.531952723389867117e+02
7.697697697697697405e-02 2.531952758117607232e+02
7.707707707707707467e-02 2.531952798512568563e+02
7.717717717717717529e-02 2.531952845935353764e+02
7.727727727727727591e-02 2.531952893358139249e+02
7.737737737737737653e-02 2.531952940780923882e+02
7.747747747747747715e-02 2.531952988203709367e+02
7.757757757757757777e-02 2.531953035626494568e+02
7.767767767767767839e-02 2.531953083049279769e+02
7.777777777777777901e-02 2.531953130472065254e+02
7.787787787787787963e-02 2.531953177894850455e+02
7.797797797797798025e-02 2.531953225317635940e+02
7.807807807807808087e-02 2.531953272740420573e+02
7.817817817817818149e-02 2.531953320163206058e+02
7.827827827827828211e-02 2.531953270561411387e+02
7.837837837837838273e-02 2.531953174931309434e+02
7.847847847847848335e-02 2.531953079301207481e+02
7.857857857857858397e-02 2.531952983671106097e+02
7.867867867867868459e-02 2.531952863548890491e+02
7.877877877877878521e-02 2.531952733185818545e+02
7.887887887887888583e-02 2.531952602822746883e+02
7.897897897897898645e-02 2.531952472459674652e+02
7.907907907907908707e-02 2.531952342096603275e+02
7.917917917917918769e-02 2.531952211733531612e+02
7.927927927927928831e-02 2.531952081370459382e+02
7.937937937937938893e-02 2.531951951007387720e+02
7.947947947947948955e-02 2.531951820644316058e+02
7.957957957957957629e-02 2.531951690281244112e+02
7.967967967967967691e-02 2.531951559918172450e+02
7.977977977977977753e-02 2.531951429555100503e+02
7.987987987987987815e-02 2.531951299192029410e+02
7.997997997997997877e-02 2.531951168828957179e+02
8.008008008008007939e-02 2.531951038465885517e+02
8.018018018018018001e-02 2.531950908102813571e+02
8.028028028028028062e-02 2.531950777739741625e+02
8.038038038038038124e-02 2.531950641959730035e+02
8.048048048048048186e-02 2.531950485746779123e+02
8.058058058058058248e-02 2.531950329533827926e+02
8.068068068068068310e-02 2.531950173320877013e+02
8.078078078078078372e-02 2.531950017107926101e+02
8.088088088088088434e-02 2.531949860894975188e+02
8.098098098098098496e-02 2.531949704682023992e+02
8.108108108108108558e-02 2.531949548469073079e+02
8.118118118118118620e-02 2.531949392256121882e+02
8.128128128128128682e-02 2.531949236043170686e+02
8.138138138138138744e-02 2.531949079830219773e+02
8.148148148148148806e-02 2.531948923617268861e+02
8.158158158158158868e-02 2.531948767404317948e+02
8.168168168168168930e-02 2.531948611191367036e+02
8.178178178178178992e-02 2.531948454978416123e+02
8.188188188188189054e-02 2.531948298765464926e+02
8.198198198198199116e-02 2.531948142552513445e+02
8.208208208208209178e-02 2.531947986339562817e+02
8.218218218218219240e-02 2.531947830126611620e+02
8.228228228228227914e-02 2.531947673913660424e+02
8.238238238238237976e-02 2.531947517700709795e+02
8.248248248248248038e-02 2.531947361487758599e+02
8.258258258258258100e-02 2.531947205274807970e+02
8.268268268268268162e-02 2.531947049061856205e+02
8.278278278278278224e-02 2.531946892848905293e+02
8.288288288288288286e-02 2.531946736635954380e+02
8.298298298298298348e-02 2.531946580423003184e+02
8.308308308308308410e-02 2.531946424210052555e+02
8.318318318318318472e-02 2.531946267997101359e+02
8.328328328328328534e-02 2.531946111784150730e+02
8.338338338338338596e-02 2.531945955571198965e+02
8.348348348348348658e-02 2.531945799358248053e+02
8.358358358358358720e-02 2.531945643145297140e+02
8.368368368368368782e-02 2.531945486932346228e+02
8.378378378378378843e-02 2.531945330719395315e+02
8.388388388388388905e-02 2.531945174506444118e+02
8.398398398398398967e-02 2.531945018293493206e+02
8.408408408408409029e-02 2.531944862080542293e+02
8.418418418418419091e-02 2.531944705867591097e+02
8.428428428428429153e-02 2.531944549654639900e+02
8.438438438438439215e-02 2.531944393441688987e+02
8.448448448448449277e-02 2.531944237228738075e+02
8.458458458458459339e-02 2.531944081015786878e+02
8.468468468468469401e-02 2.531943924802835966e+02
8.478478478478479463e-02 2.531943768589885053e+02
8.488488488488489525e-02 2.531943612376933856e+02
8.498498498498498199e-02 2.531943456163983228e+02
8.508508508508508261e-02 2.531943299951031747e+02
8.518518518518518323e-02 2.531943143738080835e+02
8.528528528528528385e-02 2.531942987525129638e+02
8.538538538538538447e-02 2.531942831312179010e+02
8.548548548548548509e-02 2.531942675099227813e+02
8.558558558558558571e-02 2.531942518886276616e+02
8.568568568568568633e-02 2.531942362673325420e+02
8.578578578578578695e-02 2.531942206460374791e+02
8.588588588588588757e-02 2.531942050247423595e+02
8.598598598598598819e-02 2.531941894034472966e+02
8.608608608608608881e-02 2.531941737821521485e+02
8.618618618618618943e-02 2.531941581608570573e+02
8.628628628628629005e-02 2.531941425395619376e+02
8.638638638638639067e-02 2.531941269182668748e+02
8.648648648648649129e-02 2.531941112969717267e+02
8.658658658658659191e-02 2.531940956756766354e+02
8.668668668668669253e-02 2.531940800543815158e+02
8.678678678678679315e-02 2.531940644330864529e+02
8.688688688688689377e-02 2.531940488117913333e+02
8.698698698698699439e-02 2.531940331904962420e+02
8.708708708708709501e-02 2.531940175692010939e+02
8.718718718718719562e-02 2.531940019479060311e+02
8.728728728728729624e-02 2.531939863266109114e+02
8.738738738738739686e-02 2.531939707053158202e+02
8.748748748748749748e-02 2.531939550840207005e+02
8.758758758758759810e-02 2.531939394627256092e+02
8.768768768768768485e-02 2.531939238414304896e+02
8.778778778778778547e-02 2.531939082201354267e+02
8.788788788788788608e-02 2.531938925988402787e+02
8.798798798798798670e-02 2.531938769775451874e+02
8.808808808808808732e-02 2.531938613562500677e+02
8.818818818818818794e-02 2.531938457349550049e+02
8.828828828828828856e-02 2.531938301136598852e+02
8.838838838838838918e-02 2.531938144923647940e+02
8.848848848848848980e-02 2.531937988710697027e+02
8.858858858858859042e-02 2.531937832497745831e+02
8.868868868868869104e-02 2.531937676284794634e+02
8.878878878878879166e-02 2.531937520071844006e+02
8.888888888888889228e-02 2.531937363858892809e+02
8.898898898898899290e-02 2.531937207645941612e+02
8.908908908908909352e-02 2.531937051432990700e+02
8.918918918918919414e-02 2.531936895220039787e+02
8.928928928928929476e-02 2.531936739007088590e+02
8.938938938938939538e-02 2.531936582794137394e+02
8.948948948948949600e-02 2.531936426581186481e+02
8.958958958958959662e-02 2.531936143762673623e+02
8.968968968968969724e-02 2.531935849448046270e+02
8.978978978978979786e-02 2.531935555133418632e+02
8.988988988988989848e-02 2.531935260818791562e+02
8.998998998998999910e-02 2.531934966504163924e+02
9.009009009009009972e-02 2.531934672189536286e+02
9.019019019019020034e-02 2.531934377874908932e+02
9.029029029029030096e-02 2.531934083560281579e+02
9.039039039039038770e-02 2.531933789245654225e+02
9.049049049049048832e-02 2.531933494931026587e+02
9.059059059059058894e-02 2.531933200616398949e+02
9.069069069069068956e-02 2.531932906301771311e+02
9.079079079079079018e-02 2.531932611987144242e+02
9.089089089089089080e-02 2.531932317672516888e+02
9.099099099099099142e-02 2.531932023357888966e+02
9.109109109109109204e-02 2.531931729043261612e+02
9.119119119119119266e-02 2.531931434728633974e+02
9.129129129129129328e-02 2.531931140414006336e+02
9.139139139139139389e-02 2.531930846099378982e+02
9.149149149149149451e-02 2.531930551784751628e+02
9.159159159159159513e-02 2.531930257470124275e+02
9.169169169169169575e-02 2.531929963155496637e+02
9.179179179179179637e-02 2.531929668840868999e+02
9.189189189189189699e-02 2.531929367828322199e+02
9.199199199199199761e-02 2.531929059567170270e+02
9.209209209209209823e-02 2.531928751306018626e+02
9.219219219219219885e-02 2.531928443044866412e+02
9.229229229229229947e-02 2.531928134783714768e+02
9.239239239239240009e-02 2.531927826522563123e+02
9.249249249249250071e-02 2.531927518261410910e+02
9.259259259259260133e-02 2.531927210000259265e+02
9.269269269269270195e-02 2.531926901739107336e+02
9.279279279279280257e-02 2.531926593477955691e+02
9.289289289289290319e-02 2.531926285216803763e+02
9.299299299299300381e-02 2.531925976955651834e+02
9.309309309309309055e-02 2.531925668694499905e+02
9.319319319319319117e-02 2.531925360433348260e+02
9.329329329329329179e-02 2.531925052172196615e+02
9.339339339339339241e-02 2.531924743911044402e+02
9.349349349349349303e-02 2.531924435649892757e+02
9.359359359359359365e-02 2.531924127388741113e+02
9.369369369369369427e-02 2.531923819127588899e+02
9.379379379379379489e-02 2.531923510866437255e+02
9.389389389389389551e-02 2.531923202605285041e+02
9.399399399399399613e-02 2.531922894344133397e+02
9.409409409409409675e-02 2.531922586082981468e+02
9.419419419419419737e-02 2.531922277821829823e+02
9.429429429429429799e-02 2.531921969560677894e+02
9.439439439439439861e-02 2.531921661299526249e+02
9.449449449449449923e-02 2.531921353038374036e+02
9.459459459459459985e-02 2.531921044777222392e+02
9.469469469469470047e-02 2.531920736516070178e+02
9.479479479479480108e-02 2.531920428254918534e+02
9.489489489489490170e-02 2.531920119993766889e+02
9.499499499499500232e-02 2.531919811732614960e+02
9.509509509509510294e-02 2.531919503471463315e+02
9.519519519519520356e-02 2.531919195210311102e+02
9.529529529529530418e-02 2.531918886949159457e+02
9.539539539539540480e-02 2.531918578688007528e+02
9.549549549549550542e-02 2.531918270426855599e+02
9.559559559559560604e-02 2.531917962165704239e+02
9.569569569569570666e-02 2.531917653904552026e+02
9.579579579579579340e-02 2.531917345643400381e+02
9.589589589589589402e-02 2.531917037382248168e+02
9.599599599599599464e-02 2.531916729121096523e+02
9.609609609609609526e-02 2.531916420859944878e+02
9.619619619619619588e-02 2.531916112598792665e+02
9.629629629629629650e-02 2.531915804337641021e+02
9.639639639639639712e-02 2.531915496076489092e+02
9.649649649649649774e-02 2.531915187815337447e+02
9.659659659659659836e-02 2.531914879554185518e+02
9.669669669669669898e-02 2.531914571293033305e+02
9.679679679679679960e-02 2.531914263031881660e+02
9.689689689689690022e-02 2.531913954770730015e+02
9.699699699699700084e-02 2.531913646509577802e+02
9.709709709709710146e-02 2.531913338248426157e+02
9.719719719719720208e-02 2.531913029987274513e+02
9.729729729729730270e-02 2.531912721726122868e+02
9.739739739739740332e-02 2.531912413464970655e+02
9.749749749749750394e-02 2.531912105203818726e+02
9.759759759759760456e-02 2.531911796942667081e+02
9.769769769769770518e-02 2.531911488681515436e+02
9.779779779779780580e-02 2.531911180420363223e+02
9.789789789789790642e-02 2.531910872159211578e+02
9.799799799799800704e-02 2.531910563898059650e+02
9.809809809809810766e-02 2.531910255636908005e+02
9.819819819819820828e-02 2.531909947375755792e+02
9.829829829829830889e-02 2.531909639114604147e+02
9.839839839839840951e-02 2.531909307543512000e+02
9.849849849849849626e-02 2.531908965317321645e+02
9.859859859859859688e-02 2.531908623091131005e+02
9.869869869869869750e-02 2.531908280864940934e+02
9.879879879879879812e-02 2.531907938638750579e+02
9.889889889889889873e-02 2.531907596412560508e+02
9.899899899899899935e-02 2.531907254186370437e+02
9.909909909909909997e-02 2.531906911960180082e+02
9.919919919919920059e-02 2.531906569733990295e+02
9.929929929929930121e-02 2.531906227507799656e+02
9.939939939939940183e-02 2.531905885281609585e+02
9.949949949949950245e-02 2.531905543055419514e+02
9.959959959959960307e-02 2.531905200829229159e+02
9.969969969969970369e-02 2.531904858603039088e+02
9.979979979979980431e-02 2.531904516376848733e+02
9.989989989989990493e-02 2.531904174150658662e+02
1.000000000000000056e-01 2.531903831924468022e+02
