LineProbe
number of points: 1000 (fixed)
point 0: [0.045 0.045 0.   ]
point 1: [0.045 0.045 0.1  ]
-----

# T 1000
0.000000000000000000e+00 2.531499999999999773e+02
1.001001001001001047e-04 2.531653131688633493e+02
2.002002002002002093e-04 2.531806263377266362e+02
3.003003003003003411e-04 2.531959395065899514e+02
4.004004004004004186e-04 2.532112526754532666e+02
5.005005005005004962e-04 2.532265658443165819e+02
6.006006006006006821e-04 2.532418790131799256e+02
7.007007007007007597e-04 2.532571921820432408e+02
8.008008008008008372e-04 2.532725053509065560e+02
9.009009009009009148e-04 2.532878185197698997e+02
1.001001001001000992e-03 2.533031316886332149e+02
1.101101101101101178e-03 2.533184448574965302e+02
1.201201201201201364e-03 2.533337580263598170e+02
1.301301301301301333e-03 2.533490711952231607e+02
1.401401401401401519e-03 2.533643843640865043e+02
1.501501501501501488e-03 2.533796975329497627e+02
1.601601601601601674e-03 2.533950107018130780e+02
1.701701701701701860e-03 2.534103238706764500e+02
1.801801801801801830e-03 2.534256370395397653e+02
1.901901901901902016e-03 2.534409502084030805e+02
2.002002002002001985e-03 2.534562257278705317e+02
2.102102102102102171e-03 2.534714872323319526e+02
2.202202202202202357e-03 2.534867487367933450e+02
2.302302302302302543e-03 2.535020102412547658e+02
2.402402402402402729e-03 2.535172717457161866e+02
2.502502502502502481e-03 2.535325332501775506e+02
2.602602602602602667e-03 2.535477947546389430e+02
2.702702702702702853e-03 2.535630562591003923e+02
2.802802802802803039e-03 2.535783177635617847e+02
2.902902902902903225e-03 2.535935792680231771e+02
3.003003003003002977e-03 2.536088407724845979e+02
3.103103103103103163e-03 2.536241022769460187e+02
3.203203203203203349e-03 2.536393637814074111e+02
3.303303303303303535e-03 2.536546252858688320e+02
3.403403403403403721e-03 2.536698867903302244e+02
3.503503503503503473e-03 2.536851482947916168e+02
3.603603603603603659e-03 2.537004097992530092e+02
3.703703703703703845e-03 2.537156713037144584e+02
3.803803803803804031e-03 2.537309328081758508e+02
3.903903903903904217e-03 2.537461943126372717e+02
4.004004004004003969e-03 2.537614558170986925e+02
4.104104104104104589e-03 2.537767173215600849e+02
4.204204204204204341e-03 2.537919788260214773e+02
4.304304304304304093e-03 2.538072403304829265e+02
4.404404404404404713e-03 2.538225018349443189e+02
4.504504504504504465e-03 2.538377633394057398e+02
4.604604604604605085e-03 2.538530248438671322e+02
4.704704704704704837e-03 2.538682863483285246e+02
4.804804804804805457e-03 2.538835478527899454e+02
4.904904904904905209e-03 2.538988093572513378e+02
5.005005005005004962e-03 2.539140708617127586e+02
5.105105105105105581e-03 2.539293323661741795e+02
5.205205205205205334e-03 2.539445938706356003e+02
5.305305305305305953e-03 2.539598553750969927e+02
5.405405405405405705e-03 2.539751168795584135e+02
5.505505505505505458e-03 2.539903783840198059e+02
5.605605605605606077e-03 2.540056398884811983e+02
5.705705705705705830e-03 2.540209013929425907e+02
5.805805805805806449e-03 2.540361628974040400e+02
5.905905905905906202e-03 2.540514244018654324e+02
6.006006006006005954e-03 2.540666859063268248e+02
6.106106106106106574e-03 2.540819208485216336e+02
6.206206206206206326e-03 2.540971526293789680e+02
6.306306306306306945e-03 2.541123844102363307e+02
6.406406406406406698e-03 2.541276161910936366e+02
6.506506506506506450e-03 2.541428479719509710e+02
6.606606606606607070e-03 2.541580797528083053e+02
6.706706706706706822e-03 2.541733115336656397e+02
6.806806806806807442e-03 2.541885433145229456e+02
6.906906906906907194e-03 2.542037750953803084e+02
7.007007007007006946e-03 2.542190068762376427e+02
7.107107107107107566e-03 2.542342386570949486e+02
7.207207207207207318e-03 2.542494704379523114e+02
7.307307307307307938e-03 2.542647022188096173e+02
7.407407407407407690e-03 2.542799339996669232e+02
7.507507507507507442e-03 2.542951657805243144e+02
7.607607607607608062e-03 2.543103975613816203e+02
7.707707707707707814e-03 2.543256293422389263e+02
7.807807807807808434e-03 2.543408611230962606e+02
7.907907907907909054e-03 2.543560929039536234e+02
8.008008008008007939e-03 2.543713246848109293e+02
8.108108108108108558e-03 2.543865564656683205e+02
8.208208208208209178e-03 2.544017882465256548e+02
8.308308308308308063e-03 2.544170200273829607e+02
8.408408408408408682e-03 2.544322518082402667e+02
8.508508508508509302e-03 2.544474835890976010e+02
8.608608608608608187e-03 2.544627153699549353e+02
8.708708708708708807e-03 2.544779471508122981e+02
8.808808808808809426e-03 2.544931789316696040e+02
8.908908908908910046e-03 2.545084107125269384e+02
9.009009009009008931e-03 2.545236424933842727e+02
9.109109109109109551e-03 2.545388742742416355e+02
9.209209209209210170e-03 2.545541060550989414e+02
9.309309309309309055e-03 2.545693378359562757e+02
9.409409409409409675e-03 2.545845696168136101e+02
9.509509509509510294e-03 2.545998013976709444e+02
9.609609609609610914e-03 2.546150331785282503e+02
9.709709709709709799e-03 2.546302649593856131e+02
9.809809809809810419e-03 2.546454967402428906e+02
9.909909909909911038e-03 2.546607285211002818e+02
1.001001001001000992e-02 2.546759603019576161e+02
1.011011011011011054e-02 2.546911920828149505e+02
1.021021021021021116e-02 2.547064238636722848e+02
1.031031031031031005e-02 2.547216556445295907e+02
1.041041041041041067e-02 2.547368874253869535e+02
1.051051051051051129e-02 2.547521192062442879e+02
1.061061061061061191e-02 2.547673509871015938e+02
1.071071071071071079e-02 2.547825827679588997e+02
1.081081081081081141e-02 2.547974250409649812e+02
1.091091091091091203e-02 2.548116000726886909e+02
1.101101101101101092e-02 2.548257751044124007e+02
1.111111111111111154e-02 2.548399501361360819e+02
1.121121121121121215e-02 2.548541251678597916e+02
1.131131131131131104e-02 2.548683001995835298e+02
1.141141141141141166e-02 2.548824752313071826e+02
1.151151151151151228e-02 2.548966502630308923e+02
1.161161161161161290e-02 2.549108252947546021e+02
1.171171171171171178e-02 2.549250003264783118e+02
1.181181181181181240e-02 2.549391753582019930e+02
1.191191191191191302e-02 2.549533503899257028e+02
1.201201201201201191e-02 2.549675254216493840e+02
1.211211211211211253e-02 2.549817826333900257e+02
1.221221221221221315e-02 2.549962158002946921e+02
1.231231231231231203e-02 2.550106489671993586e+02
1.241241241241241265e-02 2.550250821341040535e+02
1.251251251251251327e-02 2.550395153010086915e+02
1.261261261261261389e-02 2.550539484679134148e+02
1.271271271271271278e-02 2.550683816348180812e+02
1.281281281281281340e-02 2.550828148017227761e+02
1.291291291291291402e-02 2.550972479686274141e+02
1.301301301301301290e-02 2.551116811355320806e+02
1.311311311311311352e-02 2.551261143024367755e+02
1.321321321321321414e-02 2.551405474693413851e+02
1.331331331331331476e-02 2.551549806362460799e+02
1.341341341341341364e-02 2.551694138031507464e+02
1.351351351351351426e-02 2.551838469700554697e+02
1.361361361361361488e-02 2.551982801369601077e+02
1.371371371371371377e-02 2.552126705725199258e+02
1.381381381381381439e-02 2.552270514446558991e+02
1.391391391391391501e-02 2.552414323167918724e+02
1.401401401401401389e-02 2.552558131889278457e+02
1.411411411411411451e-02 2.552701940610638189e+02
1.421421421421421513e-02 2.552845749331997922e+02
1.431431431431431575e-02 2.552989558053357655e+02
1.441441441441441464e-02 2.553133366774717388e+02
1.451451451451451526e-02 2.553277175496077405e+02
1.461461461461461588e-02 2.553420984217437137e+02
1.471471471471471476e-02 2.553564792938796586e+02
1.481481481481481538e-02 2.553708601660156319e+02
1.491491491491491600e-02 2.553852410381516336e+02
1.501501501501501488e-02 2.553996219102875784e+02
1.511511511511511550e-02 2.554140027824235517e+02
1.521521521521521612e-02 2.554283836545595250e+02
1.531531531531531674e-02 2.554427645266955267e+02
1.541541541541541563e-02 2.554571453988315000e+02
1.551551551551551625e-02 2.554715262709674448e+02
1.561561561561561687e-02 2.554859071431034181e+02
1.571571571571571749e-02 2.555002880152394198e+02
1.581581581581581811e-02 2.555146688873753931e+02
1.591591591591591526e-02 2.555290497595113379e+02
1.601601601601601588e-02 2.555434306316473112e+02
1.611611611611611650e-02 2.555578115037833129e+02
1.621621621621621712e-02 2.555721923759192862e+02
1.631631631631631774e-02 2.555865732480552595e+02
1.641641641641641836e-02 2.556009541201912327e+02
1.651651651651651898e-02 2.556153349923272060e+02
1.661661661661661613e-02 2.556297158644632077e+02
1.671671671671671675e-02 2.556440967365991810e+02
1.681681681681681736e-02 2.556584776087351543e+02
1.691691691691691798e-02 2.556728584808710707e+02
1.701701701701701860e-02 2.556872393530071008e+02
1.711711711711711922e-02 2.557016202251430173e+02
1.721721721721721637e-02 2.557160010972789905e+02
1.731731731731731699e-02 2.557303819694149638e+02
1.741741741741741761e-02 2.557447628415509939e+02
1.751751751751751823e-02 2.557591437136869672e+02
1.761761761761761885e-02 2.557735245858229405e+02
1.771771771771771947e-02 2.557879054579588569e+02
1.781781781781782009e-02 2.558022863300948870e+02
1.791791791791791724e-02 2.558166672022308603e+02
1.801801801801801786e-02 2.558310480743668336e+02
1.811811811811811848e-02 2.558454289465027784e+02
1.821821821821821910e-02 2.558598098186387801e+02
1.831831831831831972e-02 2.558741906907747534e+02
1.841841841841842034e-02 2.558885715629107267e+02
1.851851851851852096e-02 2.559029524350466716e+02
1.861861861861861811e-02 2.559173333071826448e+02
1.871871871871871873e-02 2.559317141793186465e+02
1.881881881881881935e-02 2.559460950514546198e+02
1.891891891891891997e-02 2.559604759235905647e+02
1.901901901901902059e-02 2.559748567957265379e+02
1.911911911911912121e-02 2.559892376678625112e+02
1.921921921921922183e-02 2.560036185399985129e+02
1.931931931931931898e-02 2.560179994121344862e+02
1.941941941941941960e-02 2.560323802842704595e+02
1.951951951951952022e-02 2.560467611564064327e+02
1.961961961961962084e-02 2.560611420285424060e+02
1.971971971971972146e-02 2.560755229006783793e+02
1.981981981981982208e-02 2.560899037728143526e+02
1.991991991991991923e-02 2.561042846449503259e+02
2.002002002002001985e-02 2.561186655170862991e+02
2.012012012012012047e-02 2.561330463892222724e+02
2.022022022022022109e-02 2.561474272613582457e+02
2.032032032032032171e-02 2.561618081334942190e+02
2.042042042042042232e-02 2.561761890056301922e+02
2.052052052052052294e-02 2.561905698777661655e+02
2.062062062062062009e-02 2.562049507499021388e+02
2.072072072072072071e-02 2.562193316220381121e+02
2.082082082082082133e-02 2.562337124941740854e+02
2.092092092092092195e-02 2.562480933663100586e+02
2.102102102102102257e-02 2.562624742384460319e+02
2.112112112112112319e-02 2.562768551105820052e+02
2.122122122122122381e-02 2.562912359827179785e+02
2.132132132132132096e-02 2.563056168548539517e+02
2.142142142142142158e-02 2.563199977269899250e+02
2.152152152152152220e-02 2.563343785991258983e+02
2.162162162162162282e-02 2.563487594712618716e+02
2.172172172172172344e-02 2.563631403433978448e+02
2.182182182182182406e-02 2.563775212155338181e+02
2.192192192192192121e-02 2.563919020876698482e+02
2.202202202202202183e-02 2.564062829598057647e+02
2.212212212212212245e-02 2.564206638319417380e+02
2.222222222222222307e-02 2.564350447040777112e+02
2.232232232232232369e-02 2.564494255762137414e+02
2.242242242242242431e-02 2.564638064483496578e+02
2.252252252252252493e-02 2.564781873204856311e+02
2.262262262262262208e-02 2.564925681926216043e+02
2.272272272272272270e-02 2.565069855232694067e+02
2.282282282282282332e-02 2.565214703316577243e+02
2.292292292292292394e-02 2.565359551400460418e+02
2.302302302302302456e-02 2.565504399484343594e+02
2.312312312312312518e-02 2.565648554304485174e+02
2.322322322322322580e-02 2.565792010943126797e+02
2.332332332332332295e-02 2.565925543544817060e+02
2.342342342342342357e-02 2.566051035793544770e+02
2.352352352352352419e-02 2.566176528042272480e+02
2.362362362362362481e-02 2.566302020290999621e+02
2.372372372372372543e-02 2.566427512539727900e+02
2.382382382382382605e-02 2.566553004788455041e+02
2.392392392392392667e-02 2.566678497037182183e+02
2.402402402402402382e-02 2.566803989285909893e+02
2.412412412412412444e-02 2.566929481534637034e+02
2.422422422422422505e-02 2.567054973783364744e+02
2.432432432432432567e-02 2.567180466032092454e+02
2.442442442442442629e-02 2.567305958280820164e+02
2.452452452452452691e-02 2.567431450529547305e+02
2.462462462462462406e-02 2.567556942778274447e+02
2.472472472472472468e-02 2.567682435027002157e+02
2.482482482482482530e-02 2.567807927275729867e+02
2.492492492492492592e-02 2.567933419524457008e+02
2.502502502502502654e-02 2.568058911773185287e+02
2.512512512512512716e-02 2.568184404021912428e+02
2.522522522522522778e-02 2.568309896270639570e+02
2.532532532532532493e-02 2.568435388519367280e+02
2.542542542542542555e-02 2.568560880768094989e+02
2.552552552552552617e-02 2.568686373016822131e+02
2.562562562562562679e-02 2.568811865265550409e+02
2.572572572572572741e-02 2.568937357514277551e+02
2.582582582582582803e-02 2.569062849763004692e+02
2.592592592592592865e-02 2.569188342011732402e+02
2.602602602602602580e-02 2.569313834260459544e+02
2.612612612612612642e-02 2.569439326509187254e+02
2.622622622622622704e-02 2.569564818757914963e+02
2.632632632632632766e-02 2.569690311006642673e+02
2.642642642642642828e-02 2.569815803255369815e+02
2.652652652652652890e-02 2.569941295504097525e+02
2.662662662662662952e-02 2.570066787752824666e+02
2.672672672672672667e-02 2.570192280001552376e+02
2.682682682682682729e-02 2.570317772250279518e+02
2.692692692692692791e-02 2.570443264499007796e+02
2.702702702702702853e-02 2.570568756747734938e+02
2.712712712712712915e-02 2.570694248996462079e+02
2.722722722722722977e-02 2.570819741245189789e+02
2.732732732732732692e-02 2.570945233493916930e+02
2.742742742742742754e-02 2.571070725742644640e+02
2.752752752752752816e-02 2.571196217991372350e+02
2.762762762762762878e-02 2.571321710240100060e+02
2.772772772772772940e-02 2.571447202488827770e+02
2.782782782782783002e-02 2.571572694737554912e+02
2.792792792792793063e-02 2.571698186986282622e+02
2.802802802802802778e-02 2.571823679235010331e+02
2.812812812812812840e-02 2.571949171483737473e+02
2.822822822822822902e-02 2.572074663732465183e+02
2.832832832832832964e-02 2.572200155981192893e+02
2.842842842842843026e-02 2.572325648229919466e+02
2.852852852852853088e-02 2.572451140478647744e+02
2.862862862862863150e-02 2.572576632727374886e+02
2.872872872872872865e-02 2.572702124976102596e+02
2.882882882882882927e-02 2.572827617224829737e+02
2.892892892892892989e-02 2.572953109473557447e+02
2.902902902902903051e-02 2.573078601722285157e+02
2.912912912912913113e-02 2.573204093971012867e+02
2.922922922922923175e-02 2.573329586219740008e+02
2.932932932932933237e-02 2.573455078468467150e+02
2.942942942942942952e-02 2.573580570717194860e+02
2.952952952952953014e-02 2.573706062965923138e+02
2.962962962962963076e-02 2.573831555214650280e+02
2.972972972972973138e-02 2.573957047463377990e+02
2.982982982982983200e-02 2.574082539712105131e+02
2.992992992992993262e-02 2.574208031960832272e+02
3.003003003003002977e-02 2.574333524209559982e+02
3.013013013013013039e-02 2.574459016458287692e+02
3.023023023023023101e-02 2.574584508707015402e+02
3.033033033033033163e-02 2.574710000955743112e+02
3.043043043043043225e-02 2.574835493204470254e+02
3.053053053053053287e-02 2.574960985453197395e+02
3.063063063063063349e-02 2.575086477701925105e+02
3.073073073073073064e-02 2.575211969950652815e+02
3.083083083083083126e-02 2.575337462199379956e+02
3.093093093093093188e-02 2.575462954448107666e+02
3.103103103103103250e-02 2.575588448819935365e+02
3.113113113113113312e-02 2.575714045762960041e+02
3.123123123123123374e-02 2.575839642705984147e+02
3.133133133133133436e-02 2.575965239649008822e+02
3.143143143143143498e-02 2.576090836592033497e+02
3.153153153153153559e-02 2.576216433535058172e+02
3.163163163163163621e-02 2.576342030478082847e+02
3.173173173173172990e-02 2.576467627421106954e+02
3.183183183183183051e-02 2.576593224364131629e+02
3.193193193193193113e-02 2.576718821307156304e+02
3.203203203203203175e-02 2.576844418250180979e+02
3.213213213213213237e-02 2.576970015193205086e+02
3.223223223223223299e-02 2.577095612136229761e+02
3.233233233233233361e-02 2.577221209079254436e+02
3.243243243243243423e-02 2.577346806022279111e+02
3.253253253253253485e-02 2.577472402965303786e+02
3.263263263263263547e-02 2.577597999908328461e+02
3.273273273273273609e-02 2.577723596851352568e+02
3.283283283283283671e-02 2.577849193794377811e+02
3.293293293293293733e-02 2.577974790737401918e+02
3.303303303303303795e-02 2.578100387680426024e+02
3.313313313313313163e-02 2.578225984623451268e+02
3.323323323323323225e-02 2.578351581566475375e+02
3.333333333333333287e-02 2.578477178509500050e+02
3.343343343343343349e-02 2.578602775452524725e+02
3.353353353353353411e-02 2.578728372395549400e+02
3.363363363363363473e-02 2.578853969338573506e+02
3.373373373373373535e-02 2.578979566281598750e+02
3.383383383383383597e-02 2.579105163224622856e+02
3.393393393393393659e-02 2.579230760167647531e+02
3.403403403403403721e-02 2.579356357110672207e+02
3.413413413413413783e-02 2.579481954053696882e+02
3.423423423423423845e-02 2.579607550996721557e+02
3.433433433433433907e-02 2.579733147939746232e+02
3.443443443443443275e-02 2.579858744882770338e+02
3.453453453453453337e-02 2.579984341825795582e+02
3.463463463463463399e-02 2.580109938768819688e+02
3.473473473473473461e-02 2.580236052912423474e+02
3.483483483483483523e-02 2.580362377063403301e+02
3.493493493493493585e-02 2.580488701214382559e+02
3.503503503503503647e-02 2.580615025365361817e+02
3.513513513513513709e-02 2.580741174410132999e+02
3.523523523523523771e-02 2.580867205392084429e+02
3.533533533533533832e-02 2.580985258571872123e+02
3.543543543543543894e-02 2.581087079971330240e+02
3.553553553553553956e-02 2.581179158575048405e+02
3.563563563563564018e-02 2.581271237178766569e+02
3.573573573573574080e-02 2.581363315782485301e+02
3.583583583583583448e-02 2.581455394386203466e+02
3.593593593593593510e-02 2.581547472989921630e+02
3.603603603603603572e-02 2.581639551593639794e+02
3.613613613613613634e-02 2.581731630197358527e+02
3.623623623623623696e-02 2.581823708801076691e+02
3.633633633633633758e-02 2.581915787404794855e+02
3.643643643643643820e-02 2.582007866008513020e+02
3.653653653653653882e-02 2.582099944612231184e+02
3.663663663663663944e-02 2.582192023215949916e+02
3.673673673673674006e-02 2.582284101819668081e+02
3.683683683683684068e-02 2.582376180423386245e+02
3.693693693693694130e-02 2.582468259027104978e+02
3.703703703703704192e-02 2.582560337630823142e+02
3.713713713713713560e-02 2.582652416234541306e+02
3.723723723723723622e-02 2.582744494838259470e+02
3.733733733733733684e-02 2.582836573441978203e+02
3.743743743743743746e-02 2.582928652045696367e+02
3.753753753753753808e-02 2.583020730649414531e+02
3.763763763763763870e-02 2.583112809253133264e+02
3.773773773773773932e-02 2.583204887856851428e+02
3.783783783783783994e-02 2.583296966460569024e+02
3.793793793793794056e-02 2.583389045064287757e+02
3.803803803803804118e-02 2.583481123668006489e+02
3.813813813813814180e-02 2.583573202271724654e+02
3.823823823823824242e-02 2.583665280875442249e+02
3.833833833833834304e-02 2.583757359479160982e+02
3.843843843843844366e-02 2.583849438082879715e+02
3.853853853853853734e-02 2.583941516686597879e+02
3.863863863863863796e-02 2.584033595290316043e+02
3.873873873873873858e-02 2.584125673894034207e+02
3.883883883883883920e-02 2.584217752497752940e+02
3.893893893893893982e-02 2.584309831101471104e+02
3.903903903903904044e-02 2.584401909705189837e+02
3.913913913913914105e-02 2.584493988308907433e+02
3.923923923923924167e-02 2.584586066912625597e+02
3.933933933933934229e-02 2.584678145516344330e+02
3.943943943943944291e-02 2.584770224120063062e+02
3.953953953953954353e-02 2.584862302723780658e+02
3.963963963963964415e-02 2.584954381327499391e+02
3.973973973973974477e-02 2.585046459931217555e+02
3.983983983983983845e-02 2.585138538534936288e+02
3.993993993993993907e-02 2.585230617138653884e+02
4.004004004004003969e-02 2.585322695742372048e+02
4.014014014014014031e-02 2.585414774346090780e+02
4.024024024024024093e-02 2.585506852949809513e+02
4.034034034034034155e-02 2.585598931553527677e+02
4.044044044044044217e-02 2.585691010157245842e+02
4.054054054054054279e-02 2.585783088760964006e+02
4.064064064064064341e-02 2.585875167364682738e+02
4.074074074074074403e-02 2.585967245968400903e+02
4.084084084084084465e-02 2.586059324572118499e+02
4.094094094094094527e-02 2.586151403175837231e+02
4.104104104104104589e-02 2.586243481779555964e+02
4.114114114114113957e-02 2.586335560383274128e+02
4.124124124124124019e-02 2.586427638986991724e+02
4.134134134134134081e-02 2.586519717590710457e+02
4.144144144144144143e-02 2.586611796194429189e+02
4.154154154154154205e-02 2.586703874798147353e+02
4.164164164164164267e-02 2.586795953401864949e+02
4.174174174174174329e-02 2.586888032005584250e+02
4.184184184184184391e-02 2.586980110609302415e+02
4.194194194194194453e-02 2.587072189213020579e+02
4.204204204204204515e-02 2.587164267816738175e+02
4.214214214214214577e-02 2.587256346420456907e+02
4.224224224224224639e-02 2.587348425024175640e+02
4.234234234234234701e-02 2.587440503627893804e+02
4.244244244244244763e-02 2.587532582231611968e+02
4.254254254254254131e-02 2.587624660835330133e+02
4.264264264264264193e-02 2.587716739439048865e+02
4.274274274274274255e-02 2.587808818042767030e+02
4.284284284284284317e-02 2.587900896646485194e+02
4.294294294294294378e-02 2.587992975250203358e+02
4.304304304304304440e-02 2.588085053853922091e+02
4.314314314314314502e-02 2.588177132457640255e+02
4.324324324324324564e-02 2.588269211061358419e+02
4.334334334334334626e-02 2.588361289665076583e+02
4.344344344344344688e-02 2.588453368268794748e+02
4.354354354354354750e-02 2.588545446872513480e+02
4.364364364364364812e-02 2.588637525476232213e+02
4.374374374374374874e-02 2.588729604079949809e+02
4.384384384384384242e-02 2.588821682683668541e+02
4.394394394394394304e-02 2.588913761287386706e+02
4.404404404404404366e-02 2.589005839891105438e+02
4.414414414414414428e-02 2.589097918494823034e+02
4.424424424424424490e-02 2.589189997098541767e+02
4.434434434434434552e-02 2.589282075702259931e+02
4.444444444444444614e-02 2.589374154305978664e+02
4.454454454454454676e-02 2.589466232909696828e+02
4.464464464464464738e-02 2.589558311513414992e+02
4.474474474474474800e-02 2.589650390117133156e+02
4.484484484484484862e-02 2.589742468720851889e+02
4.494494494494494924e-02 2.589834547324570053e+02
4.504504504504504986e-02 2.589926625928288217e+02
4.514514514514515048e-02 2.590018704532006382e+02
4.524524524524524416e-02 2.590110783135724546e+02
4.534534534534534478e-02 2.590202861739443279e+02
4.544544544544544540e-02 2.590294940343161443e+02
4.554554554554554602e-02 2.590387018946879607e+02
4.564564564564564664e-02 2.590479097550597771e+02
4.574574574574574726e-02 2.590571176154316504e+02
4.584584584584584788e-02 2.590663254758034668e+02
4.594594594594594850e-02 2.590755333361752832e+02
4.604604604604604912e-02 2.590847411965471565e+02
4.614614614614614974e-02 2.590939490569189729e+02
4.624624624624625036e-02 2.591031569172908462e+02
4.634634634634635098e-02 2.591123647776626058e+02
4.644644644644645159e-02 2.591215726380344790e+02
4.654654654654654528e-02 2.591307804984062955e+02
4.664664664664664590e-02 2.591399883587781687e+02
4.674674674674674651e-02 2.591491962191499283e+02
4.684684684684684713e-02 2.591584040795218016e+02
4.694694694694694775e-02 2.591676119398936180e+02
4.704704704704704837e-02 2.591768198002654913e+02
4.714714714714714899e-02 2.591860276606372508e+02
4.724724724724724961e-02 2.591952355210091241e+02
4.734734734734735023e-02 2.592044433813809405e+02
4.744744744744745085e-02 2.592136512417528138e+02
4.754754754754755147e-02 2.592228591021245734e+02
4.764764764764765209e-02 2.592320669624964466e+02
4.774774774774775271e-02 2.592412748228682631e+02
4.784784784784785333e-02 2.592504826832401363e+02
4.794794794794794701e-02 2.592596905436119528e+02
4.804804804804804763e-02 2.592688984039837123e+02
4.814814814814814825e-02 2.592781062643555856e+02
4.824824824824824887e-02 2.592873141247274589e+02
4.834834834834834949e-02 2.592965219850992753e+02
4.844844844844845011e-02 2.593057298454710349e+02
4.854854854854855073e-02 2.593149377058429081e+02
4.864864864864865135e-02 2.593241455662147246e+02
4.874874874874875197e-02 2.593333534265865978e+02
4.884884884884885259e-02 2.593425612869583574e+02
4.894894894894895321e-02 2.593517691473302307e+02
4.904904904904905383e-02 2.593609770077021039e+02
4.914914914914915445e-02 2.593701848680739204e+02
4.924924924924924813e-02 2.593793927284457368e+02
4.934934934934934875e-02 2.593886005888175532e+02
4.944944944944944937e-02 2.593978084491894265e+02
4.954954954954954999e-02 2.594070163095612429e+02
4.964964964964965061e-02 2.594162241699330593e+02
4.974974974974975123e-02 2.594254320303048758e+02
4.984984984984985185e-02 2.594346398906767490e+02
4.994994994994995247e-02 2.594438477510485654e+02
5.005005005005005309e-02 2.594530556114204387e+02
5.015015015015015371e-02 2.594607655660359455e+02
5.025025025025025432e-02 2.594670711415513438e+02
5.035035035035035494e-02 2.594733767170666852e+02
5.045045045045045556e-02 2.594796822925820834e+02
5.055055055055055618e-02 2.594859878680974248e+02
5.065065065065064986e-02 2.594922934436128230e+02
5.075075075075075048e-02 2.594985990191282212e+02
5.085085085085085110e-02 2.595049045946435626e+02
5.095095095095095172e-02 2.595112101701589609e+02
5.105105105105105234e-02 2.595175157456742454e+02
5.115115115115115296e-02 2.595238213211897005e+02
5.125125125125125358e-02 2.595301268967050419e+02
5.135135135135135420e-02 2.595364324722204401e+02
5.145145145145145482e-02 2.595427380477357815e+02
5.155155155155155544e-02 2.595490436232511797e+02
5.165165165165165606e-02 2.595553491987665211e+02
5.175175175175175668e-02 2.595616547742819193e+02
5.185185185185185730e-02 2.595679603497972607e+02
5.195195195195195098e-02 2.595742659253126590e+02
5.205205205205205160e-02 2.595805715008280004e+02
5.215215215215215222e-02 2.595868770763433986e+02
5.225225225225225284e-02 2.595931826518587400e+02
5.235235235235235346e-02 2.595994882273741382e+02
5.245245245245245408e-02 2.596057938028895364e+02
5.255255255255255470e-02 2.596120993784048778e+02
5.265265265265265532e-02 2.596184049539202761e+02
5.275275275275275594e-02 2.596247105294356174e+02
5.285285285285285656e-02 2.596310161049509588e+02
5.295295295295295718e-02 2.596373216804663571e+02
5.305305305305305780e-02 2.596436272559817553e+02
5.315315315315315842e-02 2.596499328314970967e+02
5.325325325325325904e-02 2.596562384070124949e+02
5.335335335335335272e-02 2.596625439825278931e+02
5.345345345345345334e-02 2.596688495580432914e+02
5.355355355355355396e-02 2.596751551335586328e+02
5.365365365365365458e-02 2.596814607090739742e+02
5.375375375375375520e-02 2.596877662845893155e+02
5.385385385385385582e-02 2.596940718601047138e+02
5.395395395395395644e-02 2.597003774356201120e+02
5.405405405405405705e-02 2.597066830111355102e+02
5.415415415415415767e-02 2.597129885866508516e+02
5.425425425425425829e-02 2.597192941621661930e+02
5.435435435435435891e-02 2.597255997376815913e+02
5.445445445445445953e-02 2.597319053131969895e+02
5.455455455455456015e-02 2.597382108887123309e+02
5.465465465465465383e-02 2.597445164642276723e+02
5.475475475475475445e-02 2.597508220397430705e+02
5.485485485485485507e-02 2.597571276152584687e+02
5.495495495495495569e-02 2.597634331907738101e+02
5.505505505505505631e-02 2.597697387662892083e+02
5.515515515515515693e-02 2.597760443418045497e+02
5.525525525525525755e-02 2.597823499173199480e+02
5.535535535535535817e-02 2.597886554928353462e+02
5.545545545545545879e-02 2.597949610683506876e+02
5.555555555555555941e-02 2.598012666438660290e+02
5.565565565565566003e-02 2.598075722193814272e+02
5.575575575575576065e-02 2.598138777948968254e+02
5.585585585585586127e-02 2.598201833704121668e+02
5.595595595595596189e-02 2.598264889459275082e+02
5.605605605605605557e-02 2.598327945214429633e+02
5.615615615615615619e-02 2.598391000969583047e+02
5.625625625625625681e-02 2.598454056724736461e+02
5.635635635635635743e-02 2.598517112479890443e+02
5.645645645645645805e-02 2.598580168235044425e+02
5.655655655655655867e-02 2.598643223990197839e+02
5.665665665665665929e-02 2.598706279745351821e+02
5.675675675675675991e-02 2.598769335500505235e+02
5.685685685685686053e-02 2.598832391255658649e+02
5.695695695695696115e-02 2.598895447010812632e+02
5.705705705705706177e-02 2.598958502765966614e+02
5.715715715715716239e-02 2.599021558521120596e+02
5.725725725725726301e-02 2.599084614276274010e+02
5.735735735735735669e-02 2.599147670031427424e+02
5.745745745745745731e-02 2.599210725786581406e+02
5.755755755755755793e-02 2.599273781541734820e+02
5.765765765765765855e-02 2.599336837296888802e+02
5.775775775775775916e-02 2.599399893052042216e+02
5.785785785785785978e-02 2.599462948807196199e+02
5.795795795795796040e-02 2.599526004562350181e+02
5.805805805805806102e-02 2.599589060317503595e+02
5.815815815815816164e-02 2.599652116072657009e+02
5.825825825825826226e-02 2.599715171827810991e+02
5.835835835835836288e-02 2.599777766290576437e+02
5.845845845845846350e-02 2.599828703097683729e+02
5.855855855855856412e-02 2.599879639904791588e+02
5.865865865865866474e-02 2.599930576711898880e+02
5.875875875875875842e-02 2.599981513519006171e+02
5.885885885885885904e-02 2.600032450326114031e+02
5.895895895895895966e-02 2.600083387133221322e+02
5.905905905905906028e-02 2.600134323940328613e+02
5.915915915915916090e-02 2.600185260747436473e+02
5.925925925925926152e-02 2.600236197554544333e+02
5.935935935935936214e-02 2.600287134361651624e+02
5.945945945945946276e-02 2.600338071168758916e+02
5.955955955955956338e-02 2.600389007975866775e+02
5.965965965965966400e-02 2.600439944782973498e+02
5.975975975975976462e-02 2.600490881590081926e+02
5.985985985985986524e-02 2.600541818397189218e+02
5.995995995995996586e-02 2.600592755204296509e+02
6.006006006006005954e-02 2.600643692011403800e+02
6.016016016016016016e-02 2.600694628818511660e+02
6.026026026026026078e-02 2.600745565625619520e+02
6.036036036036036140e-02 2.600796502432726811e+02
6.046046046046046202e-02 2.600847439239834102e+02
6.056056056056056264e-02 2.600898376046941394e+02
6.066066066066066326e-02 2.600949312854049253e+02
6.076076076076076388e-02 2.601000249661157113e+02
6.086086086086086450e-02 2.601051186468264405e+02
6.096096096096096512e-02 2.601102123275371696e+02
6.106106106106106574e-02 2.601153060082479556e+02
6.116116116116116636e-02 2.601202001586721053e+02
6.126126126126126697e-02 2.601250594570992121e+02
6.136136136136136759e-02 2.601299187555263188e+02
6.146146146146146128e-02 2.601347780539533687e+02
6.156156156156156189e-02 2.601396373523805323e+02
6.166166166166166251e-02 2.601444966508076391e+02
6.176176176176176313e-02 2.601493559492347458e+02
6.186186186186186375e-02 2.601542152476617957e+02
6.196196196196196437e-02 2.601590745460889593e+02
6.206206206206206499e-02 2.601639338445160661e+02
6.216216216216216561e-02 2.601687931429431728e+02
6.226226226226226623e-02 2.601736524413702227e+02
6.236236236236236685e-02 2.601785117397973295e+02
6.246246246246246747e-02 2.601833710382244931e+02
6.256256256256256809e-02 2.601882303366515430e+02
6.266266266266266871e-02 2.601930896350786497e+02
6.276276276276276933e-02 2.601979489335057565e+02
6.286286286286286995e-02 2.602028082319328632e+02
6.296296296296297057e-02 2.602076675303599700e+02
6.306306306306307119e-02 2.602125268287870767e+02
6.316316316316317181e-02 2.602173861272141835e+02
6.326326326326327243e-02 2.602222454256412902e+02
6.336336336336337305e-02 2.602271047240683970e+02
6.346346346346345979e-02 2.602319640224955037e+02
6.356356356356356041e-02 2.602368233209225536e+02
6.366366366366366103e-02 2.602416826193497172e+02
6.376376376376376165e-02 2.602465419177767671e+02
6.386386386386386227e-02 2.602514012162038739e+02
6.396396396396396289e-02 2.602562605146309807e+02
6.406406406406406351e-02 2.602611198130580874e+02
6.416416416416416413e-02 2.602659791114851942e+02
6.426426426426426475e-02 2.602708384099123009e+02
6.436436436436436537e-02 2.602756056663174604e+02
6.446446446446446599e-02 2.602801975153582816e+02
6.456456456456456661e-02 2.602847893643990460e+02
6.466466466466466723e-02 2.602893812134398672e+02
6.476476476476476785e-02 2.602939730624806316e+02
6.486486486486486847e-02 2.602985649115214528e+02
6.496496496496496909e-02 2.603031567605622172e+02
6.506506506506506970e-02 2.603077486096030384e+02
6.516516516516517032e-02 2.603123404586438596e+02
6.526526526526527094e-02 2.603169323076846808e+02
6.536536536536537156e-02 2.603215241567254452e+02
6.546546546546547218e-02 2.603261160057662664e+02
6.556556556556557280e-02 2.603307078548070876e+02
6.566566566566567342e-02 2.603352997038479089e+02
6.576576576576577404e-02 2.603398915528886732e+02
6.586586586586587466e-02 2.603444834019294944e+02
6.596596596596597528e-02 2.603490752509702588e+02
6.606606606606607590e-02 2.603526592473964456e+02
6.616616616616616264e-02 2.603558838696986868e+02
6.626626626626626326e-02 2.603588642646816993e+02
6.636636636636636388e-02 2.603617173814218404e+02
6.646646646646646450e-02 2.603645704981619815e+02
6.656656656656656512e-02 2.603674236149021226e+02
6.666666666666666574e-02 2.603702767316423206e+02
6.676676676676676636e-02 2.603731298483824617e+02
6.686686686686686698e-02 2.603759829651226028e+02
6.696696696696696760e-02 2.603788360818628007e+02
6.706706706706706822e-02 2.603816891986029418e+02
6.716716716716716884e-02 2.603845423153430829e+02
6.726726726726726946e-02 2.603869575577718933e+02
6.736736736736737008e-02 2.603888589564076028e+02
6.746746746746747070e-02 2.603907603550433691e+02
6.756756756756757132e-02 2.603926617536790786e+02
6.766766766766767194e-02 2.603945631523148450e+02
6.776776776776777256e-02 2.603964645509505544e+02
6.786786786786787318e-02 2.603983659495863208e+02
6.796796796796797380e-02 2.604002673482220871e+02
6.806806806806807442e-02 2.604021687468578534e+02
6.816816816816817504e-02 2.604040701454935629e+02
6.826826826826827566e-02 2.604059715441293292e+02
6.836836836836837628e-02 2.604078729427650956e+02
6.846846846846847690e-02 2.604097743414008050e+02
6.856856856856857751e-02 2.604116757400365714e+02
6.866866866866867813e-02 2.604135771386723377e+02
6.876876876876877875e-02 2.604154785373080472e+02
6.886886886886886550e-02 2.604173799359438135e+02
6.896896896896896612e-02 2.604192813345795798e+02
6.906906906906906674e-02 2.604211827332152893e+02
6.916916916916916735e-02 2.604230841318510556e+02
6.926926926926926797e-02 2.604249855304867651e+02
6.936936936936936859e-02 2.604268869291225883e+02
6.946946946946946921e-02 2.604287883277582978e+02
6.956956956956956983e-02 2.604306897263940641e+02
6.966966966966967045e-02 2.604325911250298304e+02
6.976976976976977107e-02 2.604344925236655399e+02
6.986986986986987169e-02 2.604363939223012494e+02
6.996996996996997231e-02 2.604382953209370157e+02
7.007007007007007293e-02 2.604401967195727821e+02
7.017017017017017355e-02 2.604420981182085484e+02
7.027027027027027417e-02 2.604439995168442579e+02
7.037037037037037479e-02 2.604459009154800242e+02
7.047047047047047541e-02 2.604478023141157337e+02
7.057057057057057603e-02 2.604497037127515000e+02
7.067067067067067665e-02 2.604516051113872663e+02
7.077077077077077727e-02 2.604535065100230327e+02
7.087087087087087789e-02 2.604554079086587990e+02
7.097097097097097851e-02 2.604573093072945085e+02
7.107107107107107913e-02 2.604592107059302180e+02
7.117117117117117975e-02 2.604611121045659843e+02
7.127127127127128037e-02 2.604630135032017506e+02
7.137137137137138099e-02 2.604647319038239743e+02
7.147147147147148161e-02 2.604663760622218547e+02
7.157157157157156835e-02 2.604680202206197350e+02
7.167167167167166897e-02 2.604696643790176154e+02
7.177177177177176959e-02 2.604713085374154957e+02
7.187187187187187021e-02 2.604729526958133761e+02
7.197197197197197083e-02 2.604745968542113133e+02
7.207207207207207145e-02 2.604762410126091936e+02
7.217217217217217207e-02 2.604778851710070171e+02
7.227227227227227269e-02 2.604795293294048975e+02
7.237237237237237331e-02 2.604811734878028346e+02
7.247247247247247393e-02 2.604828176462007150e+02
7.257257257257257455e-02 2.604844618045985953e+02
7.267267267267267516e-02 2.604861059629964757e+02
7.277277277277277578e-02 2.604877501213943560e+02
7.287287287287287640e-02 2.604893942797922364e+02
7.297297297297297702e-02 2.604910384381901736e+02
7.307307307307307764e-02 2.604926825965879971e+02
7.317317317317317826e-02 2.604943267549859343e+02
7.327327327327327888e-02 2.604959709133838146e+02
7.337337337337337950e-02 2.604976150717816950e+02
7.347347347347348012e-02 2.604992592301795185e+02
7.357357357357358074e-02 2.605009033885774556e+02
7.367367367367368136e-02 2.605025475469753360e+02
7.377377377377378198e-02 2.605041917053732732e+02
7.387387387387388260e-02 2.605058358637710967e+02
7.397397397397398322e-02 2.605074800221689770e+02
7.407407407407408384e-02 2.605091241805668574e+02
7.417417417417418446e-02 2.605108050902281889e+02
7.427427427427427120e-02 2.605125112325146688e+02
7.437437437437437182e-02 2.605142173748010919e+02
7.447447447447447244e-02 2.605159235170875149e+02
7.457457457457457306e-02 2.605176296593739949e+02
7.467467467467467368e-02 2.605193358016604179e+02
7.477477477477477430e-02 2.605210419439468978e+02
7.487487487487487492e-02 2.605227480862333209e+02
7.497497497497497554e-02 2.605244542285198008e+02
7.507507507507507616e-02 2.605261603708062239e+02
7.517517517517517678e-02 2.605278665130926470e+02
7.527527527527527740e-02 2.605295726553791269e+02
7.537537537537537802e-02 2.605312787976655500e+02
7.547547547547547864e-02 2.605329849399520299e+02
7.557557557557557926e-02 2.605346910822384530e+02
7.567567567567567988e-02 2.605363972245248760e+02
7.577577577577578050e-02 2.605381033668113560e+02
7.587587587587588112e-02 2.605398095090978359e+02
7.597597597597598174e-02 2.605415156513842021e+02
7.607607607607608236e-02 2.605432217936706820e+02
7.617617617617618297e-02 2.605449279359571619e+02
7.627627627627628359e-02 2.605466340782435850e+02
7.637637637637638421e-02 2.605483402205300649e+02
7.647647647647648483e-02 2.605500463628164880e+02
7.657657657657658545e-02 2.605517525051029111e+02
7.667667667667668607e-02 2.605534586473893910e+02
7.677677677677678669e-02 2.605551647896758141e+02
7.687687687687688731e-02 2.605568709319622371e+02
7.697697697697697405e-02 2.605585770742487171e+02
7.707707707707707467e-02 2.605602509377119986e+02
7.717717717717717529e-02 2.605618847727623688e+02
7.727727727727727591e-02 2.605635186078126821e+02
7.737737737737737653e-02 2.605651524428629955e+02
7.747747747747747715e-02 2.605667862779133088e+02
7.757757757757757777e-02 2.605684201129636222e+02
7.767767767767767839e-02 2.605700539480139355e+02
7.777777777777777901e-02 2.605716877830642488e+02
7.787787787787787963e-02 2.605733216181145622e+02
7.797797797797798025e-02 2.605749554531648755e+02
7.807807807807808087e-02 2.605765892882151888e+02
7.817817817817818149e-02 2.605782231232655590e+02
7.827827827827828211e-02 2.605790218118654593e+02
7.837837837837838273e-02 2.605794243083128094e+02
7.847847847847848335e-02 2.605798268047601596e+02
7.857857857857858397e-02 2.605802293012075666e+02
7.867867867867868459e-02 2.605804725871078631e+02
7.877877877877878521e-02 2.605806493025046962e+02
7.887887887887888583e-02 2.605808260179014155e+02
7.897897897897898645e-02 2.605810027332982486e+02
7.907907907907908707e-02 2.605811794486950248e+02
7.917917917917918769e-02 2.605813561640918010e+02
7.927927927927928831e-02 2.605815328794885772e+02
7.937937937937938893e-02 2.605817095948854103e+02
7.947947947947948955e-02 2.605818863102821865e+02
7.957957957957957629e-02 2.605820630256789627e+02
7.967967967967967691e-02 2.605822397410757389e+02
7.977977977977977753e-02 2.605824164564725152e+02
7.987987987987987815e-02 2.605825931718693482e+02
7.997997997997997877e-02 2.605827698872661244e+02
8.008008008008007939e-02 2.605829466026629575e+02
8.018018018018018001e-02 2.605831233180597337e+02
8.028028028028028062e-02 2.605833000334565099e+02
8.038038038038038124e-02 2.605834552621599300e+02
8.048048048048048186e-02 2.605835294420941182e+02
8.058058058058058248e-02 2.605836036220282494e+02
8.068068068068068310e-02 2.605836778019623807e+02
8.078078078078078372e-02 2.605837519818965689e+02
8.088088088088088434e-02 2.605838261618307570e+02
8.098098098098098496e-02 2.605839003417649451e+02
8.108108108108108558e-02 2.605839745216990764e+02
8.118118118118118620e-02 2.605840487016332645e+02
8.128128128128128682e-02 2.605841228815673958e+02
8.138138138138138744e-02 2.605841970615015839e+02
8.148148148148148806e-02 2.605842712414357720e+02
8.158158158158158868e-02 2.605843454213699033e+02
8.168168168168168930e-02 2.605844196013040914e+02
8.178178178178178992e-02 2.605844937812382227e+02
8.188188188188189054e-02 2.605845679611723540e+02
8.198198198198199116e-02 2.605846421411065421e+02
8.208208208208209178e-02 2.605847163210406734e+02
8.218218218218219240e-02 2.605847905009748615e+02
8.228228228228227914e-02 2.605848646809090496e+02
8.238238238238237976e-02 2.605849388608432378e+02
8.248248248248248038e-02 2.605850130407773690e+02
8.258258258258258100e-02 2.605850872207115572e+02
8.268268268268268162e-02 2.605851614006457453e+02
8.278278278278278224e-02 2.605852355805799334e+02
8.288288288288288286e-02 2.605853097605140647e+02
8.298298298298298348e-02 2.605853839404481960e+02
8.308308308308308410e-02 2.605854581203823273e+02
8.318318318318318472e-02 2.605855323003165154e+02
8.328328328328328534e-02 2.605856064802507035e+02
8.338338338338338596e-02 2.605856806601848916e+02
8.348348348348348658e-02 2.605857548401190797e+02
8.358358358358358720e-02 2.605858290200532110e+02
8.368368368368368782e-02 2.605859031999873423e+02
8.378378378378378843e-02 2.605859773799215304e+02
8.388388388388388905e-02 2.605860515598557186e+02
8.398398398398398967e-02 2.605861257397898498e+02
8.408408408408409029e-02 2.605861999197240380e+02
8.418418418418419091e-02 2.605862740996581692e+02
8.428428428428429153e-02 2.605863482795923574e+02
8.438438438438439215e-02 2.605864224595264886e+02
8.448448448448449277e-02 2.605864966394606768e+02
8.458458458458459339e-02 2.605865708193948649e+02
8.468468468468469401e-02 2.605866449993289962e+02
8.478478478478479463e-02 2.605867191792631274e+02
8.488488488488489525e-02 2.605867933591973156e+02
8.498498498498498199e-02 2.605868675391315037e+02
8.508508508508508261e-02 2.605869417190656350e+02
8.518518518518518323e-02 2.605870158989998231e+02
8.528528528528528385e-02 2.605870900789340112e+02
8.538538538538538447e-02 2.605871642588681425e+02
8.548548548548548509e-02 2.605872384388023306e+02
8.558558558558558571e-02 2.605873126187365187e+02
8.568568568568568633e-02 2.605873867986706500e+02
8.578578578578578695e-02 2.605874609786047813e+02
8.588588588588588757e-02 2.605875351585389694e+02
8.598598598598598819e-02 2.605876093384731575e+02
8.608608608608608881e-02 2.605876835184072888e+02
8.618618618618618943e-02 2.605877576983414770e+02
8.628628628628629005e-02 2.605878318782756651e+02
8.638638638638639067e-02 2.605879060582097964e+02
8.648648648648649129e-02 2.605879802381439845e+02
8.658658658658659191e-02 2.605880544180781158e+02
8.668668668668669253e-02 2.605881285980123039e+02
8.678678678678679315e-02 2.605882027779464352e+02
8.688688688688689377e-02 2.605882769578806233e+02
8.698698698698699439e-02 2.605883511378148114e+02
8.708708708708709501e-02 2.605884253177489427e+02
8.718718718718719562e-02 2.605884994976831308e+02
8.728728728728729624e-02 2.605885736776172621e+02
8.738738738738739686e-02 2.605886478575514502e+02
8.748748748748749748e-02 2.605887220374855815e+02
8.758758758758759810e-02 2.605887962174197696e+02
8.768768768768768485e-02 2.605888703973539577e+02
8.778778778778778547e-02 2.605889445772880890e+02
8.788788788788788608e-02 2.605890187572222771e+02
8.798798798798798670e-02 2.605890929371564084e+02
8.808808808808808732e-02 2.605891671170905965e+02
8.818818818818818794e-02 2.605892412970247278e+02
8.828828828828828856e-02 2.605893154769589160e+02
8.838838838838838918e-02 2.605893896568931041e+02
8.848848848848848980e-02 2.605894638368272354e+02
8.858858858858859042e-02 2.605895380167614235e+02
8.868868868868869104e-02 2.605896121966955548e+02
8.878878878878879166e-02 2.605896863766297429e+02
8.888888888888889228e-02 2.605897605565639310e+02
8.898898898898899290e-02 2.605898347364980623e+02
8.908908908908909352e-02 2.605899089164322504e+02
8.918918918918919414e-02 2.605899830963663817e+02
8.928928928928929476e-02 2.605900572763005698e+02
8.938938938938939538e-02 2.605901314562347579e+02
8.948948948948949600e-02 2.605902056361688892e+02
8.958958958958959662e-02 2.605889935782315661e+02
8.968968968968969724e-02 2.605876647265463930e+02
8.978978978978979786e-02 2.605863358748612200e+02
8.988988988988989848e-02 2.605850070231760469e+02
8.998998998998999910e-02 2.605836781714908739e+02
9.009009009009009972e-02 2.605823493198057008e+02
9.019019019019020034e-02 2.605810204681205278e+02
9.029029029029030096e-02 2.605796916164353547e+02
9.039039039039038770e-02 2.605783627647501817e+02
9.049049049049048832e-02 2.605770339130650086e+02
9.059059059059058894e-02 2.605757050613798356e+02
9.069069069069068956e-02 2.605743762096946625e+02
9.079079079079079018e-02 2.605730473580094895e+02
9.089089089089089080e-02 2.605717185063243164e+02
9.099099099099099142e-02 2.605703896546391434e+02
9.109109109109109204e-02 2.605690608029539703e+02
9.119119119119119266e-02 2.605677319512687973e+02
9.129129129129129328e-02 2.605664030995836242e+02
9.139139139139139389e-02 2.605650742478984512e+02
9.149149149149149451e-02 2.605637453962132781e+02
9.159159159159159513e-02 2.605624165445281051e+02
9.169169169169169575e-02 2.605610876928429320e+02
9.179179179179179637e-02 2.605597588411577590e+02
9.189189189189189699e-02 2.605583969574863090e+02
9.199199199199199761e-02 2.605569993260255046e+02
9.209209209209209823e-02 2.605556016945647571e+02
9.219219219219219885e-02 2.605542040631039526e+02
9.229229229229229947e-02 2.605528064316431482e+02
9.239239239239240009e-02 2.605514088001823438e+02
9.249249249249250071e-02 2.605500111687215394e+02
9.259259259259260133e-02 2.605486135372607919e+02
9.269269269269270195e-02 2.605472159057999875e+02
9.279279279279280257e-02 2.605458182743392399e+02
9.289289289289290319e-02 2.605444206428784355e+02
9.299299299299300381e-02 2.605430230114176311e+02
9.309309309309309055e-02 2.605416253799568267e+02
9.319319319319319117e-02 2.605402277484960223e+02
9.329329329329329179e-02 2.605388301170352747e+02
9.339339339339339241e-02 2.605374324855745272e+02
9.349349349349349303e-02 2.605360348541137228e+02
9.359359359359359365e-02 2.605346372226529184e+02
9.369369369369369427e-02 2.605332395911921708e+02
9.379379379379379489e-02 2.605318419597313095e+02
9.389389389389389551e-02 2.605304443282705620e+02
9.399399399399399613e-02 2.605290466968097576e+02
9.409409409409409675e-02 2.605276490653490100e+02
9.419419419419419737e-02 2.605262514338882056e+02
9.429429429429429799e-02 2.605248538024274580e+02
9.439439439439439861e-02 2.605234561709665968e+02
9.449449449449449923e-02 2.605220585395058492e+02
9.459459459459459985e-02 2.605206609080451017e+02
9.469469469469470047e-02 2.605192632765842404e+02
9.479479479479480108e-02 2.605178656451234929e+02
9.489489489489490170e-02 2.605164680136626885e+02
9.499499499499500232e-02 2.605150703822018841e+02
9.509509509509510294e-02 2.605136727507411365e+02
9.519519519519520356e-02 2.605122751192803321e+02
9.529529529529530418e-02 2.605108774878195277e+02
9.539539539539540480e-02 2.605094798563587801e+02
9.549549549549550542e-02 2.605080822248979757e+02
9.559559559559560604e-02 2.605066845934371713e+02
9.569569569569570666e-02 2.605052869619764238e+02
9.579579579579579340e-02 2.605038893305156193e+02
9.589589589589589402e-02 2.605024916990548149e+02
9.599599599599599464e-02 2.605010940675940674e+02
9.609609609609609526e-02 2.604996964361332630e+02
9.619619619619619588e-02 2.604982988046724586e+02
9.629629629629629650e-02 2.604969011732117110e+02
9.639639639639639712e-02 2.604955035417509066e+02
9.649649649649649774e-02 2.604941059102901022e+02
9.659659659659659836e-02 2.604927082788293546e+02
9.669669669669669898e-02 2.604913106473685502e+02
9.679679679679679960e-02 2.604899130159077458e+02
9.689689689689690022e-02 2.604885153844469414e+02
9.699699699699700084e-02 2.604871177529861939e+02
9.709709709709710146e-02 2.604857201215253895e+02
9.719719719719720208e-02 2.604843224900645851e+02
9.729729729729730270e-02 2.604829248586038375e+02
9.739739739739740332e-02 2.604815272271430331e+02
9.749749749749750394e-02 2.604801295956822287e+02
9.759759759759760456e-02 2.604787319642214243e+02
9.769769769769770518e-02 2.604773343327606767e+02
9.779779779779780580e-02 2.604759367012998723e+02
9.789789789789790642e-02 2.604745390698390679e+02
9.799799799799800704e-02 2.604731414383783203e+02
9.809809809809810766e-02 2.604717438069175159e+02
9.819819819819820828e-02 2.604703461754567684e+02
9.829829829829830889e-02 2.604689485439959640e+02
9.839839839839840951e-02 2.604674836814628520e+02
9.849849849849849626e-02 2.604659880872491726e+02
9.859859859859859688e-02 2.604644924930355501e+02
9.869869869869869750e-02 2.604629968988218707e+02
9.879879879879879812e-02 2.604615013046081913e+02
9.889889889889889873e-02 2.604600057103945119e+02
9.899899899899899935e-02 2.604585101161808893e+02
9.909909909909909997e-02 2.604570145219671531e+02
9.919919919919920059e-02 2.604555189277535305e+02
9.929929929929930121e-02 2.604540233335398511e+02
9.939939939939940183e-02 2.604525277393261717e+02
9.949949949949950245e-02 2.604510321451124923e+02
9.959959959959960307e-02 2.604495365508988129e+02
9.969969969969970369e-02 2.604480409566851904e+02
9.979979979979980431e-02 2.604465453624715110e+02
9.989989989989990493e-02 2.604450497682578316e+02
1.000000000000000056e-01 2.604435541740441522e+02
