LineProbe
number of points: 1000 (fixed)
point 0: [0.045 0.045 0.   ]
point 1: [0.045 0.045 0.1  ]
-----

# T 1000
0.000000000000000000e+00 2.531499999999999773e+02
1.001001001001001047e-04 2.531506352316215782e+02
2.002002002002002093e-04 2.531512704632431223e+02
3.003003003003003411e-04 2.531519056948646949e+02
4.004004004004004186e-04 2.531525409264862390e+02
5.005005005005004962e-04 2.531531761581078115e+02
6.006006006006006821e-04 2.531538113897294124e+02
7.007007007007007597e-04 2.531544466213509565e+02
8.008008008008008372e-04 2.531550818529725007e+02
9.009009009009009148e-04 2.531557170845941016e+02
1.001001001001000992e-03 2.531563523162156457e+02
1.101101101101101178e-03 2.531569875478372182e+02
1.201201201201201364e-03 2.531576227794587624e+02
1.301301301301301333e-03 2.531582580110803349e+02
1.401401401401401519e-03 2.531588932427019358e+02
1.501501501501501488e-03 2.531595284743234515e+02
1.601601601601601674e-03 2.531601637059449956e+02
1.701701701701701860e-03 2.531607989375665966e+02
1.801801801801801830e-03 2.531614341691881691e+02
1.901901901901902016e-03 2.531620694008097416e+02
2.002002002002001985e-03 2.531627032726141522e+02
2.102102102102102171e-03 2.531633366382259851e+02
2.202202202202202357e-03 2.531639700038378180e+02
2.302302302302302543e-03 2.531646033694496793e+02
2.402402402402402729e-03 2.531652367350615123e+02
2.502502502502502481e-03 2.531658701006733452e+02
2.602602602602602667e-03 2.531665034662851781e+02
2.702702702702702853e-03 2.531671368318969826e+02
2.802802802802803039e-03 2.531677701975088723e+02
2.902902902902903225e-03 2.531684035631206768e+02
3.003003003003002977e-03 2.531690369287325098e+02
3.103103103103103163e-03 2.531696702943443711e+02
3.203203203203203349e-03 2.531703036599562040e+02
3.303303303303303535e-03 2.531709370255680369e+02
3.403403403403403721e-03 2.531715703911798414e+02
3.503503503503503473e-03 2.531722037567917027e+02
3.603603603603603659e-03 2.531728371224035357e+02
3.703703703703703845e-03 2.531734704880153686e+02
3.803803803803804031e-03 2.531741038536272015e+02
3.903903903903904217e-03 2.531747372192390344e+02
4.004004004004003969e-03 2.531753705848508957e+02
4.104104104104104589e-03 2.531760039504627287e+02
4.204204204204204341e-03 2.531766373160745616e+02
4.304304304304304093e-03 2.531772706816864229e+02
4.404404404404404713e-03 2.531779040472982558e+02
4.504504504504504465e-03 2.531785374129101172e+02
4.604604604604605085e-03 2.531791707785219216e+02
4.704704704704704837e-03 2.531798041441337546e+02
4.804804804804805457e-03 2.531804375097456159e+02
4.904904904904905209e-03 2.531810708753574204e+02
5.005005005005004962e-03 2.531817042409692817e+02
5.105105105105105581e-03 2.531823376065811431e+02
5.205205205205205334e-03 2.531829709721929476e+02
5.305305305305305953e-03 2.531836043378047805e+02
5.405405405405405705e-03 2.531842377034166418e+02
5.505505505505505458e-03 2.531848710690284747e+02
5.605605605605606077e-03 2.531855044346403076e+02
5.705705705705705830e-03 2.531861378002521406e+02
5.805805805805806449e-03 2.531867711658639450e+02
5.905905905905906202e-03 2.531874045314758064e+02
6.006006006006005954e-03 2.531880378970876393e+02
6.106106106106106574e-03 2.531886685027915860e+02
6.206206206206206326e-03 2.531892987800221135e+02
6.306306306306306945e-03 2.531899290572526127e+02
6.406406406406406698e-03 2.531905593344830834e+02
6.506506506506506450e-03 2.531911896117135825e+02
6.606606606606607070e-03 2.531918198889441101e+02
6.706706706706706822e-03 2.531924501661745239e+02
6.806806806806807442e-03 2.531930804434050515e+02
6.906906906906907194e-03 2.531937107206355506e+02
7.007007007007006946e-03 2.531943409978659929e+02
7.107107107107107566e-03 2.531949712750964920e+02
7.207207207207207318e-03 2.531956015523270196e+02
7.307307307307307938e-03 2.531962318295574903e+02
7.407407407407407690e-03 2.531968621067879610e+02
7.507507507507507442e-03 2.531974923840185170e+02
7.607607607607608062e-03 2.531981226612489877e+02
7.707707707707707814e-03 2.531987529384794300e+02
7.807807807807808434e-03 2.531993832157099291e+02
7.907907907907909054e-03 2.532000134929403998e+02
8.008008008008007939e-03 2.532006437701709274e+02
8.108108108108108558e-03 2.532012740474013981e+02
8.208208208208209178e-03 2.532019043246318972e+02
8.308308308308308063e-03 2.532025346018623964e+02
8.408408408408408682e-03 2.532031648790928671e+02
8.508508508508509302e-03 2.532037951563233946e+02
8.608608608608608187e-03 2.532044254335538653e+02
8.708708708708708807e-03 2.532050557107843360e+02
8.808808808808809426e-03 2.532056859880148636e+02
8.908908908908910046e-03 2.532063162652453343e+02
9.009009009009008931e-03 2.532069465424758619e+02
9.109109109109109551e-03 2.532075768197063326e+02
9.209209209209210170e-03 2.532082070969368033e+02
9.309309309309309055e-03 2.532088373741673024e+02
9.409409409409409675e-03 2.532094676513978015e+02
9.509509509509510294e-03 2.532100979286282723e+02
9.609609609609610914e-03 2.532107282058587714e+02
9.709709709709709799e-03 2.532113584830892421e+02
9.809809809809810419e-03 2.532119887603197412e+02
9.909909909909911038e-03 2.532126190375502119e+02
1.001001001001000992e-02 2.532132493147807395e+02
1.011011011011011054e-02 2.532138795920112386e+02
1.021021021021021116e-02 2.532145098692417093e+02
1.031031031031031005e-02 2.532151401464722085e+02
1.041041041041041067e-02 2.532157704237026792e+02
1.051051051051051129e-02 2.532164007009331499e+02
1.061061061061061191e-02 2.532170309781636774e+02
1.071071071071071079e-02 2.532176612553941482e+02
1.081081081081081141e-02 2.532182833184018591e+02
1.091091091091091203e-02 2.532188913101435617e+02
1.101101101101101092e-02 2.532194993018853211e+02
1.111111111111111154e-02 2.532201072936270521e+02
1.121121121121121215e-02 2.532207152853687830e+02
1.131131131131131104e-02 2.532213232771105709e+02
1.141141141141141166e-02 2.532219312688523019e+02
1.151151151151151228e-02 2.532225392605940613e+02
1.161161161161161290e-02 2.532231472523357638e+02
1.171171171171171178e-02 2.532237552440775232e+02
1.181181181181181240e-02 2.532243632358192826e+02
1.191191191191191302e-02 2.532249712275610136e+02
1.201201201201201191e-02 2.532255792193028014e+02
1.211211211211211253e-02 2.532261931049744703e+02
1.221221221221221315e-02 2.532268196101059061e+02
1.231231231231231203e-02 2.532274461152373703e+02
1.241241241241241265e-02 2.532280726203687777e+02
1.251251251251251327e-02 2.532286991255002420e+02
1.261261261261261389e-02 2.532293256306316493e+02
1.271271271271271278e-02 2.532299521357631136e+02
1.281281281281281340e-02 2.532305786408945210e+02
1.291291291291291402e-02 2.532312051460259568e+02
1.301301301301301290e-02 2.532318316511574210e+02
1.311311311311311352e-02 2.532324581562888568e+02
1.321321321321321414e-02 2.532330846614202926e+02
1.331331331331331476e-02 2.532337111665517568e+02
1.341341341341341364e-02 2.532343376716831642e+02
1.351351351351351426e-02 2.532349641768146000e+02
1.361361361361361488e-02 2.532355906819460074e+02
1.371371371371371377e-02 2.532362181323461527e+02
1.381381381381381439e-02 2.532368457943006774e+02
1.391391391391391501e-02 2.532374734562552021e+02
1.401401401401401389e-02 2.532381011182097268e+02
1.411411411411411451e-02 2.532387287801643083e+02
1.421421421421421513e-02 2.532393564421188046e+02
1.431431431431431575e-02 2.532399841040733577e+02
1.441441441441441464e-02 2.532406117660278824e+02
1.451451451451451526e-02 2.532412394279824071e+02
1.461461461461461588e-02 2.532418670899369317e+02
1.471471471471471476e-02 2.532424947518914848e+02
1.481481481481481538e-02 2.532431224138459811e+02
1.491491491491491600e-02 2.532437500758005626e+02
1.501501501501501488e-02 2.532443777377550873e+02
1.511511511511511550e-02 2.532450053997096120e+02
1.521521521521521612e-02 2.532456330616641367e+02
1.531531531531531674e-02 2.532462607236186614e+02
1.541541541541541563e-02 2.532468883855732145e+02
1.551551551551551625e-02 2.532475160475277391e+02
1.561561561561561687e-02 2.532481437094822638e+02
1.571571571571571749e-02 2.532487713714368169e+02
1.581581581581581811e-02 2.532493990333913416e+02
1.591591591591591526e-02 2.532500266953458663e+02
1.601601601601601588e-02 2.532506543573004194e+02
1.611611611611611650e-02 2.532512820192549441e+02
1.621621621621621712e-02 2.532519096812094404e+02
1.631631631631631774e-02 2.532525373431640219e+02
1.641641641641641836e-02 2.532531650051185466e+02
1.651651651651651898e-02 2.532537926670730997e+02
1.661661661661661613e-02 2.532544203290275959e+02
1.671671671671671675e-02 2.532550479909821206e+02
1.681681681681681736e-02 2.532556756529366737e+02
1.691691691691691798e-02 2.532563033148911700e+02
1.701701701701701860e-02 2.532569309768457515e+02
1.711711711711711922e-02 2.532575586388002762e+02
1.721721721721721637e-02 2.532581863007548009e+02
1.731731731731731699e-02 2.532588139627093256e+02
1.741741741741741761e-02 2.532594416246638787e+02
1.751751751751751823e-02 2.532600692866184318e+02
1.761761761761761885e-02 2.532606969485729280e+02
1.771771771771771947e-02 2.532613246105274811e+02
1.781781781781782009e-02 2.532619522724820058e+02
1.791791791791791724e-02 2.532625799344365589e+02
1.801801801801801786e-02 2.532632075963910552e+02
1.811811811811811848e-02 2.532638352583455799e+02
1.821821821821821910e-02 2.532644629203001614e+02
1.831831831831831972e-02 2.532650905822546861e+02
1.841841841841842034e-02 2.532657182442092108e+02
1.851851851851852096e-02 2.532663459061637354e+02
1.861861861861861811e-02 2.532669735681182601e+02
1.871871871871871873e-02 2.532676012300728132e+02
1.881881881881881935e-02 2.532682288920273095e+02
1.891891891891891997e-02 2.532688565539818910e+02
1.901901901901902059e-02 2.532694842159363873e+02
1.911911911911912121e-02 2.532701118778909404e+02
1.921921921921922183e-02 2.532707395398454935e+02
1.931931931931931898e-02 2.532713672017999897e+02
1.941941941941941960e-02 2.532719948637545713e+02
1.951951951951952022e-02 2.532726225257090960e+02
1.961961961961962084e-02 2.532732501876635922e+02
1.971971971971972146e-02 2.532738778496180885e+02
1.981981981981982208e-02 2.532745055115726700e+02
1.991991991991991923e-02 2.532751331735271663e+02
2.002002002002001985e-02 2.532757608354817478e+02
2.012012012012012047e-02 2.532763884974362725e+02
2.022022022022022109e-02 2.532770161593908256e+02
2.032032032032032171e-02 2.532776438213453503e+02
2.042042042042042232e-02 2.532782714832998465e+02
2.052052052052052294e-02 2.532788991452543996e+02
2.062062062062062009e-02 2.532795268072089243e+02
2.072072072072072071e-02 2.532801544691634774e+02
2.082082082082082133e-02 2.532807821311180021e+02
2.092092092092092195e-02 2.532814097930725268e+02
2.102102102102102257e-02 2.532820374550270799e+02
2.112112112112112319e-02 2.532826651169816046e+02
2.122122122122122381e-02 2.532832927789361293e+02
2.132132132132132096e-02 2.532839204408906539e+02
2.142142142142142158e-02 2.532845481028452355e+02
2.152152152152152220e-02 2.532851757647997317e+02
2.162162162162162282e-02 2.532858034267543133e+02
2.172172172172172344e-02 2.532864310887088095e+02
2.182182182182182406e-02 2.532870587506633342e+02
2.192192192192192121e-02 2.532876864126178873e+02
2.202202202202202183e-02 2.532883140745723836e+02
2.212212212212212245e-02 2.532889417365269082e+02
2.222222222222222307e-02 2.532895693984814613e+02
2.232232232232232369e-02 2.532901970604359576e+02
2.242242242242242431e-02 2.532908247223905391e+02
2.252252252252252493e-02 2.532914523843450354e+02
2.262262262262262208e-02 2.532920800462995885e+02
2.272272272272272270e-02 2.532927077904123507e+02
2.282282282282282332e-02 2.532933356865841574e+02
2.292292292292292394e-02 2.532939635827559641e+02
2.302302302302302456e-02 2.532945914789277424e+02
2.312312312312312518e-02 2.532952227749699716e+02
2.322322322322322580e-02 2.532958574949999502e+02
2.332332332332332295e-02 2.532964786271110995e+02
2.342342342342342357e-02 2.532970887504297934e+02
2.352352352352352419e-02 2.532976988737484874e+02
2.362362362362362481e-02 2.532983089970671813e+02
2.372372372372372543e-02 2.532989191203858752e+02
2.382382382382382605e-02 2.532995292437045691e+02
2.392392392392392667e-02 2.533001393670232346e+02
2.402402402402402382e-02 2.533007494903419001e+02
2.412412412412412444e-02 2.533013596136605941e+02
2.422422422422422505e-02 2.533019697369792880e+02
2.432432432432432567e-02 2.533025798602980103e+02
2.442442442442442629e-02 2.533031899836166758e+02
2.452452452452452691e-02 2.533038001069353129e+02
2.462462462462462406e-02 2.533044102302540068e+02
2.472472472472472468e-02 2.533050203535727007e+02
2.482482482482482530e-02 2.533056304768913947e+02
2.492492492492492592e-02 2.533062406002100886e+02
2.502502502502502654e-02 2.533068507235287825e+02
2.512512512512512716e-02 2.533074608468474480e+02
2.522522522522522778e-02 2.533080709701661419e+02
2.532532532532532493e-02 2.533086810934848359e+02
2.542542542542542555e-02 2.533092912168035298e+02
2.552552552552552617e-02 2.533099013401221953e+02
2.562562562562562679e-02 2.533105114634409176e+02
2.572572572572572741e-02 2.533111215867595831e+02
2.582582582582582803e-02 2.533117317100782486e+02
2.592592592592592865e-02 2.533123418333969425e+02
2.602602602602602580e-02 2.533129519567156365e+02
2.612612612612612642e-02 2.533135620800342735e+02
2.622622622622622704e-02 2.533141722033529959e+02
2.632632632632632766e-02 2.533147823266717467e+02
2.642642642642642828e-02 2.533153924499904122e+02
2.652652652652652890e-02 2.533160025733091061e+02
2.662662662662662952e-02 2.533166126966277432e+02
2.672672672672672667e-02 2.533172228199464655e+02
2.682682682682682729e-02 2.533178329432651310e+02
2.692692692692692791e-02 2.533184430665838534e+02
2.702702702702702853e-02 2.533190531899025473e+02
2.712712712712712915e-02 2.533196633132211559e+02
2.722722722722722977e-02 2.533202734365398783e+02
2.732732732732732692e-02 2.533208835598585438e+02
2.742742742742742754e-02 2.533214936831772661e+02
2.752752752752752816e-02 2.533221038064959316e+02
2.762762762762762878e-02 2.533227139298146540e+02
2.772772772772772940e-02 2.533233240531332910e+02
2.782782782782783002e-02 2.533239341764520134e+02
2.792792792792793063e-02 2.533245442997706789e+02
2.802802802802802778e-02 2.533251544230893728e+02
2.812812812812812840e-02 2.533257645464080383e+02
2.822822822822822902e-02 2.533263746697267891e+02
2.832832832832832964e-02 2.533269847930454830e+02
2.842842842842843026e-02 2.533275949163641485e+02
2.852852852852853088e-02 2.533282050396828140e+02
2.862862862862863150e-02 2.533288151630014795e+02
2.872872872872872865e-02 2.533294252863201734e+02
2.882882882882882927e-02 2.533300354096388389e+02
2.892892892892892989e-02 2.533306455329575613e+02
2.902902902902903051e-02 2.533312556562762836e+02
2.912912912912913113e-02 2.533318657795949207e+02
2.922922922922923175e-02 2.533324759029136146e+02
2.932932932932933237e-02 2.533330860262323085e+02
2.942942942942942952e-02 2.533336961495509740e+02
2.952952952952953014e-02 2.533343062728696964e+02
2.962962962962963076e-02 2.533349163961883619e+02
2.972972972972973138e-02 2.533355265195070842e+02
2.982982982982983200e-02 2.533361366428257213e+02
2.992992992992993262e-02 2.533367467661444152e+02
3.003003003003002977e-02 2.533373568894631092e+02
3.013013013013013039e-02 2.533379670127817747e+02
3.023023023023023101e-02 2.533385771361004686e+02
3.033033033033033163e-02 2.533391872594191625e+02
3.043043043043043225e-02 2.533397973827378848e+02
3.053053053053053287e-02 2.533404075060565788e+02
3.063063063063063349e-02 2.533410176293752158e+02
3.073073073073073064e-02 2.533416277526939098e+02
3.083083083083083126e-02 2.533422378760126037e+02
3.093093093093093188e-02 2.533428479993312692e+02
3.103103103103103250e-02 2.533434581208602481e+02
3.113113113113113312e-02 2.533440681559233099e+02
3.123123123123123374e-02 2.533446781909863716e+02
3.133133133133133436e-02 2.533452882260494334e+02
3.143143143143143498e-02 2.533458982611124952e+02
3.153153153153153559e-02 2.533465082961755286e+02
3.163163163163163621e-02 2.533471183312385904e+02
3.173173173173172990e-02 2.533477283663016237e+02
3.183183183183183051e-02 2.533483384013647139e+02
3.193193193193193113e-02 2.533489484364277757e+02
3.203203203203203175e-02 2.533495584714908375e+02
3.213213213213213237e-02 2.533501685065538993e+02
3.223223223223223299e-02 2.533507785416169611e+02
3.233233233233233361e-02 2.533513885766800229e+02
3.243243243243243423e-02 2.533519986117430562e+02
3.253253253253253485e-02 2.533526086468061180e+02
3.263263263263263547e-02 2.533532186818692082e+02
3.273273273273273609e-02 2.533538287169322700e+02
3.283283283283283671e-02 2.533544387519953034e+02
3.293293293293293733e-02 2.533550487870583368e+02
3.303303303303303795e-02 2.533556588221213985e+02
3.313313313313313163e-02 2.533562688571844603e+02
3.323323323323323225e-02 2.533568788922475221e+02
3.333333333333333287e-02 2.533574889273105839e+02
3.343343343343343349e-02 2.533580989623736173e+02
3.353353353353353411e-02 2.533587089974366791e+02
3.363363363363363473e-02 2.533593190324997408e+02
3.373373373373373535e-02 2.533599290675628026e+02
3.383383383383383597e-02 2.533605391026258644e+02
3.393393393393393659e-02 2.533611491376889262e+02
3.403403403403403721e-02 2.533617591727519880e+02
3.413413413413413783e-02 2.533623692078150214e+02
3.423423423423423845e-02 2.533629792428780831e+02
3.433433433433433907e-02 2.533635892779411449e+02
3.443443443443443275e-02 2.533641993130042351e+02
3.453453453453453337e-02 2.533648093480672969e+02
3.463463463463463399e-02 2.533654193831303019e+02
3.473473473473473461e-02 2.533660308120626894e+02
3.483483483483483523e-02 2.533666428069704750e+02
3.493493493493493585e-02 2.533672548018783175e+02
3.503503503503503647e-02 2.533678667967861600e+02
3.513513513513513709e-02 2.533684779760179140e+02
3.523523523523523771e-02 2.533690886052920348e+02
3.533533533533533832e-02 2.533696792240847344e+02
3.543543543543543894e-02 2.533702264419417531e+02
3.553553553553553956e-02 2.533707506448446054e+02
3.563563563563564018e-02 2.533712748477474577e+02
3.573573573573574080e-02 2.533717990506503384e+02
3.583583583583583448e-02 2.533723232535532190e+02
3.593593593593593510e-02 2.533728474564560713e+02
3.603603603603603572e-02 2.533733716593589236e+02
3.613613613613613634e-02 2.533738958622618043e+02
3.623623623623623696e-02 2.533744200651646850e+02
3.633633633633633758e-02 2.533749442680675941e+02
3.643643643643643820e-02 2.533754684709704463e+02
3.653653653653653882e-02 2.533759926738732986e+02
3.663663663663663944e-02 2.533765168767761509e+02
3.673673673673674006e-02 2.533770410796790316e+02
3.683683683683684068e-02 2.533775652825818838e+02
3.693693693693694130e-02 2.533780894854847929e+02
3.703703703703704192e-02 2.533786136883876452e+02
3.713713713713713560e-02 2.533791378912905543e+02
3.723723723723723622e-02 2.533796620941933782e+02
3.733733733733733684e-02 2.533801862970962588e+02
3.743743743743743746e-02 2.533807104999991395e+02
3.753753753753753808e-02 2.533812347029020202e+02
3.763763763763763870e-02 2.533817589058048725e+02
3.773773773773773932e-02 2.533822831087077248e+02
3.783783783783783994e-02 2.533828073116106339e+02
3.793793793793794056e-02 2.533833315145134861e+02
3.803803803803804118e-02 2.533838557174163668e+02
3.813813813813814180e-02 2.533843799203192191e+02
3.823823823823824242e-02 2.533849041232220998e+02
3.833833833833834304e-02 2.533854283261249520e+02
3.843843843843844366e-02 2.533859525290278611e+02
3.853853853853853734e-02 2.533864767319307134e+02
3.863863863863863796e-02 2.533870009348335657e+02
3.873873873873873858e-02 2.533875251377364464e+02
3.883883883883883920e-02 2.533880493406393271e+02
3.893893893893893982e-02 2.533885735435421793e+02
3.903903903903904044e-02 2.533890977464450884e+02
3.913913913913914105e-02 2.533896219493479407e+02
3.923923923923924167e-02 2.533901461522508214e+02
3.933933933933934229e-02 2.533906703551536452e+02
3.943943943943944291e-02 2.533911945580565259e+02
3.953953953953954353e-02 2.533917187609594066e+02
3.963963963963964415e-02 2.533922429638622873e+02
3.973973973973974477e-02 2.533927671667651680e+02
3.983983983983983845e-02 2.533932913696680203e+02
3.993993993993993907e-02 2.533938155725709009e+02
4.004004004004003969e-02 2.533943397754737532e+02
4.014014014014014031e-02 2.533948639783766339e+02
4.024024024024024093e-02 2.533953881812794862e+02
4.034034034034034155e-02 2.533959123841823668e+02
4.044044044044044217e-02 2.533964365870852475e+02
4.054054054054054279e-02 2.533969607899881282e+02
4.064064064064064341e-02 2.533974849928910089e+02
4.074074074074074403e-02 2.533980091957938612e+02
4.084084084084084465e-02 2.533985333986967134e+02
4.094094094094094527e-02 2.533990576015995941e+02
4.104104104104104589e-02 2.533995818045024464e+02
4.114114114114113957e-02 2.534001060074053839e+02
4.124124124124124019e-02 2.534006302103082078e+02
4.134134134134134081e-02 2.534011544132110885e+02
4.144144144144144143e-02 2.534016786161139407e+02
4.154154154154154205e-02 2.534022028190167930e+02
4.164164164164164267e-02 2.534027270219197021e+02
4.174174174174174329e-02 2.534032512248225544e+02
4.184184184184184391e-02 2.534037754277254635e+02
4.194194194194194453e-02 2.534042996306282873e+02
4.204204204204204515e-02 2.534048238335311680e+02
4.214214214214214577e-02 2.534053480364340203e+02
4.224224224224224639e-02 2.534058722393369010e+02
4.234234234234234701e-02 2.534063964422397817e+02
4.244244244244244763e-02 2.534069206451426624e+02
4.254254254254254131e-02 2.534074448480455430e+02
4.264264264264264193e-02 2.534079690509483953e+02
4.274274274274274255e-02 2.534084932538512760e+02
4.284284284284284317e-02 2.534090174567540998e+02
4.294294294294294378e-02 2.534095416596570089e+02
4.304304304304304440e-02 2.534100658625598612e+02
4.314314314314314502e-02 2.534105900654627419e+02
4.324324324324324564e-02 2.534111142683656226e+02
4.334334334334334626e-02 2.534116384712685033e+02
4.344344344344344688e-02 2.534121626741713840e+02
4.354354354354354750e-02 2.534126868770742078e+02
4.364364364364364812e-02 2.534132110799770885e+02
4.374374374374374874e-02 2.534137352828799692e+02
4.384384384384384242e-02 2.534142594857828499e+02
4.394394394394394304e-02 2.534147836886857306e+02
4.404404404404404366e-02 2.534153078915885828e+02
4.414414414414414428e-02 2.534158320944914635e+02
4.424424424424424490e-02 2.534163562973943158e+02
4.434434434434434552e-02 2.534168805002971681e+02
4.444444444444444614e-02 2.534174047032000487e+02
4.454454454454454676e-02 2.534179289061029579e+02
4.464464464464464738e-02 2.534184531090058385e+02
4.474474474474474800e-02 2.534189773119086908e+02
4.484484484484484862e-02 2.534195015148115431e+02
4.494494494494494924e-02 2.534200257177143953e+02
4.504504504504504986e-02 2.534205499206172760e+02
4.514514514514515048e-02 2.534210741235201567e+02
4.524524524524524416e-02 2.534215983264230374e+02
4.534534534534534478e-02 2.534221225293259181e+02
4.544544544544544540e-02 2.534226467322287988e+02
4.554554554554554602e-02 2.534231709351316795e+02
4.564564564564564664e-02 2.534236951380344749e+02
4.574574574574574726e-02 2.534242193409373840e+02
4.584584584584584788e-02 2.534247435438402363e+02
4.594594594594594850e-02 2.534252677467431170e+02
4.604604604604604912e-02 2.534257919496459976e+02
4.614614614614614974e-02 2.534263161525488783e+02
4.624624624624625036e-02 2.534268403554517590e+02
4.634634634634635098e-02 2.534273645583546113e+02
4.644644644644645159e-02 2.534278887612574636e+02
4.654654654654654528e-02 2.534284129641603442e+02
4.664664664664664590e-02 2.534289371670631965e+02
4.674674674674674651e-02 2.534294613699660772e+02
4.684684684684684713e-02 2.534299855728689579e+02
4.694694694694694775e-02 2.534305097757718386e+02
4.704704704704704837e-02 2.534310339786746908e+02
4.714714714714714899e-02 2.534315581815775715e+02
4.724724724724724961e-02 2.534320823844804238e+02
4.734734734734735023e-02 2.534326065873833045e+02
4.744744744744745085e-02 2.534331307902861852e+02
4.754754754754755147e-02 2.534336549931890374e+02
4.764764764764765209e-02 2.534341791960919181e+02
4.774774774774775271e-02 2.534347033989947704e+02
4.784784784784785333e-02 2.534352276018976511e+02
4.794794794794794701e-02 2.534357518048005318e+02
4.804804804804804763e-02 2.534362760077034125e+02
4.814814814814814825e-02 2.534368002106062647e+02
4.824824824824824887e-02 2.534373244135091454e+02
4.834834834834834949e-02 2.534378486164120261e+02
4.844844844844845011e-02 2.534383728193148499e+02
4.854854854854855073e-02 2.534388970222177306e+02
4.864864864864865135e-02 2.534394212251206397e+02
4.874874874874875197e-02 2.534399454280234920e+02
4.884884884884885259e-02 2.534404696309263727e+02
4.894894894894895321e-02 2.534409938338292534e+02
4.904904904904905383e-02 2.534415180367321057e+02
4.914914914914915445e-02 2.534420422396349579e+02
4.924924924924924813e-02 2.534425664425378386e+02
4.934934934934934875e-02 2.534430906454406909e+02
4.944944944944944937e-02 2.534436148483436000e+02
4.954954954954954999e-02 2.534441390512464807e+02
4.964964964964965061e-02 2.534446632541493329e+02
4.974974974974975123e-02 2.534451874570522136e+02
4.984984984984985185e-02 2.534457116599550659e+02
4.994994994994995247e-02 2.534462358628579182e+02
5.005005005005005309e-02 2.534467600657607989e+02
5.015015015015015371e-02 2.534472195668671475e+02
5.025025025025025432e-02 2.534476184060456774e+02
5.035035035035035494e-02 2.534480172452242641e+02
5.045045045045045556e-02 2.534484160844028224e+02
5.055055055055055618e-02 2.534488149235813523e+02
5.065065065065064986e-02 2.534492137627599107e+02
5.075075075075075048e-02 2.534496126019384690e+02
5.085085085085085110e-02 2.534500114411170273e+02
5.095095095095095172e-02 2.534504102802956140e+02
5.105105105105105234e-02 2.534508091194741439e+02
5.115115115115115296e-02 2.534512079586527022e+02
5.125125125125125358e-02 2.534516067978312321e+02
5.135135135135135420e-02 2.534520056370098189e+02
5.145145145145145482e-02 2.534524044761883772e+02
5.155155155155155544e-02 2.534528033153669071e+02
5.165165165165165606e-02 2.534532021545454938e+02
5.175175175175175668e-02 2.534536009937240237e+02
5.185185185185185730e-02 2.534539998329025821e+02
5.195195195195195098e-02 2.534543986720811688e+02
5.205205205205205160e-02 2.534547975112596987e+02
5.215215215215215222e-02 2.534551963504382570e+02
5.225225225225225284e-02 2.534555951896168153e+02
5.235235235235235346e-02 2.534559940287953737e+02
5.245245245245245408e-02 2.534563928679739320e+02
5.255255255255255470e-02 2.534567917071524619e+02
5.265265265265265532e-02 2.534571905463310486e+02
5.275275275275275594e-02 2.534575893855096353e+02
5.285285285285285656e-02 2.534579882246881368e+02
5.295295295295295718e-02 2.534583870638666951e+02
5.305305305305305780e-02 2.534587859030452819e+02
5.315315315315315842e-02 2.534591847422238402e+02
5.325325325325325904e-02 2.534595835814023985e+02
5.335335335335335272e-02 2.534599824205809284e+02
5.345345345345345334e-02 2.534603812597595152e+02
5.355355355355355396e-02 2.534607800989380451e+02
5.365365365365365458e-02 2.534611789381166034e+02
5.375375375375375520e-02 2.534615777772951901e+02
5.385385385385385582e-02 2.534619766164736916e+02
5.395395395395395644e-02 2.534623754556522783e+02
5.405405405405405705e-02 2.534627742948308082e+02
5.415415415415415767e-02 2.534631731340093665e+02
5.425425425425425829e-02 2.534635719731879249e+02
5.435435435435435891e-02 2.534639708123664832e+02
5.445445445445445953e-02 2.534643696515450415e+02
5.455455455455456015e-02 2.534647684907235998e+02
5.465465465465465383e-02 2.534651673299021581e+02
5.475475475475475445e-02 2.534655661690807165e+02
5.485485485485485507e-02 2.534659650082592748e+02
5.495495495495495569e-02 2.534663638474378331e+02
5.505505505505505631e-02 2.534667626866163914e+02
5.515515515515515693e-02 2.534671615257949497e+02
5.525525525525525755e-02 2.534675603649734796e+02
5.535535535535535817e-02 2.534679592041520664e+02
5.545545545545545879e-02 2.534683580433306247e+02
5.555555555555555941e-02 2.534687568825091546e+02
5.565565565565566003e-02 2.534691557216877129e+02
5.575575575575576065e-02 2.534695545608662997e+02
5.585585585585586127e-02 2.534699534000448580e+02
5.595595595595596189e-02 2.534703522392233879e+02
5.605605605605605557e-02 2.534707510784019178e+02
5.615615615615615619e-02 2.534711499175804761e+02
5.625625625625625681e-02 2.534715487567590344e+02
5.635635635635635743e-02 2.534719475959375927e+02
5.645645645645645805e-02 2.534723464351161510e+02
5.655655655655655867e-02 2.534727452742947094e+02
5.665665665665665929e-02 2.534731441134732677e+02
5.675675675675675991e-02 2.534735429526518544e+02
5.685685685685686053e-02 2.534739417918303843e+02
5.695695695695696115e-02 2.534743406310089426e+02
5.705705705705706177e-02 2.534747394701875010e+02
5.715715715715716239e-02 2.534751383093660593e+02
5.725725725725726301e-02 2.534755371485446176e+02
5.735735735735735669e-02 2.534759359877231759e+02
5.745745745745745731e-02 2.534763348269017342e+02
5.755755755755755793e-02 2.534767336660802926e+02
5.765765765765765855e-02 2.534771325052588224e+02
5.775775775775775916e-02 2.534775313444374092e+02
5.785785785785785978e-02 2.534779301836159675e+02
5.795795795795796040e-02 2.534783290227945258e+02
5.805805805805806102e-02 2.534787278619730557e+02
5.815815815815816164e-02 2.534791267011516425e+02
5.825825825825826226e-02 2.534795255403301724e+02
5.835835835835836288e-02 2.534799230333055959e+02
5.845845845845846350e-02 2.534802865054019207e+02
5.855855855855856412e-02 2.534806499774983024e+02
5.865865865865866474e-02 2.534810134495946272e+02
5.875875875875875842e-02 2.534813769216909805e+02
5.885885885885885904e-02 2.534817403937873053e+02
5.895895895895895966e-02 2.534821038658836585e+02
5.905905905905906028e-02 2.534824673379799833e+02
5.915915915915916090e-02 2.534828308100763365e+02
5.925925925925926152e-02 2.534831942821726898e+02
5.935935935935936214e-02 2.534835577542690146e+02
5.945945945945946276e-02 2.534839212263653678e+02
5.955955955955956338e-02 2.534842846984616926e+02
5.965965965965966400e-02 2.534846481705580459e+02
5.975975975975976462e-02 2.534850116426543991e+02
5.985985985985986524e-02 2.534853751147506955e+02
5.995995995995996586e-02 2.534857385868470487e+02
6.006006006006005954e-02 2.534861020589434020e+02
6.016016016016016016e-02 2.534864655310397552e+02
6.026026026026026078e-02 2.534868290031361084e+02
6.036036036036036140e-02 2.534871924752324617e+02
6.046046046046046202e-02 2.534875559473287865e+02
6.056056056056056264e-02 2.534879194194251113e+02
6.066066066066066326e-02 2.534882828915214645e+02
6.076076076076076388e-02 2.534886463636177893e+02
6.086086086086086450e-02 2.534890098357141426e+02
6.096096096096096512e-02 2.534893733078104674e+02
6.106106106106106574e-02 2.534897367799068206e+02
6.116116116116116636e-02 2.534900888270755956e+02
6.126126126126126697e-02 2.534904388786498544e+02
6.136136136136136759e-02 2.534907889302241415e+02
6.146146146146146128e-02 2.534911389817984286e+02
6.156156156156156189e-02 2.534914890333727158e+02
6.166166166166166251e-02 2.534918390849469745e+02
6.176176176176176313e-02 2.534921891365212900e+02
6.186186186186186375e-02 2.534925391880955488e+02
6.196196196196196437e-02 2.534928892396698075e+02
6.206206206206206499e-02 2.534932392912440946e+02
6.216216216216216561e-02 2.534935893428184102e+02
6.226226226226226623e-02 2.534939393943926689e+02
6.236236236236236685e-02 2.534942894459669560e+02
6.246246246246246747e-02 2.534946394975412431e+02
6.256256256256256809e-02 2.534949895491155019e+02
6.266266266266266871e-02 2.534953396006898174e+02
6.276276276276276933e-02 2.534956896522641046e+02
6.286286286286286995e-02 2.534960397038383348e+02
6.296296296296297057e-02 2.534963897554126220e+02
6.306306306306307119e-02 2.534967398069869375e+02
6.316316316316317181e-02 2.534970898585611963e+02
6.326326326326327243e-02 2.534974399101354834e+02
6.336336336336337305e-02 2.534977899617097421e+02
6.346346346346345979e-02 2.534981400132840577e+02
6.356356356356356041e-02 2.534984900648583164e+02
6.366366366366366103e-02 2.534988401164326319e+02
6.376376376376376165e-02 2.534991901680068622e+02
6.386386386386386227e-02 2.534995402195811494e+02
6.396396396396396289e-02 2.534998902711554365e+02
6.406406406406406351e-02 2.535002403227297236e+02
6.416416416416416413e-02 2.535005903743040108e+02
6.426426426426426475e-02 2.535009404258782979e+02
6.436436436436436537e-02 2.535012869772209001e+02
6.446446446446446599e-02 2.535016268580624796e+02
6.456456456456456661e-02 2.535019667389040023e+02
6.466466466466466723e-02 2.535023066197455250e+02
6.476476476476476785e-02 2.535026465005870477e+02
6.486486486486486847e-02 2.535029863814285989e+02
6.496496496496496909e-02 2.535033262622701216e+02
6.506506506506506970e-02 2.535036661431116727e+02
6.516516516516517032e-02 2.535040060239531954e+02
6.526526526526527094e-02 2.535043459047947465e+02
6.536536536536537156e-02 2.535046857856362692e+02
6.546546546546547218e-02 2.535050256664778203e+02
6.556556556556557280e-02 2.535053655473193430e+02
6.566566566566567342e-02 2.535057054281608941e+02
6.576576576576577404e-02 2.535060453090024168e+02
6.586586586586587466e-02 2.535063851898439395e+02
6.596596596596597528e-02 2.535067250706854622e+02
6.606606606606607590e-02 2.535070022552664000e+02
6.616616616616616264e-02 2.535072570839855643e+02
6.626626626626626326e-02 2.535074976419754194e+02
6.636636636636636388e-02 2.535077307628228596e+02
6.646646646646646450e-02 2.535079638836702998e+02
6.656656656656656512e-02 2.535081970045177400e+02
6.666666666666666574e-02 2.535084301253651518e+02
6.676676676676676636e-02 2.535086632462125920e+02
6.686686686686686698e-02 2.535088963670600322e+02
6.696696696696696760e-02 2.535091294879074724e+02
6.706706706706706822e-02 2.535093626087549126e+02
6.716716716716716884e-02 2.535095957296023528e+02
6.726726726726726946e-02 2.535098019916977137e+02
6.736736736736737008e-02 2.535099767351524918e+02
6.746746746746747070e-02 2.535101514786071846e+02
6.756756756756757132e-02 2.535103262220619627e+02
6.766766766766767194e-02 2.535105009655166555e+02
6.776776776776777256e-02 2.535106757089714051e+02
6.786786786786787318e-02 2.535108504524261548e+02
6.796796796796797380e-02 2.535110251958808760e+02
6.806806806806807442e-02 2.535111999393356257e+02
6.816816816816817504e-02 2.535113746827903469e+02
6.826826826826827566e-02 2.535115494262450682e+02
6.836836836836837628e-02 2.535117241696998178e+02
6.846846846846847690e-02 2.535118989131545391e+02
6.856856856856857751e-02 2.535120736566092887e+02
6.866866866866867813e-02 2.535122484000640100e+02
6.876876876876877875e-02 2.535124231435187312e+02
6.886886886886886550e-02 2.535125978869735093e+02
6.896896896896896612e-02 2.535127726304282305e+02
6.906906906906906674e-02 2.535129473738829233e+02
6.916916916916916735e-02 2.535131221173377014e+02
6.926926926926926797e-02 2.535132968607924226e+02
6.936936936936936859e-02 2.535134716042471723e+02
6.946946946946946921e-02 2.535136463477018935e+02
6.956956956956956983e-02 2.535138210911566148e+02
6.966966966966967045e-02 2.535139958346113644e+02
6.976976976976977107e-02 2.535141705780660857e+02
6.986986986986987169e-02 2.535143453215208353e+02
6.996996996996997231e-02 2.535145200649755566e+02
7.007007007007007293e-02 2.535146948084303062e+02
7.017017017017017355e-02 2.535148695518850559e+02
7.027027027027027417e-02 2.535150442953398056e+02
7.037037037037037479e-02 2.535152190387944984e+02
7.047047047047047541e-02 2.535153937822492196e+02
7.057057057057057603e-02 2.535155685257039977e+02
7.067067067067067665e-02 2.535157432691586905e+02
7.077077077077077727e-02 2.535159180126134686e+02
7.087087087087087789e-02 2.535160927560681614e+02
7.097097097097097851e-02 2.535162674995229111e+02
7.107107107107107913e-02 2.535164422429776323e+02
7.117117117117117975e-02 2.535166169864324104e+02
7.127127127127128037e-02 2.535167917298871316e+02
7.137137137137138099e-02 2.535169571688017243e+02
7.147147147147148161e-02 2.535171188328679364e+02
7.157157157157156835e-02 2.535172804969341485e+02
7.167167167167166897e-02 2.535174421610003606e+02
7.177177177177176959e-02 2.535176038250665442e+02
7.187187187187187021e-02 2.535177654891327563e+02
7.197197197197197083e-02 2.535179271531989968e+02
7.207207207207207145e-02 2.535180888172652089e+02
7.217217217217217207e-02 2.535182504813313926e+02
7.227227227227227269e-02 2.535184121453976047e+02
7.237237237237237331e-02 2.535185738094638168e+02
7.247247247247247393e-02 2.535187354735300289e+02
7.257257257257257455e-02 2.535188971375962410e+02
7.267267267267267516e-02 2.535190588016624247e+02
7.277277277277277578e-02 2.535192204657286368e+02
7.287287287287287640e-02 2.535193821297948773e+02
7.297297297297297702e-02 2.535195437938610894e+02
7.307307307307307764e-02 2.535197054579272447e+02
7.317317317317317826e-02 2.535198671219935136e+02
7.327327327327327888e-02 2.535200287860596973e+02
7.337337337337337950e-02 2.535201904501259094e+02
7.347347347347348012e-02 2.535203521141921499e+02
7.357357357357358074e-02 2.535205137782583336e+02
7.367367367367368136e-02 2.535206754423245457e+02
7.377377377377378198e-02 2.535208371063907578e+02
7.387387387387388260e-02 2.535209987704569699e+02
7.397397397397398322e-02 2.535211604345231535e+02
7.407407407407408384e-02 2.535213220985893940e+02
7.417417417417418446e-02 2.535214860931431815e+02
7.427427427427427120e-02 2.535216516877596007e+02
7.437437437437437182e-02 2.535218172823759630e+02
7.447447447447447244e-02 2.535219828769923254e+02
7.457457457457457306e-02 2.535221484716087161e+02
7.467467467467467368e-02 2.535223140662250501e+02
7.477477477477477430e-02 2.535224796608414408e+02
7.487487487487487492e-02 2.535226452554578316e+02
7.497497497497497554e-02 2.535228108500741655e+02
7.507507507507507616e-02 2.535229764446905563e+02
7.517517517517517678e-02 2.535231420393069470e+02
7.527527527527527740e-02 2.535233076339233094e+02
7.537537537537537802e-02 2.535234732285397001e+02
7.547547547547547864e-02 2.535236388231560625e+02
7.557557557557557926e-02 2.535238044177724248e+02
7.567567567567567988e-02 2.535239700123887872e+02
7.577577577577578050e-02 2.535241356070051779e+02
7.587587587587588112e-02 2.535243012016215403e+02
7.597597597597598174e-02 2.535244667962379310e+02
7.607607607607608236e-02 2.535246323908542649e+02
7.617617617617618297e-02 2.535247979854706557e+02
7.627627627627628359e-02 2.535249635800870749e+02
7.637637637637638421e-02 2.535251291747034088e+02
7.647647647647648483e-02 2.535252947693197996e+02
7.657657657657658545e-02 2.535254603639361619e+02
7.667667667667668607e-02 2.535256259585525527e+02
7.677677677677678669e-02 2.535257915531689150e+02
7.687687687687688731e-02 2.535259571477853058e+02
7.697697697697697405e-02 2.535261227424016397e+02
7.707707707707707467e-02 2.535262780053946869e+02
7.717717717717717529e-02 2.535264204563195278e+02
7.727727727727727591e-02 2.535265629072443687e+02
7.737737737737737653e-02 2.535267053581691528e+02
7.747747747747747715e-02 2.535268478090940221e+02
7.757757757757757777e-02 2.535269902600188345e+02
7.767767767767767839e-02 2.535271327109436186e+02
7.777777777777777901e-02 2.535272751618684310e+02
7.787787787787787963e-02 2.535274176127932719e+02
7.797797797797798025e-02 2.535275600637180560e+02
7.807807807807808087e-02 2.535277025146428969e+02
7.817817817817818149e-02 2.535278449655676809e+02
7.827827827827828211e-02 2.535279253229528535e+02
7.837837837837838273e-02 2.535279762232612200e+02
7.847847847847848335e-02 2.535280271235695864e+02
7.857857857857858397e-02 2.535280780238779528e+02
7.867867867867868459e-02 2.535281172220864221e+02
7.877877877877878521e-02 2.535281515273107402e+02
7.887887887887888583e-02 2.535281858325350868e+02
7.897897897897898645e-02 2.535282201377594049e+02
7.907907907907908707e-02 2.535282544429837515e+02
7.917917917917918769e-02 2.535282887482080696e+02
7.927927927927928831e-02 2.535283230534324161e+02
7.937937937937938893e-02 2.535283573586567343e+02
7.947947947947948955e-02 2.535283916638810808e+02
7.957957957957957629e-02 2.535284259691053990e+02
7.967967967967967691e-02 2.535284602743297171e+02
7.977977977977977753e-02 2.535284945795540352e+02
7.987987987987987815e-02 2.535285288847783818e+02
7.997997997997997877e-02 2.535285631900027283e+02
8.008008008008007939e-02 2.535285974952270465e+02
8.018018018018018001e-02 2.535286318004513646e+02
8.028028028028028062e-02 2.535286661056757112e+02
8.038038038038038124e-02 2.535286994364810766e+02
8.048048048048048186e-02 2.535287290917345615e+02
8.058058058058058248e-02 2.535287587469879611e+02
8.068068068068068310e-02 2.535287884022414175e+02
8.078078078078078372e-02 2.535288180574948740e+02
8.088088088088088434e-02 2.535288477127483304e+02
8.098098098098098496e-02 2.535288773680017869e+02
8.108108108108108558e-02 2.535289070232552149e+02
8.118118118118118620e-02 2.535289366785086713e+02
8.128128128128128682e-02 2.535289663337620993e+02
8.138138138138138744e-02 2.535289959890155842e+02
8.148148148148148806e-02 2.535290256442689838e+02
8.158158158158158868e-02 2.535290552995224402e+02
8.168168168168168930e-02 2.535290849547758967e+02
8.178178178178178992e-02 2.535291146100293531e+02
8.188188188188189054e-02 2.535291442652827527e+02
8.198198198198199116e-02 2.535291739205362376e+02
8.208208208208209178e-02 2.535292035757896940e+02
8.218218218218219240e-02 2.535292332310431220e+02
8.228228228228227914e-02 2.535292628862966069e+02
8.238238238238237976e-02 2.535292925415500065e+02
8.248248248248248038e-02 2.535293221968034345e+02
8.258258258258258100e-02 2.535293518520568909e+02
8.268268268268268162e-02 2.535293815073103474e+02
8.278278278278278224e-02 2.535294111625637470e+02
8.288288288288288286e-02 2.535294408178172603e+02
8.298298298298298348e-02 2.535294704730707167e+02
8.308308308308308410e-02 2.535295001283241163e+02
8.318318318318318472e-02 2.535295297835775727e+02
8.328328328328328534e-02 2.535295594388310292e+02
8.338338338338338596e-02 2.535295890940844856e+02
8.348348348348348658e-02 2.535296187493379421e+02
8.358358358358358720e-02 2.535296484045913417e+02
8.368368368368368782e-02 2.535296780598447981e+02
8.378378378378378843e-02 2.535297077150982545e+02
8.388388388388388905e-02 2.535297373703517110e+02
8.398398398398398967e-02 2.535297670256051674e+02
8.408408408408409029e-02 2.535297966808585954e+02
8.418418418418419091e-02 2.535298263361120519e+02
8.428428428428429153e-02 2.535298559913654799e+02
8.438438438438439215e-02 2.535298856466189363e+02
8.448448448448449277e-02 2.535299153018723928e+02
8.458458458458459339e-02 2.535299449571258492e+02
8.468468468468469401e-02 2.535299746123792772e+02
8.478478478478479463e-02 2.535300042676327337e+02
8.488488488488489525e-02 2.535300339228861617e+02
8.498498498498498199e-02 2.535300635781396181e+02
8.508508508508508261e-02 2.535300932333930461e+02
8.518518518518518323e-02 2.535301228886465310e+02
8.528528528528528385e-02 2.535301525438999590e+02
8.538538538538538447e-02 2.535301821991534155e+02
8.548548548548548509e-02 2.535302118544068435e+02
8.558558558558558571e-02 2.535302415096602999e+02
8.568568568568568633e-02 2.535302711649137564e+02
8.578578578578578695e-02 2.535303008201671844e+02
8.588588588588588757e-02 2.535303304754206408e+02
8.598598598598598819e-02 2.535303601306740688e+02
8.608608608608608881e-02 2.535303897859275253e+02
8.618618618618618943e-02 2.535304194411809817e+02
8.628628628628629005e-02 2.535304490964344382e+02
8.638638638638639067e-02 2.535304787516878946e+02
8.648648648648649129e-02 2.535305084069412942e+02
8.658658658658659191e-02 2.535305380621947506e+02
8.668668668668669253e-02 2.535305677174482071e+02
8.678678678678679315e-02 2.535305973727016635e+02
8.688688688688689377e-02 2.535306270279551200e+02
8.698698698698699439e-02 2.535306566832085196e+02
8.708708708708709501e-02 2.535306863384619760e+02
8.718718718718719562e-02 2.535307159937154324e+02
8.728728728728729624e-02 2.535307456489688889e+02
8.738738738738739686e-02 2.535307753042223453e+02
8.748748748748749748e-02 2.535308049594758018e+02
8.758758758758759810e-02 2.535308346147292582e+02
8.768768768768768485e-02 2.535308642699826578e+02
8.778778778778778547e-02 2.535308939252361142e+02
8.788788788788788608e-02 2.535309235804895707e+02
8.798798798798798670e-02 2.535309532357429987e+02
8.808808808808808732e-02 2.535309828909964551e+02
8.818818818818818794e-02 2.535310125462498831e+02
8.828828828828828856e-02 2.535310422015033396e+02
8.838838838838838918e-02 2.535310718567567960e+02
8.848848848848848980e-02 2.535311015120102240e+02
8.858858858858859042e-02 2.535311311672636805e+02
8.868868868868869104e-02 2.535311608225171369e+02
8.878878878878879166e-02 2.535311904777705649e+02
8.888888888888889228e-02 2.535312201330240214e+02
8.898898898898899290e-02 2.535312497882774778e+02
8.908908908908909352e-02 2.535312794435309058e+02
8.918918918918919414e-02 2.535313090987843623e+02
8.928928928928929476e-02 2.535313387540378187e+02
8.938938938938939538e-02 2.535313684092912467e+02
8.948948948948949600e-02 2.535313980645447032e+02
8.958958958958959662e-02 2.535312998214664617e+02
8.968968968968969724e-02 2.535311899648866643e+02
8.978978978978979786e-02 2.535310801083068668e+02
8.988988988988989848e-02 2.535309702517270694e+02
8.998998998998999910e-02 2.535308603951473003e+02
9.009009009009009972e-02 2.535307505385674745e+02
9.019019019019020034e-02 2.535306406819877054e+02
9.029029029029030096e-02 2.535305308254079364e+02
9.039039039039038770e-02 2.535304209688281389e+02
9.049049049049048832e-02 2.535303111122483415e+02
9.059059059059058894e-02 2.535302012556685440e+02
9.069069069069068956e-02 2.535300913990887466e+02
9.079079079079079018e-02 2.535299815425089491e+02
9.089089089089089080e-02 2.535298716859291517e+02
9.099099099099099142e-02 2.535297618293493542e+02
9.109109109109109204e-02 2.535296519727696136e+02
9.119119119119119266e-02 2.535295421161897877e+02
9.129129129129129328e-02 2.535294322596100187e+02
9.139139139139139389e-02 2.535293224030301928e+02
9.149149149149149451e-02 2.535292125464504238e+02
9.159159159159159513e-02 2.535291026898706264e+02
9.169169169169169575e-02 2.535289928332908289e+02
9.179179179179179637e-02 2.535288829767110599e+02
9.189189189189189699e-02 2.535287720587495528e+02
9.199199199199199761e-02 2.535286599921424227e+02
9.209209209209209823e-02 2.535285479255352357e+02
9.219219219219219885e-02 2.535284358589280771e+02
9.229229229229229947e-02 2.535283237923209185e+02
9.239239239239240009e-02 2.535282117257137315e+02
9.249249249249250071e-02 2.535280996591066014e+02
9.259259259259260133e-02 2.535279875924994144e+02
9.269269269269270195e-02 2.535278755258922558e+02
9.279279279279280257e-02 2.535277634592850688e+02
9.289289289289290319e-02 2.535276513926779103e+02
9.299299299299300381e-02 2.535275393260707233e+02
9.309309309309309055e-02 2.535274272594635931e+02
9.319319319319319117e-02 2.535273151928564062e+02
9.329329329329329179e-02 2.535272031262492476e+02
9.339339339339339241e-02 2.535270910596420890e+02
9.349349349349349303e-02 2.535269789930349020e+02
9.359359359359359365e-02 2.535268669264277719e+02
9.369369369369369427e-02 2.535267548598205849e+02
9.379379379379379489e-02 2.535266427932134263e+02
9.389389389389389551e-02 2.535265307266062393e+02
9.399399399399399613e-02 2.535264186599990808e+02
9.409409409409409675e-02 2.535263065933918938e+02
9.419419419419419737e-02 2.535261945267847636e+02
9.429429429429429799e-02 2.535260824601775766e+02
9.439439439439439861e-02 2.535259703935704181e+02
9.449449449449449923e-02 2.535258583269632595e+02
9.459459459459459985e-02 2.535257462603560725e+02
9.469469469469470047e-02 2.535256341937489424e+02
9.479479479479480108e-02 2.535255221271417554e+02
9.489489489489490170e-02 2.535254100605345968e+02
9.499499499499500232e-02 2.535252979939274098e+02
9.509509509509510294e-02 2.535251859273202513e+02
9.519519519519520356e-02 2.535250738607130643e+02
9.529529529529530418e-02 2.535249617941059341e+02
9.539539539539540480e-02 2.535248497274987471e+02
9.549549549549550542e-02 2.535247376608915886e+02
9.559559559559560604e-02 2.535246255942844300e+02
9.569569569569570666e-02 2.535245135276772430e+02
9.579579579579579340e-02 2.535244014610701129e+02
9.589589589589589402e-02 2.535242893944628975e+02
9.599599599599599464e-02 2.535241773278557673e+02
9.609609609609609526e-02 2.535240652612485803e+02
9.619619619619619588e-02 2.535239531946414502e+02
9.629629629629629650e-02 2.535238411280342916e+02
9.639639639639639712e-02 2.535237290614270762e+02
9.649649649649649774e-02 2.535236169948199176e+02
9.659659659659659836e-02 2.535235049282127591e+02
9.669669669669669898e-02 2.535233928616056005e+02
9.679679679679679960e-02 2.535232807949984135e+02
9.689689689689690022e-02 2.535231687283912549e+02
9.699699699699700084e-02 2.535230566617840964e+02
9.709709709709710146e-02 2.535229445951769378e+02
9.719719719719720208e-02 2.535228325285697792e+02
9.729729729729730270e-02 2.535227204619625923e+02
9.739739739739740332e-02 2.535226083953554621e+02
9.749749749749750394e-02 2.535224963287482467e+02
9.759759759759760456e-02 2.535223842621410881e+02
9.769769769769770518e-02 2.535222721955339296e+02
9.779779779779780580e-02 2.535221601289267710e+02
9.789789789789790642e-02 2.535220480623195840e+02
9.799799799799800704e-02 2.535219359957124539e+02
9.809809809809810766e-02 2.535218239291052384e+02
9.819819819819820828e-02 2.535217118624981083e+02
9.829829829829830889e-02 2.535215997958909213e+02
9.839839839839840951e-02 2.535214759221963163e+02
9.849849849849849626e-02 2.535213466514192646e+02
9.859859859859859688e-02 2.535212173806421845e+02
9.869869869869869750e-02 2.535210881098651612e+02
9.879879879879879812e-02 2.535209588390881095e+02
9.889889889889889873e-02 2.535208295683110009e+02
9.899899899899899935e-02 2.535207002975339776e+02
9.909909909909909997e-02 2.535205710267569259e+02
9.919919919919920059e-02 2.535204417559798173e+02
9.929929929929930121e-02 2.535203124852027941e+02
9.939939939939940183e-02 2.535201832144257139e+02
9.949949949949950245e-02 2.535200539436486622e+02
9.959959959959960307e-02 2.535199246728716389e+02
9.969969969969970369e-02 2.535197954020945588e+02
9.979979979979980431e-02 2.535196661313175071e+02
9.989989989989990493e-02 2.535195368605404838e+02
1.000000000000000056e-01 2.535194075897634036e+02
