LineProbe
number of points: 1000 (fixed)
point 0: [0.045 0.045 0.   ]
point 1: [0.045 0.045 0.1  ]
-----

# T 1000
0.000000000000000000e+00 2.531499999999999773e+02
1.001001001001001047e-04 2.531573088825993239e+02
2.002002002002002093e-04 2.531646177651986420e+02
3.003003003003003411e-04 2.531719266477979318e+02
4.004004004004004186e-04 2.531792355303972215e+02
5.005005005005004962e-04 2.531865444129965397e+02
6.006006006006006821e-04 2.531938532955958863e+02
7.007007007007007597e-04 2.532011621781951760e+02
8.008008008008008372e-04 2.532084710607944658e+02
9.009009009009009148e-04 2.532157799433938408e+02
1.001001001001000992e-03 2.532230888259931305e+02
1.101101101101101178e-03 2.532303977085924203e+02
1.201201201201201364e-03 2.532377065911917384e+02
1.301301301301301333e-03 2.532450154737910566e+02
1.401401401401401519e-03 2.532523243563903748e+02
1.501501501501501488e-03 2.532596332389896361e+02
1.601601601601601674e-03 2.532669421215889543e+02
1.701701701701701860e-03 2.532742510041883008e+02
1.801801801801801830e-03 2.532815598867875906e+02
1.901901901901902016e-03 2.532888687693869088e+02
2.002002002002001985e-03 2.532961630865911218e+02
2.102102102102102171e-03 2.533034519818198476e+02
2.202202202202202357e-03 2.533107408770486018e+02
2.302302302302302543e-03 2.533180297722773275e+02
2.402402402402402729e-03 2.533253186675060249e+02
2.502502502502502481e-03 2.533326075627347507e+02
2.602602602602602667e-03 2.533398964579634765e+02
2.702702702702702853e-03 2.533471853531922307e+02
2.802802802802803039e-03 2.533544742484209564e+02
2.902902902902903225e-03 2.533617631436496822e+02
3.003003003003002977e-03 2.533690520388784364e+02
3.103103103103103163e-03 2.533763409341071622e+02
3.203203203203203349e-03 2.533836298293358880e+02
3.303303303303303535e-03 2.533909187245646137e+02
3.403403403403403721e-03 2.533982076197933395e+02
3.503503503503503473e-03 2.534054965150220937e+02
3.603603603603603659e-03 2.534127854102508195e+02
3.703703703703703845e-03 2.534200743054795453e+02
3.803803803803804031e-03 2.534273632007082711e+02
3.903903903903904217e-03 2.534346520959370253e+02
4.004004004004003969e-03 2.534419409911657226e+02
4.104104104104104589e-03 2.534492298863945052e+02
4.204204204204204341e-03 2.534565187816231742e+02
4.304304304304304093e-03 2.534638076768519568e+02
4.404404404404404713e-03 2.534710965720806826e+02
4.504504504504504465e-03 2.534783854673094083e+02
4.604604604604605085e-03 2.534856743625381341e+02
4.704704704704704837e-03 2.534929632577668883e+02
4.804804804804805457e-03 2.535002521529956141e+02
4.904904904904905209e-03 2.535075410482243399e+02
5.005005005005004962e-03 2.535148299434530941e+02
5.105105105105105581e-03 2.535221188386818199e+02
5.205205205205205334e-03 2.535294077339105456e+02
5.305305305305305953e-03 2.535366966291392714e+02
5.405405405405405705e-03 2.535439855243679972e+02
5.505505505505505458e-03 2.535512744195967514e+02
5.605605605605606077e-03 2.535585633148254772e+02
5.705705705705705830e-03 2.535658522100541745e+02
5.805805805805806449e-03 2.535731411052829571e+02
5.905905905905906202e-03 2.535804300005116829e+02
6.006006006006005954e-03 2.535877188957404087e+02
6.106106106106106574e-03 2.535949854906322116e+02
6.206206206206206326e-03 2.536022494314248661e+02
6.306306306306306945e-03 2.536095133722174637e+02
6.406406406406406698e-03 2.536167773130100898e+02
6.506506506506506450e-03 2.536240412538027158e+02
6.606606606606607070e-03 2.536313051945953134e+02
6.706706706706706822e-03 2.536385691353879110e+02
6.806806806806807442e-03 2.536458330761805655e+02
6.906906906906907194e-03 2.536530970169731631e+02
7.007007007007006946e-03 2.536603609577657892e+02
7.107107107107107566e-03 2.536676248985583868e+02
7.207207207207207318e-03 2.536748888393510413e+02
7.307307307307307938e-03 2.536821527801436673e+02
7.407407407407407690e-03 2.536894167209362649e+02
7.507507507507507442e-03 2.536966806617289194e+02
7.607607607607608062e-03 2.537039446025215170e+02
7.707707707707707814e-03 2.537112085433141146e+02
7.807807807807808434e-03 2.537184724841067407e+02
7.907907907907909054e-03 2.537257364248993667e+02
8.008008008008007939e-03 2.537330003656919644e+02
8.108108108108108558e-03 2.537402643064846188e+02
8.208208208208209178e-03 2.537475282472772165e+02
8.308308308308308063e-03 2.537547921880698141e+02
8.408408408408408682e-03 2.537620561288624685e+02
8.508508508508509302e-03 2.537693200696550662e+02
8.608608608608608187e-03 2.537765840104476922e+02
8.708708708708708807e-03 2.537838479512402898e+02
8.808808808808809426e-03 2.537911118920329159e+02
8.908908908908910046e-03 2.537983758328255703e+02
9.009009009009008931e-03 2.538056397736181680e+02
9.109109109109109551e-03 2.538129037144108224e+02
9.209209209209210170e-03 2.538201676552034201e+02
9.309309309309309055e-03 2.538274315959960177e+02
9.409409409409409675e-03 2.538346955367886437e+02
9.509509509509510294e-03 2.538419594775812698e+02
9.609609609609610914e-03 2.538492234183738674e+02
9.709709709709709799e-03 2.538564873591665219e+02
9.809809809809810419e-03 2.538637512999591195e+02
9.909909909909911038e-03 2.538710152407517455e+02
1.001001001001000992e-02 2.538782791815443716e+02
1.011011011011011054e-02 2.538855431223369692e+02
1.021021021021021116e-02 2.538928070631296237e+02
1.031031031031031005e-02 2.539000710039222213e+02
1.041041041041041067e-02 2.539073349447148189e+02
1.051051051051051129e-02 2.539145988855074449e+02
1.061061061061061191e-02 2.539218628263000710e+02
1.071071071071071079e-02 2.539291267670926686e+02
1.081081081081081141e-02 2.539362716332102536e+02
1.091091091091091203e-02 2.539432125200276573e+02
1.101101101101101092e-02 2.539501534068451178e+02
1.111111111111111154e-02 2.539570942936625499e+02
1.121121121121121215e-02 2.539640351804799536e+02
1.131131131131131104e-02 2.539709760672973857e+02
1.141141141141141166e-02 2.539779169541148462e+02
1.151151151151151228e-02 2.539848578409322784e+02
1.161161161161161290e-02 2.539917987277497105e+02
1.171171171171171178e-02 2.539987396145671141e+02
1.181181181181181240e-02 2.540056805013845462e+02
1.191191191191191302e-02 2.540126213882020068e+02
1.201201201201201191e-02 2.540195622750194389e+02
1.211211211211211253e-02 2.540265429407246529e+02
1.221221221221221315e-02 2.540336087767790332e+02
1.231231231231231203e-02 2.540406746128334134e+02
1.241241241241241265e-02 2.540477404488877653e+02
1.251251251251251327e-02 2.540548062849421171e+02
1.261261261261261389e-02 2.540618721209964974e+02
1.271271271271271278e-02 2.540689379570508777e+02
1.281281281281281340e-02 2.540760037931052011e+02
1.291291291291291402e-02 2.540830696291595814e+02
1.301301301301301290e-02 2.540901354652139617e+02
1.311311311311311352e-02 2.540972013012683135e+02
1.321321321321321414e-02 2.541042671373226938e+02
1.331331331331331476e-02 2.541113329733770740e+02
1.341341341341341364e-02 2.541183988094313975e+02
1.351351351351351426e-02 2.541254646454857493e+02
1.361361361361361488e-02 2.541325304815401296e+02
1.371371371371371377e-02 2.541395907804925116e+02
1.381381381381381439e-02 2.541466498402222101e+02
1.391391391391391501e-02 2.541537088999519369e+02
1.401401401401401389e-02 2.541607679596816070e+02
1.411411411411411451e-02 2.541678270194113338e+02
1.421421421421421513e-02 2.541748860791410038e+02
1.431431431431431575e-02 2.541819451388706739e+02
1.441441441441441464e-02 2.541890041986004007e+02
1.451451451451451526e-02 2.541960632583300708e+02
1.461461461461461588e-02 2.542031223180597692e+02
1.471471471471471476e-02 2.542101813777894677e+02
1.481481481481481538e-02 2.542172404375191377e+02
1.491491491491491600e-02 2.542242994972488646e+02
1.501501501501501488e-02 2.542313585569785346e+02
1.511511511511511550e-02 2.542384176167082614e+02
1.521521521521521612e-02 2.542454766764379315e+02
1.531531531531531674e-02 2.542525357361676015e+02
1.541541541541541563e-02 2.542595947958973284e+02
1.551551551551551625e-02 2.542666538556269984e+02
1.561561561561561687e-02 2.542737129153566968e+02
1.571571571571571749e-02 2.542807719750863669e+02
1.581581581581581811e-02 2.542878310348160937e+02
1.591591591591591526e-02 2.542948900945457922e+02
1.601601601601601588e-02 2.543019491542754622e+02
1.611611611611611650e-02 2.543090082140051607e+02
1.621621621621621712e-02 2.543160672737348591e+02
1.631631631631631774e-02 2.543231263334645291e+02
1.641641641641641836e-02 2.543301853931942560e+02
1.651651651651651898e-02 2.543372444529239260e+02
1.661661661661661613e-02 2.543443035126536245e+02
1.671671671671671675e-02 2.543513625723833229e+02
1.681681681681681736e-02 2.543584216321130214e+02
1.691691691691691798e-02 2.543654806918427198e+02
1.701701701701701860e-02 2.543725397515723898e+02
1.711711711711711922e-02 2.543795988113020883e+02
1.721721721721721637e-02 2.543866578710317867e+02
1.731731731731731699e-02 2.543937169307614568e+02
1.741741741741741761e-02 2.544007759904911836e+02
1.751751751751751823e-02 2.544078350502208536e+02
1.761761761761761885e-02 2.544148941099505237e+02
1.771771771771771947e-02 2.544219531696802505e+02
1.781781781781782009e-02 2.544290122294099490e+02
1.791791791791791724e-02 2.544360712891396474e+02
1.801801801801801786e-02 2.544431303488693175e+02
1.811811811811811848e-02 2.544501894085989875e+02
1.821821821821821910e-02 2.544572484683287144e+02
1.831831831831831972e-02 2.544643075280584128e+02
1.841841841841842034e-02 2.544713665877881112e+02
1.851851851851852096e-02 2.544784256475178097e+02
1.861861861861861811e-02 2.544854847072475081e+02
1.871871871871871873e-02 2.544925437669771782e+02
1.881881881881881935e-02 2.544996028267068766e+02
1.891891891891891997e-02 2.545066618864365751e+02
1.901901901901902059e-02 2.545137209461662451e+02
1.911911911911912121e-02 2.545207800058959151e+02
1.921921921921922183e-02 2.545278390656256420e+02
1.931931931931931898e-02 2.545348981253553404e+02
1.941941941941941960e-02 2.545419571850850389e+02
1.951951951951952022e-02 2.545490162448147373e+02
1.961961961961962084e-02 2.545560753045444358e+02
1.971971971971972146e-02 2.545631343642741058e+02
1.981981981981982208e-02 2.545701934240038042e+02
1.991991991991991923e-02 2.545772524837335027e+02
2.002002002002001985e-02 2.545843115434632011e+02
2.012012012012012047e-02 2.545913706031928712e+02
2.022022022022022109e-02 2.545984296629225696e+02
2.032032032032032171e-02 2.546054887226522396e+02
2.042042042042042232e-02 2.546125477823819665e+02
2.052052052052052294e-02 2.546196068421116649e+02
2.062062062062062009e-02 2.546266659018413634e+02
2.072072072072072071e-02 2.546337249615710334e+02
2.082082082082082133e-02 2.546407840213007319e+02
2.092092092092092195e-02 2.546478430810304303e+02
2.102102102102102257e-02 2.546549021407601003e+02
2.112112112112112319e-02 2.546619612004898272e+02
2.122122122122122381e-02 2.546690202602194972e+02
2.132132132132132096e-02 2.546760793199491957e+02
2.142142142142142158e-02 2.546831383796788941e+02
2.152152152152152220e-02 2.546901974394085926e+02
2.162162162162162282e-02 2.546972564991382626e+02
2.172172172172172344e-02 2.547043155588679895e+02
2.182182182182182406e-02 2.547113746185976595e+02
2.192192192192192121e-02 2.547184336783273579e+02
2.202202202202202183e-02 2.547254927380570280e+02
2.212212212212212245e-02 2.547325517977867548e+02
2.222222222222222307e-02 2.547396108575163964e+02
2.232232232232232369e-02 2.547466699172461233e+02
2.242242242242242431e-02 2.547537289769758218e+02
2.252252252252252493e-02 2.547607880367055202e+02
2.262262262262262208e-02 2.547678470964352471e+02
2.272272272272272270e-02 2.547749134798276032e+02
2.282282282282282332e-02 2.547819934179205461e+02
2.292292292292292394e-02 2.547890733560134890e+02
2.302302302302302456e-02 2.547961532941064320e+02
2.312312312312312518e-02 2.548032377556392589e+02
2.322322322322322580e-02 2.548103267726995682e+02
2.332332332332332295e-02 2.548171335242140003e+02
2.342342342342342357e-02 2.548237115870779235e+02
2.352352352352352419e-02 2.548302896499418750e+02
2.362362362362362481e-02 2.548368677128058550e+02
2.372372372372372543e-02 2.548434457756697782e+02
2.382382382382382605e-02 2.548500238385337013e+02
2.392392392392392667e-02 2.548566019013976245e+02
2.402402402402402382e-02 2.548631799642615761e+02
2.412412412412412444e-02 2.548697580271255276e+02
2.422422422422422505e-02 2.548763360899894508e+02
2.432432432432432567e-02 2.548829141528534308e+02
2.442442442442442629e-02 2.548894922157173539e+02
2.452452452452452691e-02 2.548960702785812771e+02
2.462462462462462406e-02 2.549026483414452002e+02
2.472472472472472468e-02 2.549092264043091518e+02
2.482482482482482530e-02 2.549158044671730750e+02
2.492492492492492592e-02 2.549223825300370265e+02
2.502502502502502654e-02 2.549289605929009781e+02
2.512512512512512716e-02 2.549355386557649013e+02
2.522522522522522778e-02 2.549421167186288528e+02
2.532532532532532493e-02 2.549486947814927760e+02
2.542542542542542555e-02 2.549552728443567275e+02
2.552552552552552617e-02 2.549618509072206507e+02
2.562562562562562679e-02 2.549684289700846307e+02
2.572572572572572741e-02 2.549750070329485538e+02
2.582582582582582803e-02 2.549815850958124770e+02
2.592592592592592865e-02 2.549881631586764001e+02
2.602602602602602580e-02 2.549947412215403233e+02
2.612612612612612642e-02 2.550013192844043033e+02
2.622622622622622704e-02 2.550078973472682264e+02
2.632632632632632766e-02 2.550144754101322349e+02
2.642642642642642828e-02 2.550210534729961296e+02
2.652652652652652890e-02 2.550276315358600812e+02
2.662662662662662952e-02 2.550342095987239759e+02
2.672672672672672667e-02 2.550407876615879275e+02
2.682682682682682729e-02 2.550473657244518790e+02
2.692692692692692791e-02 2.550539437873158306e+02
2.702702702702702853e-02 2.550605218501797822e+02
2.712712712712712915e-02 2.550670999130436769e+02
2.722722722722722977e-02 2.550736779759076285e+02
2.732732732732732692e-02 2.550802560387715801e+02
2.742742742742742754e-02 2.550868341016355316e+02
2.752752752752752816e-02 2.550934121644994548e+02
2.762762762762762878e-02 2.550999902273634063e+02
2.772772772772772940e-02 2.551065682902273295e+02
2.782782782782783002e-02 2.551131463530912811e+02
2.792792792792793063e-02 2.551197244159552042e+02
2.802802802802802778e-02 2.551263024788191274e+02
2.812812812812812840e-02 2.551328805416830789e+02
2.822822822822822902e-02 2.551394586045470305e+02
2.832832832832832964e-02 2.551460366674109821e+02
2.842842842842843026e-02 2.551526147302748768e+02
2.852852852852853088e-02 2.551591927931388284e+02
2.862862862862863150e-02 2.551657708560027800e+02
2.872872872872872865e-02 2.551723489188667315e+02
2.882882882882882927e-02 2.551789269817306831e+02
2.892892892892892989e-02 2.551855050445946063e+02
2.902902902902903051e-02 2.551920831074585578e+02
2.912912912912913113e-02 2.551986611703225094e+02
2.922922922922923175e-02 2.552052392331864041e+02
2.932932932932933237e-02 2.552118172960503557e+02
2.942942942942942952e-02 2.552183953589143073e+02
2.952952952952953014e-02 2.552249734217782589e+02
2.962962962962963076e-02 2.552315514846422104e+02
2.972972972972973138e-02 2.552381295475061620e+02
2.982982982982983200e-02 2.552447076103700567e+02
2.992992992992993262e-02 2.552512856732340083e+02
3.003003003003002977e-02 2.552578637360979599e+02
3.013013013013013039e-02 2.552644417989618546e+02
3.023023023023023101e-02 2.552710198618258062e+02
3.033033033033033163e-02 2.552775979246897862e+02
3.043043043043043225e-02 2.552841759875537377e+02
3.053053053053053287e-02 2.552907540504176609e+02
3.063063063063063349e-02 2.552973321132815556e+02
3.073073073073073064e-02 2.553039101761455072e+02
3.083083083083083126e-02 2.553104882390094588e+02
3.093093093093093188e-02 2.553170663018734103e+02
3.103103103103103250e-02 2.553236443917528504e+02
3.113113113113113312e-02 2.553302237868078350e+02
3.123123123123123374e-02 2.553368031818627344e+02
3.133133133133133436e-02 2.553433825769176337e+02
3.143143143143143498e-02 2.553499619719725899e+02
3.153153153153153559e-02 2.553565413670274893e+02
3.163163163163163621e-02 2.553631207620823886e+02
3.173173173173172990e-02 2.553697001571373164e+02
3.183183183183183051e-02 2.553762795521922442e+02
3.193193193193193113e-02 2.553828589472471435e+02
3.203203203203203175e-02 2.553894383423020713e+02
3.213213213213213237e-02 2.553960177373569707e+02
3.223223223223223299e-02 2.554025971324118984e+02
3.233233233233233361e-02 2.554091765274668262e+02
3.243243243243243423e-02 2.554157559225217256e+02
3.253253253253253485e-02 2.554223353175766249e+02
3.263263263263263547e-02 2.554289147126315811e+02
3.273273273273273609e-02 2.554354941076865089e+02
3.283283283283283671e-02 2.554420735027414082e+02
3.293293293293293733e-02 2.554486528977963360e+02
3.303303303303303795e-02 2.554552322928512638e+02
3.313313313313313163e-02 2.554618116879061631e+02
3.323323323323323225e-02 2.554683910829610625e+02
3.333333333333333287e-02 2.554749704780159902e+02
3.343343343343343349e-02 2.554815498730709180e+02
3.353353353353353411e-02 2.554881292681258174e+02
3.363363363363363473e-02 2.554947086631807451e+02
3.373373373373373535e-02 2.555012880582356445e+02
3.383383383383383597e-02 2.555078674532905723e+02
3.393393393393393659e-02 2.555144468483455000e+02
3.403403403403403721e-02 2.555210262434003994e+02
3.413413413413413783e-02 2.555276056384553272e+02
3.423423423423423845e-02 2.555341850335102833e+02
3.433433433433433907e-02 2.555407644285651827e+02
3.443443443443443275e-02 2.555473438236200820e+02
3.453453453453453337e-02 2.555539232186750382e+02
3.463463463463463399e-02 2.555605026137299376e+02
3.473473473473473461e-02 2.555671023544012428e+02
3.483483483483483523e-02 2.555737103563345727e+02
3.493493493493493585e-02 2.555803183582679310e+02
3.503503503503503647e-02 2.555869263602013177e+02
3.513513513513513709e-02 2.555935331259673831e+02
3.523523523523523771e-02 2.556001390582656541e+02
3.533533533533533832e-02 2.556064776946376469e+02
3.543543543543543894e-02 2.556122343902117962e+02
3.553553553553553956e-02 2.556176401237356117e+02
3.563563563563564018e-02 2.556230458572594841e+02
3.573573573573574080e-02 2.556284515907833281e+02
3.583583583583583448e-02 2.556338573243072005e+02
3.593593593593593510e-02 2.556392630578310445e+02
3.603603603603603572e-02 2.556446687913549169e+02
3.613613613613613634e-02 2.556500745248787609e+02
3.623623623623623696e-02 2.556554802584026334e+02
3.633633633633633758e-02 2.556608859919264773e+02
3.643643643643643820e-02 2.556662917254503498e+02
3.653653653653653882e-02 2.556716974589741938e+02
3.663663663663663944e-02 2.556771031924980662e+02
3.673673673673674006e-02 2.556825089260218817e+02
3.683683683683684068e-02 2.556879146595457257e+02
3.693693693693694130e-02 2.556933203930695981e+02
3.703703703703704192e-02 2.556987261265934421e+02
3.713713713713713560e-02 2.557041318601173145e+02
3.723723723723723622e-02 2.557095375936411301e+02
3.733733733733733684e-02 2.557149433271650310e+02
3.743743743743743746e-02 2.557203490606888465e+02
3.753753753753753808e-02 2.557257547942127189e+02
3.763763763763763870e-02 2.557311605277365629e+02
3.773773773773773932e-02 2.557365662612604353e+02
3.783783783783783994e-02 2.557419719947842793e+02
3.793793793793794056e-02 2.557473777283081517e+02
3.803803803803804118e-02 2.557527834618319957e+02
3.813813813813814180e-02 2.557581891953558682e+02
3.823823823823824242e-02 2.557635949288797121e+02
3.833833833833834304e-02 2.557690006624035561e+02
3.843843843843844366e-02 2.557744063959274285e+02
3.853853853853853734e-02 2.557798121294512725e+02
3.863863863863863796e-02 2.557852178629751450e+02
3.873873873873873858e-02 2.557906235964989605e+02
3.883883883883883920e-02 2.557960293300228329e+02
3.893893893893893982e-02 2.558014350635466485e+02
3.903903903903904044e-02 2.558068407970705493e+02
3.913913913913914105e-02 2.558122465305943649e+02
3.923923923923924167e-02 2.558176522641182373e+02
3.933933933933934229e-02 2.558230579976420813e+02
3.943943943943944291e-02 2.558284637311659537e+02
3.953953953953954353e-02 2.558338694646897977e+02
3.963963963963964415e-02 2.558392751982136701e+02
3.973973973973974477e-02 2.558446809317375141e+02
3.983983983983983845e-02 2.558500866652613865e+02
3.993993993993993907e-02 2.558554923987852021e+02
4.004004004004003969e-02 2.558608981323090461e+02
4.014014014014014031e-02 2.558663038658329185e+02
4.024024024024024093e-02 2.558717095993567625e+02
4.034034034034034155e-02 2.558771153328806349e+02
4.044044044044044217e-02 2.558825210664044505e+02
4.054054054054054279e-02 2.558879267999283513e+02
4.064064064064064341e-02 2.558933325334521669e+02
4.074074074074074403e-02 2.558987382669760677e+02
4.084084084084084465e-02 2.559041440004998833e+02
4.094094094094094527e-02 2.559095497340237557e+02
4.104104104104104589e-02 2.559149554675475997e+02
4.114114114114113957e-02 2.559203612010714721e+02
4.124124124124124019e-02 2.559257669345953161e+02
4.134134134134134081e-02 2.559311726681191885e+02
4.144144144144144143e-02 2.559365784016430325e+02
4.154154154154154205e-02 2.559419841351669049e+02
4.164164164164164267e-02 2.559473898686907489e+02
4.174174174174174329e-02 2.559527956022145929e+02
4.184184184184184391e-02 2.559582013357384653e+02
4.194194194194194453e-02 2.559636070692623093e+02
4.204204204204204515e-02 2.559690128027861817e+02
4.214214214214214577e-02 2.559744185363099973e+02
4.224224224224224639e-02 2.559798242698338981e+02
4.234234234234234701e-02 2.559852300033577137e+02
4.244244244244244763e-02 2.559906357368816145e+02
4.254254254254254131e-02 2.559960414704054017e+02
4.264264264264264193e-02 2.560014472039292741e+02
4.274274274274274255e-02 2.560068529374531181e+02
4.284284284284284317e-02 2.560122586709769621e+02
4.294294294294294378e-02 2.560176644045008629e+02
4.304304304304304440e-02 2.560230701380247069e+02
4.314314314314314502e-02 2.560284758715485509e+02
4.324324324324324564e-02 2.560338816050723949e+02
4.334334334334334626e-02 2.560392873385962957e+02
4.344344344344344688e-02 2.560446930721201397e+02
4.354354354354354750e-02 2.560500988056439837e+02
4.364364364364364812e-02 2.560555045391678277e+02
4.374374374374374874e-02 2.560609102726916717e+02
4.384384384384384242e-02 2.560663160062155157e+02
4.394394394394394304e-02 2.560717217397393597e+02
4.404404404404404366e-02 2.560771274732632037e+02
4.414414414414414428e-02 2.560825332067870477e+02
4.424424424424424490e-02 2.560879389403109485e+02
4.434434434434434552e-02 2.560933446738347925e+02
4.444444444444444614e-02 2.560987504073586365e+02
4.454454454454454676e-02 2.561041561408824805e+02
4.464464464464464738e-02 2.561095618744063813e+02
4.474474474474474800e-02 2.561149676079302253e+02
4.484484484484484862e-02 2.561203733414540693e+02
4.494494494494494924e-02 2.561257790749779133e+02
4.504504504504504986e-02 2.561311848085018141e+02
4.514514514514515048e-02 2.561365905420256581e+02
4.524524524524524416e-02 2.561419962755495021e+02
4.534534534534534478e-02 2.561474020090733461e+02
4.544544544544544540e-02 2.561528077425971901e+02
4.554554554554554602e-02 2.561582134761210341e+02
4.564564564564564664e-02 2.561636192096448781e+02
4.574574574574574726e-02 2.561690249431687221e+02
4.584584584584584788e-02 2.561744306766925661e+02
4.594594594594594850e-02 2.561798364102164669e+02
4.604604604604604912e-02 2.561852421437403109e+02
4.614614614614614974e-02 2.561906478772641549e+02
4.624624624624625036e-02 2.561960536107879989e+02
4.634634634634635098e-02 2.562014593443118997e+02
4.644644644644645159e-02 2.562068650778357437e+02
4.654654654654654528e-02 2.562122708113595877e+02
4.664664664664664590e-02 2.562176765448834317e+02
4.674674674674674651e-02 2.562230822784073325e+02
4.684684684684684713e-02 2.562284880119311765e+02
4.694694694694694775e-02 2.562338937454550205e+02
4.704704704704704837e-02 2.562392994789788645e+02
4.714714714714714899e-02 2.562447052125027085e+02
4.724724724724724961e-02 2.562501109460266093e+02
4.734734734734735023e-02 2.562555166795503965e+02
4.744744744744745085e-02 2.562609224130742405e+02
4.754754754754755147e-02 2.562663281465981413e+02
4.764764764764765209e-02 2.562717338801219853e+02
4.774774774774775271e-02 2.562771396136458293e+02
4.784784784784785333e-02 2.562825453471696733e+02
4.794794794794794701e-02 2.562879510806935173e+02
4.804804804804804763e-02 2.562933568142174181e+02
4.814814814814814825e-02 2.562987625477412621e+02
4.824824824824824887e-02 2.563041682812651061e+02
4.834834834834834949e-02 2.563095740147889501e+02
4.844844844844845011e-02 2.563149797483128509e+02
4.854854854854855073e-02 2.563203854818366381e+02
4.864864864864865135e-02 2.563257912153605389e+02
4.874874874874875197e-02 2.563311969488843829e+02
4.884884884884885259e-02 2.563366026824082269e+02
4.894894894894895321e-02 2.563420084159320709e+02
4.904904904904905383e-02 2.563474141494559717e+02
4.914914914914915445e-02 2.563528198829798157e+02
4.924924924924924813e-02 2.563582256165036029e+02
4.934934934934934875e-02 2.563636313500275037e+02
4.944944944944944937e-02 2.563690370835513477e+02
4.954954954954954999e-02 2.563744428170752485e+02
4.964964964964965061e-02 2.563798485505990357e+02
4.974974974974975123e-02 2.563852542841229365e+02
4.984984984984985185e-02 2.563906600176467805e+02
4.994994994994995247e-02 2.563960657511706245e+02
5.005005005005005309e-02 2.564014714846944685e+02
5.015015015015015371e-02 2.564061275241652993e+02
5.025025025025025432e-02 2.564100806791888658e+02
5.035035035035035494e-02 2.564140338342123755e+02
5.045045045045045556e-02 2.564179869892358852e+02
5.055055055055055618e-02 2.564219401442594517e+02
5.065065065065064986e-02 2.564258932992829614e+02
5.075075075075075048e-02 2.564298464543065279e+02
5.085085085085085110e-02 2.564337996093300944e+02
5.095095095095095172e-02 2.564377527643536041e+02
5.105105105105105234e-02 2.564417059193771138e+02
5.115115115115115296e-02 2.564456590744006803e+02
5.125125125125125358e-02 2.564496122294242468e+02
5.135135135135135420e-02 2.564535653844477565e+02
5.145145145145145482e-02 2.564575185394712662e+02
5.155155155155155544e-02 2.564614716944948327e+02
5.165165165165165606e-02 2.564654248495183424e+02
5.175175175175175668e-02 2.564693780045419089e+02
5.185185185185185730e-02 2.564733311595654754e+02
5.195195195195195098e-02 2.564772843145889851e+02
5.205205205205205160e-02 2.564812374696125516e+02
5.215215215215215222e-02 2.564851906246360613e+02
5.225225225225225284e-02 2.564891437796596279e+02
5.235235235235235346e-02 2.564930969346831375e+02
5.245245245245245408e-02 2.564970500897066472e+02
5.255255255255255470e-02 2.565010032447302137e+02
5.265265265265265532e-02 2.565049563997537234e+02
5.275275275275275594e-02 2.565089095547772899e+02
5.285285285285285656e-02 2.565128627098007996e+02
5.295295295295295718e-02 2.565168158648243093e+02
5.305305305305305780e-02 2.565207690198478758e+02
5.315315315315315842e-02 2.565247221748714423e+02
5.325325325325325904e-02 2.565286753298949520e+02
5.335335335335335272e-02 2.565326284849185186e+02
5.345345345345345334e-02 2.565365816399420851e+02
5.355355355355355396e-02 2.565405347949655948e+02
5.365365365365365458e-02 2.565444879499891044e+02
5.375375375375375520e-02 2.565484411050126710e+02
5.385385385385385582e-02 2.565523942600361806e+02
5.395395395395395644e-02 2.565563474150597472e+02
5.405405405405405705e-02 2.565603005700832568e+02
5.415415415415415767e-02 2.565642537251068234e+02
5.425425425425425829e-02 2.565682068801303330e+02
5.435435435435435891e-02 2.565721600351538427e+02
5.445445445445445953e-02 2.565761131901774093e+02
5.455455455455456015e-02 2.565800663452009189e+02
5.465465465465465383e-02 2.565840195002244855e+02
5.475475475475475445e-02 2.565879726552480520e+02
5.485485485485485507e-02 2.565919258102715617e+02
5.495495495495495569e-02 2.565958789652950713e+02
5.505505505505505631e-02 2.565998321203186379e+02
5.515515515515515693e-02 2.566037852753422044e+02
5.525525525525525755e-02 2.566077384303657141e+02
5.535535535535535817e-02 2.566116915853892806e+02
5.545545545545545879e-02 2.566156447404127903e+02
5.555555555555555941e-02 2.566195978954363568e+02
5.565565565565566003e-02 2.566235510504598096e+02
5.575575575575576065e-02 2.566275042054833762e+02
5.585585585585586127e-02 2.566314573605069427e+02
5.595595595595596189e-02 2.566354105155304524e+02
5.605605605605605557e-02 2.566393636705540189e+02
5.615615615615615619e-02 2.566433168255775286e+02
5.625625625625625681e-02 2.566472699806010951e+02
5.635635635635635743e-02 2.566512231356246048e+02
5.645645645645645805e-02 2.566551762906481713e+02
5.655655655655655867e-02 2.566591294456717378e+02
5.665665665665665929e-02 2.566630826006952475e+02
5.675675675675675991e-02 2.566670357557187572e+02
5.685685685685686053e-02 2.566709889107422669e+02
5.695695695695696115e-02 2.566749420657658334e+02
5.705705705705706177e-02 2.566788952207893999e+02
5.715715715715716239e-02 2.566828483758129096e+02
5.725725725725726301e-02 2.566868015308364761e+02
5.735735735735735669e-02 2.566907546858599858e+02
5.745745745745745731e-02 2.566947078408835523e+02
5.755755755755755793e-02 2.566986609959070620e+02
5.765765765765765855e-02 2.567026141509306285e+02
5.775775775775775916e-02 2.567065673059541950e+02
5.785785785785785978e-02 2.567105204609777047e+02
5.795795795795796040e-02 2.567144736160012144e+02
5.805805805805806102e-02 2.567184267710247809e+02
5.815815815815816164e-02 2.567223799260483474e+02
5.825825825825826226e-02 2.567263330810718571e+02
5.835835835835836288e-02 2.567302693303232672e+02
5.845845845845846350e-02 2.567337783415052286e+02
5.855855855855856412e-02 2.567372873526871331e+02
5.865865865865866474e-02 2.567407963638690944e+02
5.875875875875875842e-02 2.567443053750509989e+02
5.885885885885885904e-02 2.567478143862329034e+02
5.895895895895895966e-02 2.567513233974148648e+02
5.905905905905906028e-02 2.567548324085967693e+02
5.915915915915916090e-02 2.567583414197787306e+02
5.925925925925926152e-02 2.567618504309606351e+02
5.935935935935936214e-02 2.567653594421425396e+02
5.945945945945946276e-02 2.567688684533245009e+02
5.955955955955956338e-02 2.567723774645064054e+02
5.965965965965966400e-02 2.567758864756883668e+02
5.975975975975976462e-02 2.567793954868702713e+02
5.985985985985986524e-02 2.567829044980521758e+02
5.995995995995996586e-02 2.567864135092341371e+02
6.006006006006005954e-02 2.567899225204160416e+02
6.016016016016016016e-02 2.567934315315979461e+02
6.026026026026026078e-02 2.567969405427799074e+02
6.036036036036036140e-02 2.568004495539618119e+02
6.046046046046046202e-02 2.568039585651437733e+02
6.056056056056056264e-02 2.568074675763256778e+02
6.066066066066066326e-02 2.568109765875075823e+02
6.076076076076076388e-02 2.568144855986895436e+02
6.086086086086086450e-02 2.568179946098714481e+02
6.096096096096096512e-02 2.568215036210534095e+02
6.106106106106106574e-02 2.568250126322353140e+02
6.116116116116116636e-02 2.568284189359293350e+02
6.126126126126126697e-02 2.568318072996848400e+02
6.136136136136136759e-02 2.568351956634403450e+02
6.146146146146146128e-02 2.568385840271958500e+02
6.156156156156156189e-02 2.568419723909513550e+02
6.166166166166166251e-02 2.568453607547068600e+02
6.176176176176176313e-02 2.568487491184623650e+02
6.186186186186186375e-02 2.568521374822178700e+02
6.196196196196196437e-02 2.568555258459733750e+02
6.206206206206206499e-02 2.568589142097288800e+02
6.216216216216216561e-02 2.568623025734843850e+02
6.226226226226226623e-02 2.568656909372398900e+02
6.236236236236236685e-02 2.568690793009953950e+02
6.246246246246246747e-02 2.568724676647509568e+02
6.256256256256256809e-02 2.568758560285064618e+02
6.266266266266266871e-02 2.568792443922619100e+02
6.276276276276276933e-02 2.568826327560174718e+02
6.286286286286286995e-02 2.568860211197729768e+02
6.296296296296297057e-02 2.568894094835284250e+02
6.306306306306307119e-02 2.568927978472839868e+02
6.316316316316317181e-02 2.568961862110394350e+02
6.326326326326327243e-02 2.568995745747949968e+02
6.336336336336337305e-02 2.569029629385505018e+02
6.346346346346345979e-02 2.569063513023060068e+02
6.356356356356356041e-02 2.569097396660615118e+02
6.366366366366366103e-02 2.569131280298170168e+02
6.376376376376376165e-02 2.569165163935725218e+02
6.386386386386386227e-02 2.569199047573280268e+02
6.396396396396396289e-02 2.569232931210835318e+02
6.406406406406406351e-02 2.569266814848390368e+02
6.416416416416416413e-02 2.569300698485945418e+02
6.426426426426426475e-02 2.569334582123500468e+02
6.436436436436436537e-02 2.569368403656146143e+02
6.446446446446446599e-02 2.569402106833520634e+02
6.456456456456456661e-02 2.569435810010895693e+02
6.466466466466466723e-02 2.569469513188270184e+02
6.476476476476476785e-02 2.569503216365645244e+02
6.486486486486486847e-02 2.569536919543019735e+02
6.496496496496496909e-02 2.569570622720394226e+02
6.506506506506506970e-02 2.569604325897769286e+02
6.516516516516517032e-02 2.569638029075143777e+02
6.526526526526527094e-02 2.569671732252518837e+02
6.536536536536537156e-02 2.569705435429893328e+02
6.546546546546547218e-02 2.569739138607267819e+02
6.556556556556557280e-02 2.569772841784642310e+02
6.566566566566567342e-02 2.569806544962017369e+02
6.576576576576577404e-02 2.569840248139391861e+02
6.586586586586587466e-02 2.569873951316766352e+02
6.596596596596597528e-02 2.569907654494140843e+02
6.606606606606607590e-02 2.569934930234489912e+02
6.616616616616616264e-02 2.569959914117362132e+02
6.626626626626626326e-02 2.569983457792512809e+02
6.636636636636636388e-02 2.570006250908272136e+02
6.646646646646646450e-02 2.570029044024031464e+02
6.656656656656656512e-02 2.570051837139790791e+02
6.666666666666666574e-02 2.570074630255549550e+02
6.676676676676676636e-02 2.570097423371309446e+02
6.686686686686686698e-02 2.570120216487068774e+02
6.696696696696696760e-02 2.570143009602827533e+02
6.706706706706706822e-02 2.570165802718587429e+02
6.716716716716716884e-02 2.570188595834346188e+02
6.726726726726726946e-02 2.570208868515382505e+02
6.736736736736737008e-02 2.570226183476121378e+02
6.746746746746747070e-02 2.570243498436859682e+02
6.756756756756757132e-02 2.570260813397597985e+02
6.766766766766767194e-02 2.570278128358336858e+02
6.776776776776777256e-02 2.570295443319075730e+02
6.786786786786787318e-02 2.570312758279814034e+02
6.796796796796797380e-02 2.570330073240552906e+02
6.806806806806807442e-02 2.570347388201291778e+02
6.816816816816817504e-02 2.570364703162030082e+02
6.826826826826827566e-02 2.570382018122768955e+02
6.836836836836837628e-02 2.570399333083507258e+02
6.846846846846847690e-02 2.570416648044246131e+02
6.856856856856857751e-02 2.570433963004984435e+02
6.866866866866867813e-02 2.570451277965723307e+02
6.876876876876877875e-02 2.570468592926462179e+02
6.886886886886886550e-02 2.570485907887200483e+02
6.896896896896896612e-02 2.570503222847938787e+02
6.906906906906906674e-02 2.570520537808677659e+02
6.916916916916916735e-02 2.570537852769415963e+02
6.926926926926926797e-02 2.570555167730155404e+02
6.936936936936936859e-02 2.570572482690893708e+02
6.946946946946946921e-02 2.570589797651632011e+02
6.956956956956956983e-02 2.570607112612370884e+02
6.966966966966967045e-02 2.570624427573109756e+02
6.976976976976977107e-02 2.570641742533848060e+02
6.986986986986987169e-02 2.570659057494586932e+02
6.996996996996997231e-02 2.570676372455325236e+02
7.007007007007007293e-02 2.570693687416064108e+02
7.017017017017017355e-02 2.570711002376802981e+02
7.027027027027027417e-02 2.570728317337541853e+02
7.037037037037037479e-02 2.570745632298280157e+02
7.047047047047047541e-02 2.570762947259018460e+02
7.057057057057057603e-02 2.570780262219757333e+02
7.067067067067067665e-02 2.570797577180495637e+02
7.077077077077077727e-02 2.570814892141235077e+02
7.087087087087087789e-02 2.570832207101973381e+02
7.097097097097097851e-02 2.570849522062711685e+02
7.107107107107107913e-02 2.570866837023450557e+02
7.117117117117117975e-02 2.570884151984189430e+02
7.127127127127128037e-02 2.570901466944927733e+02
7.137137137137138099e-02 2.570918129917118335e+02
7.147147147147148161e-02 2.570934528377803758e+02
7.157157157157156835e-02 2.570950926838489181e+02
7.167167167167166897e-02 2.570967325299174036e+02
7.177177177177176959e-02 2.570983723759859458e+02
7.187187187187187021e-02 2.571000122220544881e+02
7.197197197197197083e-02 2.571016520681230304e+02
7.207207207207207145e-02 2.571032919141915727e+02
7.217217217217217207e-02 2.571049317602600581e+02
7.227227227227227269e-02 2.571065716063286573e+02
7.237237237237237331e-02 2.571082114523971427e+02
7.247247247247247393e-02 2.571098512984656281e+02
7.257257257257257455e-02 2.571114911445342273e+02
7.267267267267267516e-02 2.571131309906027127e+02
7.277277277277277578e-02 2.571147708366713118e+02
7.287287287287287640e-02 2.571164106827397404e+02
7.297297297297297702e-02 2.571180505288082827e+02
7.307307307307307764e-02 2.571196903748768250e+02
7.317317317317317826e-02 2.571213302209453673e+02
7.327327327327327888e-02 2.571229700670139096e+02
7.337337337337337950e-02 2.571246099130823950e+02
7.347347347347348012e-02 2.571262497591509373e+02
7.357357357357358074e-02 2.571278896052194796e+02
7.367367367367368136e-02 2.571295294512880218e+02
7.377377377377378198e-02 2.571311692973565641e+02
7.387387387387388260e-02 2.571328091434251064e+02
7.397397397397398322e-02 2.571344489894935919e+02
7.407407407407408384e-02 2.571360888355620773e+02
7.417417417417418446e-02 2.571377530187756406e+02
7.427427427427427120e-02 2.571394339113481351e+02
7.437437437437437182e-02 2.571411148039207433e+02
7.447447447447447244e-02 2.571427956964932378e+02
7.457457457457457306e-02 2.571444765890657322e+02
7.467467467467467368e-02 2.571461574816382836e+02
7.477477477477477430e-02 2.571478383742108349e+02
7.487487487487487492e-02 2.571495192667833294e+02
7.497497497497497554e-02 2.571512001593558807e+02
7.507507507507507616e-02 2.571528810519283752e+02
7.517517517517517678e-02 2.571545619445009265e+02
7.527527527527527740e-02 2.571562428370734779e+02
7.537537537537537802e-02 2.571579237296459723e+02
7.547547547547547864e-02 2.571596046222185237e+02
7.557557557557557926e-02 2.571612855147910750e+02
7.567567567567567988e-02 2.571629664073636263e+02
7.577577577577578050e-02 2.571646472999361208e+02
7.587587587587588112e-02 2.571663281925086721e+02
7.597597597597598174e-02 2.571680090850812235e+02
7.607607607607608236e-02 2.571696899776537180e+02
7.617617617617618297e-02 2.571713708702262693e+02
7.627627627627628359e-02 2.571730517627987638e+02
7.637637637637638421e-02 2.571747326553713151e+02
7.647647647647648483e-02 2.571764135479438664e+02
7.657657657657658545e-02 2.571780944405163609e+02
7.667667667667668607e-02 2.571797753330889122e+02
7.677677677677678669e-02 2.571814562256614636e+02
7.687687687687688731e-02 2.571831371182339581e+02
7.697697697697697405e-02 2.571848180108064525e+02
7.707707707707707467e-02 2.571864001729271081e+02
7.717717717717717529e-02 2.571878599011133701e+02
7.727727727727727591e-02 2.571893196292996322e+02
7.737737737737737653e-02 2.571907793574858943e+02
7.747747747747747715e-02 2.571922390856721563e+02
7.757757757757757777e-02 2.571936988138584184e+02
7.767767767767767839e-02 2.571951585420446804e+02
7.777777777777777901e-02 2.571966182702309993e+02
7.787787787787787963e-02 2.571980779984172045e+02
7.797797797797798025e-02 2.571995377266034666e+02
7.807807807807808087e-02 2.572009974547897286e+02
7.817817817817818149e-02 2.572024571829760475e+02
7.827827827827828211e-02 2.572034040138256614e+02
7.837837837837838273e-02 2.572041075269914359e+02
7.847847847847848335e-02 2.572048110401572671e+02
7.857857857857858397e-02 2.572055145533231553e+02
7.867867867867868459e-02 2.572061323846220375e+02
7.877877877877878521e-02 2.572067143898707968e+02
7.887887887887888583e-02 2.572072963951196130e+02
7.897897897897898645e-02 2.572078784003684859e+02
7.907907907907908707e-02 2.572084604056173021e+02
7.917917917917918769e-02 2.572090424108661182e+02
7.927927927927928831e-02 2.572096244161148775e+02
7.937937937937938893e-02 2.572102064213637505e+02
7.947947947947948955e-02 2.572107884266125666e+02
7.957957957957957629e-02 2.572113704318613827e+02
7.967967967967967691e-02 2.572119524371101988e+02
7.977977977977977753e-02 2.572125344423590150e+02
7.987987987987987815e-02 2.572131164476078311e+02
7.997997997997997877e-02 2.572136984528566472e+02
8.008008008008007939e-02 2.572142804581054634e+02
8.018018018018018001e-02 2.572148624633542795e+02
8.028028028028028062e-02 2.572154444686030956e+02
8.038038038038038124e-02 2.572160160977920782e+02
8.048048048048048186e-02 2.572165485880188385e+02
8.058058058058058248e-02 2.572170810782456556e+02
8.068068068068068310e-02 2.572176135684723590e+02
8.078078078078078372e-02 2.572181460586991761e+02
8.088088088088088434e-02 2.572186785489258796e+02
8.098098098098098496e-02 2.572192110391526398e+02
8.108108108108108558e-02 2.572197435293794001e+02
8.118118118118118620e-02 2.572202760196061604e+02
8.128128128128128682e-02 2.572208085098329207e+02
8.138138138138138744e-02 2.572213410000597378e+02
8.148148148148148806e-02 2.572218734902864412e+02
8.158158158158158868e-02 2.572224059805132015e+02
8.168168168168168930e-02 2.572229384707399618e+02
8.178178178178178992e-02 2.572234709609667220e+02
8.188188188188189054e-02 2.572240034511934823e+02
8.198198198198199116e-02 2.572245359414202426e+02
8.208208208208209178e-02 2.572250684316470029e+02
8.218218218218219240e-02 2.572256009218737631e+02
8.228228228228227914e-02 2.572261334121005234e+02
8.238238238238237976e-02 2.572266659023272837e+02
8.248248248248248038e-02 2.572271983925540439e+02
8.258258258258258100e-02 2.572277308827807474e+02
8.268268268268268162e-02 2.572282633730075645e+02
8.278278278278278224e-02 2.572287958632343248e+02
8.288288288288288286e-02 2.572293283534610850e+02
8.298298298298298348e-02 2.572298608436878453e+02
8.308308308308308410e-02 2.572303933339146056e+02
8.318318318318318472e-02 2.572309258241413659e+02
8.328328328328328534e-02 2.572314583143681261e+02
8.338338338338338596e-02 2.572319908045948864e+02
8.348348348348348658e-02 2.572325232948216467e+02
8.358358358358358720e-02 2.572330557850484070e+02
8.368368368368368782e-02 2.572335882752752241e+02
8.378378378378378843e-02 2.572341207655019275e+02
8.388388388388388905e-02 2.572346532557286878e+02
8.398398398398398967e-02 2.572351857459554481e+02
8.408408408408409029e-02 2.572357182361822652e+02
8.418418418418419091e-02 2.572362507264089686e+02
8.428428428428429153e-02 2.572367832166357289e+02
8.438438438438439215e-02 2.572373157068624892e+02
8.448448448448449277e-02 2.572378481970891926e+02
8.458458458458459339e-02 2.572383806873160097e+02
8.468468468468469401e-02 2.572389131775427700e+02
8.478478478478479463e-02 2.572394456677695302e+02
8.488488488488489525e-02 2.572399781579962905e+02
8.498498498498498199e-02 2.572405106482230508e+02
8.508508508508508261e-02 2.572410431384498111e+02
8.518518518518518323e-02 2.572415756286765713e+02
8.528528528528528385e-02 2.572421081189033316e+02
8.538538538538538447e-02 2.572426406091300919e+02
8.548548548548548509e-02 2.572431730993568522e+02
8.558558558558558571e-02 2.572437055895836124e+02
8.568568568568568633e-02 2.572442380798103727e+02
8.578578578578578695e-02 2.572447705700371330e+02
8.588588588588588757e-02 2.572453030602638933e+02
8.598598598598598819e-02 2.572458355504906535e+02
8.608608608608608881e-02 2.572463680407174138e+02
8.618618618618618943e-02 2.572469005309441741e+02
8.628628628628629005e-02 2.572474330211709344e+02
8.638638638638639067e-02 2.572479655113976946e+02
8.648648648648649129e-02 2.572484980016244549e+02
8.658658658658659191e-02 2.572490304918512152e+02
8.668668668668669253e-02 2.572495629820779754e+02
8.678678678678679315e-02 2.572500954723047357e+02
8.688688688688689377e-02 2.572506279625314960e+02
8.698698698698699439e-02 2.572511604527582563e+02
8.708708708708709501e-02 2.572516929429850734e+02
8.718718718718719562e-02 2.572522254332118337e+02
8.728728728728729624e-02 2.572527579234385371e+02
8.738738738738739686e-02 2.572532904136652974e+02
8.748748748748749748e-02 2.572538229038920576e+02
8.758758758758759810e-02 2.572543553941188179e+02
8.768768768768768485e-02 2.572548878843455213e+02
8.778778778778778547e-02 2.572554203745722816e+02
8.788788788788788608e-02 2.572559528647990987e+02
8.798798798798798670e-02 2.572564853550258590e+02
8.808808808808808732e-02 2.572570178452526193e+02
8.818818818818818794e-02 2.572575503354793796e+02
8.828828828828828856e-02 2.572580828257061398e+02
8.838838838838838918e-02 2.572586153159329001e+02
8.848848848848848980e-02 2.572591478061596604e+02
8.858858858858859042e-02 2.572596802963864207e+02
8.868868868868869104e-02 2.572602127866131809e+02
8.878878878878879166e-02 2.572607452768399412e+02
8.888888888888889228e-02 2.572612777670667015e+02
8.898898898898899290e-02 2.572618102572934617e+02
8.908908908908909352e-02 2.572623427475202220e+02
8.918918918918919414e-02 2.572628752377469823e+02
8.928928928928929476e-02 2.572634077279737426e+02
8.938938938938939538e-02 2.572639402182005028e+02
8.948948948948949600e-02 2.572644727084272631e+02
8.958958958958959662e-02 2.572640187888952710e+02
8.968968968968969724e-02 2.572634753007887412e+02
8.978978978978979786e-02 2.572629318126822682e+02
8.988988988988989848e-02 2.572623883245757384e+02
8.998998998998999910e-02 2.572618448364692085e+02
9.009009009009009972e-02 2.572613013483627356e+02
9.019019019019020034e-02 2.572607578602562057e+02
9.029029029029030096e-02 2.572602143721497328e+02
9.039039039039038770e-02 2.572596708840432029e+02
9.049049049049048832e-02 2.572591273959367300e+02
9.059059059059058894e-02 2.572585839078302001e+02
9.069069069069068956e-02 2.572580404197236703e+02
9.079079079079079018e-02 2.572574969316171973e+02
9.089089089089089080e-02 2.572569534435107244e+02
9.099099099099099142e-02 2.572564099554041945e+02
9.109109109109109204e-02 2.572558664672976647e+02
9.119119119119119266e-02 2.572553229791911917e+02
9.129129129129129328e-02 2.572547794910846619e+02
9.139139139139139389e-02 2.572542360029781321e+02
9.149149149149149451e-02 2.572536925148716591e+02
9.159159159159159513e-02 2.572531490267651861e+02
9.169169169169169575e-02 2.572526055386586563e+02
9.179179179179179637e-02 2.572520620505521265e+02
9.189189189189189699e-02 2.572515139433404556e+02
9.199199199199199761e-02 2.572509608372528760e+02
9.209209209209209823e-02 2.572504077311652964e+02
9.219219219219219885e-02 2.572498546250777167e+02
9.229229229229229947e-02 2.572493015189901371e+02
9.239239239239240009e-02 2.572487484129026143e+02
9.249249249249250071e-02 2.572481953068149778e+02
9.259259259259260133e-02 2.572476422007274550e+02
9.269269269269270195e-02 2.572470890946398754e+02
9.279279279279280257e-02 2.572465359885522957e+02
9.289289289289290319e-02 2.572459828824647730e+02
9.299299299299300381e-02 2.572454297763771933e+02
9.309309309309309055e-02 2.572448766702896137e+02
9.319319319319319117e-02 2.572443235642020909e+02
9.329329329329329179e-02 2.572437704581144544e+02
9.339339339339339241e-02 2.572432173520268748e+02
9.349349349349349303e-02 2.572426642459393520e+02
9.359359359359359365e-02 2.572421111398517724e+02
9.369369369369369427e-02 2.572415580337641927e+02
9.379379379379379489e-02 2.572410049276766131e+02
9.389389389389389551e-02 2.572404518215890903e+02
9.399399399399399613e-02 2.572398987155014538e+02
9.409409409409409675e-02 2.572393456094139310e+02
9.419419419419419737e-02 2.572387925033263514e+02
9.429429429429429799e-02 2.572382393972387717e+02
9.439439439439439861e-02 2.572376862911511921e+02
9.449449449449449923e-02 2.572371331850636125e+02
9.459459459459459985e-02 2.572365800789760897e+02
9.469469469469470047e-02 2.572360269728884532e+02
9.479479479479480108e-02 2.572354738668009304e+02
9.489489489489490170e-02 2.572349207607133508e+02
9.499499499499500232e-02 2.572343676546258280e+02
9.509509509509510294e-02 2.572338145485382483e+02
9.519519519519520356e-02 2.572332614424506687e+02
9.529529529529530418e-02 2.572327083363630891e+02
9.539539539539540480e-02 2.572321552302755663e+02
9.549549549549550542e-02 2.572316021241879298e+02
9.559559559559560604e-02 2.572310490181003502e+02
9.569569569569570666e-02 2.572304959120128274e+02
9.579579579579579340e-02 2.572299428059252477e+02
9.589589589589589402e-02 2.572293896998376681e+02
9.599599599599599464e-02 2.572288365937500885e+02
9.609609609609609526e-02 2.572282834876625088e+02
9.619619619619619588e-02 2.572277303815749292e+02
9.629629629629629650e-02 2.572271772754874064e+02
9.639639639639639712e-02 2.572266241693998268e+02
9.649649649649649774e-02 2.572260710633122471e+02
9.659659659659659836e-02 2.572255179572246675e+02
9.669669669669669898e-02 2.572249648511370879e+02
9.679679679679679960e-02 2.572244117450495651e+02
9.689689689689690022e-02 2.572238586389619286e+02
9.699699699699700084e-02 2.572233055328744058e+02
9.709709709709710146e-02 2.572227524267868830e+02
9.719719719719720208e-02 2.572221993206992465e+02
9.729729729729730270e-02 2.572216462146116669e+02
9.739739739739740332e-02 2.572210931085241441e+02
9.749749749749750394e-02 2.572205400024365645e+02
9.759759759759760456e-02 2.572199868963489848e+02
9.769769769769770518e-02 2.572194337902614052e+02
9.779779779779780580e-02 2.572188806841738824e+02
9.789789789789790642e-02 2.572183275780863028e+02
9.799799799799800704e-02 2.572177744719987231e+02
9.809809809809810766e-02 2.572172213659111435e+02
9.819819819819820828e-02 2.572166682598235639e+02
9.829829829829830889e-02 2.572161151537359842e+02
9.839839839839840951e-02 2.572154704144899142e+02
9.849849849849849626e-02 2.572147837892398456e+02
9.859859859859859688e-02 2.572140971639897771e+02
9.869869869869869750e-02 2.572134105387397085e+02
9.879879879879879812e-02 2.572127239134896968e+02
9.889889889889889873e-02 2.572120372882396850e+02
9.899899899899899935e-02 2.572113506629896165e+02
9.909909909909909997e-02 2.572106640377395479e+02
9.919919919919920059e-02 2.572099774124895362e+02
9.929929929929930121e-02 2.572092907872394676e+02
9.939939939939940183e-02 2.572086041619893990e+02
9.949949949949950245e-02 2.572079175367393873e+02
9.959959959959960307e-02 2.572072309114893187e+02
9.969969969969970369e-02 2.572065442862392501e+02
9.979979979979980431e-02 2.572058576609892384e+02
9.989989989989990493e-02 2.572051710357391698e+02
1.000000000000000056e-01 2.572044844104891013e+02
