LineProbe
number of points: 1000 (fixed)
point 0: [0.045 0.045 0.   ]
point 1: [0.045 0.045 0.1  ]
-----

# T 1000
0.000000000000000000e+00 2.531499999999999773e+02
1.001001001001001047e-04 2.531540119035198302e+02
2.002002002002002093e-04 2.531580238070396263e+02
3.003003003003003411e-04 2.531620357105594223e+02
4.004004004004004186e-04 2.531660476140792184e+02
5.005005005005004962e-04 2.531700595175990145e+02
6.006006006006006821e-04 2.531740714211188390e+02
7.007007007007007597e-04 2.531780833246386351e+02
8.008008008008008372e-04 2.531820952281584312e+02
9.009009009009009148e-04 2.531861071316782841e+02
1.001001001001000992e-03 2.531901190351980802e+02
1.101101101101101178e-03 2.531941309387178762e+02
1.201201201201201364e-03 2.531981428422376723e+02
1.301301301301301333e-03 2.532021547457574684e+02
1.401401401401401519e-03 2.532061666492772929e+02
1.501501501501501488e-03 2.532101785527970605e+02
1.601601601601601674e-03 2.532141904563168566e+02
1.701701701701701860e-03 2.532182023598367095e+02
1.801801801801801830e-03 2.532222142633565056e+02
1.901901901901902016e-03 2.532262261668763301e+02
2.002002002002001985e-03 2.532302333881746961e+02
2.102102102102102171e-03 2.532342388665138628e+02
2.202202202202202357e-03 2.532382443448530296e+02
2.302302302302302543e-03 2.532422498231922248e+02
2.402402402402402729e-03 2.532462553015313631e+02
2.502502502502502481e-03 2.532502607798705014e+02
2.602602602602602667e-03 2.532542662582096966e+02
2.702702702702702853e-03 2.532582717365488634e+02
2.802802802802803039e-03 2.532622772148880017e+02
2.902902902902903225e-03 2.532662826932271685e+02
3.003003003003002977e-03 2.532702881715663352e+02
3.103103103103103163e-03 2.532742936499055304e+02
3.203203203203203349e-03 2.532782991282446687e+02
3.303303303303303535e-03 2.532823046065838071e+02
3.403403403403403721e-03 2.532863100849230023e+02
3.503503503503503473e-03 2.532903155632621690e+02
3.603603603603603659e-03 2.532943210416013358e+02
3.703703703703703845e-03 2.532983265199404741e+02
3.803803803803804031e-03 2.533023319982796409e+02
3.903903903903904217e-03 2.533063374766188360e+02
4.004004004004003969e-03 2.533103429549579744e+02
4.104104104104104589e-03 2.533143484332971411e+02
4.204204204204204341e-03 2.533183539116363363e+02
4.304304304304304093e-03 2.533223593899755031e+02
4.404404404404404713e-03 2.533263648683146982e+02
4.504504504504504465e-03 2.533303703466538366e+02
4.604604604604605085e-03 2.533343758249930033e+02
4.704704704704704837e-03 2.533383813033321701e+02
4.804804804804805457e-03 2.533423867816713368e+02
4.904904904904905209e-03 2.533463922600104752e+02
5.005005005005004962e-03 2.533503977383496419e+02
5.105105105105105581e-03 2.533544032166888087e+02
5.205205205205205334e-03 2.533584086950280039e+02
5.305305305305305953e-03 2.533624141733671422e+02
5.405405405405405705e-03 2.533664196517062805e+02
5.505505505505505458e-03 2.533704251300454757e+02
5.605605605605606077e-03 2.533744306083846425e+02
5.705705705705705830e-03 2.533784360867238092e+02
5.805805805805806449e-03 2.533824415650629476e+02
5.905905905905906202e-03 2.533864470434021428e+02
6.006006006006005954e-03 2.533904525217413095e+02
6.106106106106106574e-03 2.533944459219477210e+02
6.206206206206206326e-03 2.533984378846618597e+02
6.306306306306306945e-03 2.534024298473759984e+02
6.406406406406406698e-03 2.534064218100900803e+02
6.506506506506506450e-03 2.534104137728042474e+02
6.606606606606607070e-03 2.534144057355184145e+02
6.706706706706706822e-03 2.534183976982324964e+02
6.806806806806807442e-03 2.534223896609466067e+02
6.906906906906907194e-03 2.534263816236607738e+02
7.007007007007006946e-03 2.534303735863748841e+02
7.107107107107107566e-03 2.534343655490889944e+02
7.207207207207207318e-03 2.534383575118031899e+02
7.307307307307307938e-03 2.534423494745173002e+02
7.407407407407407690e-03 2.534463414372313821e+02
7.507507507507507442e-03 2.534503333999455492e+02
7.607607607607608062e-03 2.534543253626596879e+02
7.707707707707707814e-03 2.534583173253737982e+02
7.807807807807808434e-03 2.534623092880879369e+02
7.907907907907909054e-03 2.534663012508020756e+02
8.008008008008007939e-03 2.534702932135161859e+02
8.108108108108108558e-03 2.534742851762303246e+02
8.208208208208209178e-03 2.534782771389444633e+02
8.308308308308308063e-03 2.534822691016585736e+02
8.408408408408408682e-03 2.534862610643727123e+02
8.508508508508509302e-03 2.534902530270868510e+02
8.608608608608608187e-03 2.534942449898009613e+02
8.708708708708708807e-03 2.534982369525151000e+02
8.808808808808809426e-03 2.535022289152292387e+02
8.908908908908910046e-03 2.535062208779433774e+02
9.009009009009008931e-03 2.535102128406575162e+02
9.109109109109109551e-03 2.535142048033716264e+02
9.209209209209210170e-03 2.535181967660857651e+02
9.309309309309309055e-03 2.535221887287999039e+02
9.409409409409409675e-03 2.535261806915140141e+02
9.509509509509510294e-03 2.535301726542281244e+02
9.609609609609610914e-03 2.535341646169422916e+02
9.709709709709709799e-03 2.535381565796564018e+02
9.809809809809810419e-03 2.535421485423705406e+02
9.909909909909911038e-03 2.535461405050846793e+02
1.001001001001000992e-02 2.535501324677987895e+02
1.011011011011011054e-02 2.535541244305129283e+02
1.021021021021021116e-02 2.535581163932270670e+02
1.031031031031031005e-02 2.535621083559411773e+02
1.041041041041041067e-02 2.535661003186553160e+02
1.051051051051051129e-02 2.535700922813694547e+02
1.061061061061061191e-02 2.535740842440835650e+02
1.071071071071071079e-02 2.535780762067976752e+02
1.081081081081081141e-02 2.535820137465700554e+02
1.091091091091091203e-02 2.535858580578404826e+02
1.101101101101101092e-02 2.535897023691109098e+02
1.111111111111111154e-02 2.535935466803813370e+02
1.121121121121121215e-02 2.535973909916517357e+02
1.131131131131131104e-02 2.536012353029221913e+02
1.141141141141141166e-02 2.536050796141926185e+02
1.151151151151151228e-02 2.536089239254630741e+02
1.161161161161161290e-02 2.536127682367335012e+02
1.171171171171171178e-02 2.536166125480039284e+02
1.181181181181181240e-02 2.536204568592743271e+02
1.191191191191191302e-02 2.536243011705447827e+02
1.201201201201201191e-02 2.536281454818152099e+02
1.211211211211211253e-02 2.536320096508774782e+02
1.221221221221221315e-02 2.536359163373443266e+02
1.231231231231231203e-02 2.536398230238112035e+02
1.241241241241241265e-02 2.536437297102780235e+02
1.251251251251251327e-02 2.536476363967449004e+02
1.261261261261261389e-02 2.536515430832117204e+02
1.271271271271271278e-02 2.536554497696785688e+02
1.281281281281281340e-02 2.536593564561454173e+02
1.291291291291291402e-02 2.536632631426122657e+02
1.301301301301301290e-02 2.536671698290791142e+02
1.311311311311311352e-02 2.536710765155459626e+02
1.321321321321321414e-02 2.536749832020128679e+02
1.331331331331331476e-02 2.536788898884796879e+02
1.341341341341341364e-02 2.536827965749465648e+02
1.351351351351351426e-02 2.536867032614133848e+02
1.361361361361361488e-02 2.536906099478802616e+02
1.371371371371371377e-02 2.536945159638993346e+02
1.381381381381381439e-02 2.536984218298699147e+02
1.391391391391391501e-02 2.537023276958404381e+02
1.401401401401401389e-02 2.537062335618110183e+02
1.411411411411411451e-02 2.537101394277815416e+02
1.421421421421421513e-02 2.537140452937521218e+02
1.431431431431431575e-02 2.537179511597226735e+02
1.441441441441441464e-02 2.537218570256932253e+02
1.451451451451451526e-02 2.537257628916637486e+02
1.461461461461461588e-02 2.537296687576343288e+02
1.471471471471471476e-02 2.537335746236049090e+02
1.481481481481481538e-02 2.537374804895754608e+02
1.491491491491491600e-02 2.537413863555460125e+02
1.501501501501501488e-02 2.537452922215165358e+02
1.511511511511511550e-02 2.537491980874871160e+02
1.521521521521521612e-02 2.537531039534576678e+02
1.531531531531531674e-02 2.537570098194282195e+02
1.541541541541541563e-02 2.537609156853987713e+02
1.551551551551551625e-02 2.537648215513693231e+02
1.561561561561561687e-02 2.537687274173399032e+02
1.571571571571571749e-02 2.537726332833104550e+02
1.581581581581581811e-02 2.537765391492810068e+02
1.591591591591591526e-02 2.537804450152515585e+02
1.601601601601601588e-02 2.537843508812221103e+02
1.611611611611611650e-02 2.537882567471926905e+02
1.621621621621621712e-02 2.537921626131632138e+02
1.631631631631631774e-02 2.537960684791337655e+02
1.641641641641641836e-02 2.537999743451043173e+02
1.651651651651651898e-02 2.538038802110748975e+02
1.661661661661661613e-02 2.538077860770454208e+02
1.671671671671671675e-02 2.538116919430160010e+02
1.681681681681681736e-02 2.538155978089865243e+02
1.691691691691691798e-02 2.538195036749571329e+02
1.701701701701701860e-02 2.538234095409276847e+02
1.711711711711711922e-02 2.538273154068982080e+02
1.721721721721721637e-02 2.538312212728687882e+02
1.731731731731731699e-02 2.538351271388393116e+02
1.741741741741741761e-02 2.538390330048098917e+02
1.751751751751751823e-02 2.538429388707804719e+02
1.761761761761761885e-02 2.538468447367509953e+02
1.771771771771771947e-02 2.538507506027215186e+02
1.781781781781782009e-02 2.538546564686920988e+02
1.791791791791791724e-02 2.538585623346626505e+02
1.801801801801801786e-02 2.538624682006332307e+02
1.811811811811811848e-02 2.538663740666037825e+02
1.821821821821821910e-02 2.538702799325743058e+02
1.831831831831831972e-02 2.538741857985448860e+02
1.841841841841842034e-02 2.538780916645154093e+02
1.851851851851852096e-02 2.538819975304859895e+02
1.861861861861861811e-02 2.538859033964565697e+02
1.871871871871871873e-02 2.538898092624270930e+02
1.881881881881881935e-02 2.538937151283976732e+02
1.891891891891891997e-02 2.538976209943681965e+02
1.901901901901902059e-02 2.539015268603387483e+02
1.911911911911912121e-02 2.539054327263093285e+02
1.921921921921922183e-02 2.539093385922798518e+02
1.931931931931931898e-02 2.539132444582504036e+02
1.941941941941941960e-02 2.539171503242209837e+02
1.951951951951952022e-02 2.539210561901915639e+02
1.961961961961962084e-02 2.539249620561620873e+02
1.971971971971972146e-02 2.539288679221326674e+02
1.981981981981982208e-02 2.539327737881032192e+02
1.991991991991991923e-02 2.539366796540737994e+02
2.002002002002001985e-02 2.539405855200442943e+02
2.012012012012012047e-02 2.539444913860148461e+02
2.022022022022022109e-02 2.539483972519854262e+02
2.032032032032032171e-02 2.539523031179559496e+02
2.042042042042042232e-02 2.539562089839265298e+02
2.052052052052052294e-02 2.539601148498970815e+02
2.062062062062062009e-02 2.539640207158676617e+02
2.072072072072072071e-02 2.539679265818381850e+02
2.082082082082082133e-02 2.539718324478087652e+02
2.092092092092092195e-02 2.539757383137793454e+02
2.102102102102102257e-02 2.539796441797498971e+02
2.112112112112112319e-02 2.539835500457204205e+02
2.122122122122122381e-02 2.539874559116909722e+02
2.132132132132132096e-02 2.539913617776615240e+02
2.142142142142142158e-02 2.539952676436320758e+02
2.152152152152152220e-02 2.539991735096025991e+02
2.162162162162162282e-02 2.540030793755731793e+02
2.172172172172172344e-02 2.540069852415437595e+02
2.182182182182182406e-02 2.540108911075143112e+02
2.192192192192192121e-02 2.540147969734848630e+02
2.202202202202202183e-02 2.540187028394554147e+02
2.212212212212212245e-02 2.540226087054259949e+02
2.222222222222222307e-02 2.540265145713965182e+02
2.232232232232232369e-02 2.540304204373670984e+02
2.242242242242242431e-02 2.540343263033376502e+02
2.252252252252252493e-02 2.540382321693081735e+02
2.262262262262262208e-02 2.540421380352787253e+02
2.272272272272272270e-02 2.540460448843567178e+02
2.282282282282282332e-02 2.540499535529786499e+02
2.292292292292292394e-02 2.540538622216006104e+02
2.302302302302302456e-02 2.540577708902225993e+02
2.312312312312312518e-02 2.540616937596045659e+02
2.322322322322322580e-02 2.540656309304815750e+02
2.332332332332332295e-02 2.540694408009669871e+02
2.342342342342342357e-02 2.540731475339807446e+02
2.352352352352352419e-02 2.540768542669944452e+02
2.362362362362362481e-02 2.540805610000082027e+02
2.372372372372372543e-02 2.540842677330219885e+02
2.382382382382382605e-02 2.540879744660356891e+02
2.392392392392392667e-02 2.540916811990494182e+02
2.402402402402402382e-02 2.540953879320631188e+02
2.412412412412412444e-02 2.540990946650768478e+02
2.422422422422422505e-02 2.541028013980905769e+02
2.432432432432432567e-02 2.541065081311043627e+02
2.442442442442442629e-02 2.541102148641180918e+02
2.452452452452452691e-02 2.541139215971317924e+02
2.462462462462462406e-02 2.541176283301454930e+02
2.472472472472472468e-02 2.541213350631592505e+02
2.482482482482482530e-02 2.541250417961729511e+02
2.492492492492492592e-02 2.541287485291867085e+02
2.502502502502502654e-02 2.541324552622004660e+02
2.512512512512512716e-02 2.541361619952141666e+02
2.522522522522522778e-02 2.541398687282279241e+02
2.532532532532532493e-02 2.541435754612416247e+02
2.542542542542542555e-02 2.541472821942553537e+02
2.552552552552552617e-02 2.541509889272690828e+02
2.562562562562562679e-02 2.541546956602828686e+02
2.572572572572572741e-02 2.541584023932965977e+02
2.582582582582582803e-02 2.541621091263102699e+02
2.592592592592592865e-02 2.541658158593239989e+02
2.602602602602602580e-02 2.541695225923377564e+02
2.612612612612612642e-02 2.541732293253514854e+02
2.622622622622622704e-02 2.541769360583652144e+02
2.632632632632632766e-02 2.541806427913789719e+02
2.642642642642642828e-02 2.541843495243926725e+02
2.652652652652652890e-02 2.541880562574064015e+02
2.662662662662662952e-02 2.541917629904201021e+02
2.672672672672672667e-02 2.541954697234338312e+02
2.682682682682682729e-02 2.541991764564476171e+02
2.692692692692692791e-02 2.542028831894613745e+02
2.702702702702702853e-02 2.542065899224750751e+02
2.712712712712712915e-02 2.542102966554887757e+02
2.722722722722722977e-02 2.542140033885025048e+02
2.732732732732732692e-02 2.542177101215162338e+02
2.742742742742742754e-02 2.542214168545299628e+02
2.752752752752752816e-02 2.542251235875436919e+02
2.762762762762762878e-02 2.542288303205574778e+02
2.772772772772772940e-02 2.542325370535711784e+02
2.782782782782783002e-02 2.542362437865849074e+02
2.792792792792793063e-02 2.542399505195986364e+02
2.802802802802802778e-02 2.542436572526123655e+02
2.812812812812812840e-02 2.542473639856260945e+02
2.822822822822822902e-02 2.542510707186398804e+02
2.832832832832832964e-02 2.542547774516536094e+02
2.842842842842843026e-02 2.542584841846672532e+02
2.852852852852853088e-02 2.542621909176810391e+02
2.862862862862863150e-02 2.542658976506947397e+02
2.872872872872872865e-02 2.542696043837084972e+02
2.882882882882882927e-02 2.542733111167222262e+02
2.892892892892892989e-02 2.542770178497359552e+02
2.902902902902903051e-02 2.542807245827496843e+02
2.912912912912913113e-02 2.542844313157634133e+02
2.922922922922923175e-02 2.542881380487771423e+02
2.932932932932933237e-02 2.542918447817908429e+02
2.942942942942942952e-02 2.542955515148046288e+02
2.952952952952953014e-02 2.542992582478183579e+02
2.962962962962963076e-02 2.543029649808320869e+02
2.972972972972973138e-02 2.543066717138458159e+02
2.982982982982983200e-02 2.543103784468595165e+02
2.992992992992993262e-02 2.543140851798732456e+02
3.003003003003002977e-02 2.543177919128869746e+02
3.013013013013013039e-02 2.543214986459007037e+02
3.023023023023023101e-02 2.543252053789144895e+02
3.033033033033033163e-02 2.543289121119281901e+02
3.043043043043043225e-02 2.543326188449419192e+02
3.053053053053053287e-02 2.543363255779556482e+02
3.063063063063063349e-02 2.543400323109693772e+02
3.073073073073073064e-02 2.543437390439831063e+02
3.083083083083083126e-02 2.543474457769968637e+02
3.093093093093093188e-02 2.543511525100105359e+02
3.103103103103103250e-02 2.543548592543076268e+02
3.113113113113113312e-02 2.543585665437247485e+02
3.123123123123123374e-02 2.543622738331419271e+02
3.133133133133133436e-02 2.543659811225591056e+02
3.143143143143143498e-02 2.543696884119762274e+02
3.153153153153153559e-02 2.543733957013934059e+02
3.163163163163163621e-02 2.543771029908105277e+02
3.173173173173172990e-02 2.543808102802277062e+02
3.183183183183183051e-02 2.543845175696448280e+02
3.193193193193193113e-02 2.543882248590619781e+02
3.203203203203203175e-02 2.543919321484791283e+02
3.213213213213213237e-02 2.543956394378963068e+02
3.223223223223223299e-02 2.543993467273134002e+02
3.233233233233233361e-02 2.544030540167306071e+02
3.243243243243243423e-02 2.544067613061477857e+02
3.253253253253253485e-02 2.544104685955648790e+02
3.263263263263263547e-02 2.544141758849820860e+02
3.273273273273273609e-02 2.544178831743992077e+02
3.283283283283283671e-02 2.544215904638163579e+02
3.293293293293293733e-02 2.544252977532335080e+02
3.303303303303303795e-02 2.544290050426506582e+02
3.313313313313313163e-02 2.544327123320677799e+02
3.323323323323323225e-02 2.544364196214849585e+02
3.333333333333333287e-02 2.544401269109020802e+02
3.343343343343343349e-02 2.544438342003192304e+02
3.353353353353353411e-02 2.544475414897364089e+02
3.363363363363363473e-02 2.544512487791535591e+02
3.373373373373373535e-02 2.544549560685707092e+02
3.383383383383383597e-02 2.544586633579878594e+02
3.393393393393393659e-02 2.544623706474050095e+02
3.403403403403403721e-02 2.544660779368221597e+02
3.413413413413413783e-02 2.544697852262393098e+02
3.423423423423423845e-02 2.544734925156564600e+02
3.433433433433433907e-02 2.544771998050736102e+02
3.443443443443443275e-02 2.544809070944907319e+02
3.453453453453453337e-02 2.544846143839079105e+02
3.463463463463463399e-02 2.544883216733250890e+02
3.473473473473473461e-02 2.544920386821862053e+02
3.483483483483483523e-02 2.544957596375914193e+02
3.493493493493493585e-02 2.544994805929966901e+02
3.503503503503503647e-02 2.545032015484019894e+02
3.513513513513513709e-02 2.545069219278016135e+02
3.523523523523523771e-02 2.545106419188378197e+02
3.533533533533533832e-02 2.545142338614258222e+02
3.543543543543543894e-02 2.545175460553370215e+02
3.553553553553553956e-02 2.545206951571131526e+02
3.563563563563564018e-02 2.545238442588892838e+02
3.573573573573574080e-02 2.545269933606653865e+02
3.583583583583583448e-02 2.545301424624415176e+02
3.593593593593593510e-02 2.545332915642176204e+02
3.603603603603603572e-02 2.545364406659937799e+02
3.613613613613613634e-02 2.545395897677699111e+02
3.623623623623623696e-02 2.545427388695460138e+02
3.633633633633633758e-02 2.545458879713221734e+02
3.643643643643643820e-02 2.545490370730983045e+02
3.653653653653653882e-02 2.545521861748744072e+02
3.663663663663663944e-02 2.545553352766505384e+02
3.673673673673674006e-02 2.545584843784266411e+02
3.683683683683684068e-02 2.545616334802027723e+02
3.693693693693694130e-02 2.545647825819789318e+02
3.703703703703704192e-02 2.545679316837550630e+02
3.713713713713713560e-02 2.545710807855311657e+02
3.723723723723723622e-02 2.545742298873072684e+02
3.733733733733733684e-02 2.545773789890834280e+02
3.743743743743743746e-02 2.545805280908595591e+02
3.753753753753753808e-02 2.545836771926356903e+02
3.763763763763763870e-02 2.545868262944117930e+02
3.773773773773773932e-02 2.545899753961878957e+02
3.783783783783783994e-02 2.545931244979640837e+02
3.793793793793794056e-02 2.545962735997401865e+02
3.803803803803804118e-02 2.545994227015163176e+02
3.813813813813814180e-02 2.546025718032924203e+02
3.823823823823824242e-02 2.546057209050685515e+02
3.833833833833834304e-02 2.546088700068446826e+02
3.843843843843844366e-02 2.546120191086208138e+02
3.853853853853853734e-02 2.546151682103969449e+02
3.863863863863863796e-02 2.546183173121730761e+02
3.873873873873873858e-02 2.546214664139492356e+02
3.883883883883883920e-02 2.546246155157253384e+02
3.893893893893893982e-02 2.546277646175014411e+02
3.903903903903904044e-02 2.546309137192775722e+02
3.913913913913914105e-02 2.546340628210536750e+02
3.923923923923924167e-02 2.546372119228298345e+02
3.933933933933934229e-02 2.546403610246059372e+02
3.943943943943944291e-02 2.546435101263820684e+02
3.953953953953954353e-02 2.546466592281581995e+02
3.963963963963964415e-02 2.546498083299343591e+02
3.973973973973974477e-02 2.546529574317104903e+02
3.983983983983983845e-02 2.546561065334865930e+02
3.993993993993993907e-02 2.546592556352627241e+02
4.004004004004003969e-02 2.546624047370388269e+02
4.014014014014014031e-02 2.546655538388149580e+02
4.024024024024024093e-02 2.546687029405910891e+02
4.034034034034034155e-02 2.546718520423671919e+02
4.044044044044044217e-02 2.546750011441433799e+02
4.054054054054054279e-02 2.546781502459194826e+02
4.064064064064064341e-02 2.546812993476956137e+02
4.074074074074074403e-02 2.546844484494717449e+02
4.084084084084084465e-02 2.546875975512478192e+02
4.094094094094094527e-02 2.546907466530239788e+02
4.104104104104104589e-02 2.546938957548001099e+02
4.114114114114113957e-02 2.546970448565762410e+02
4.124124124124124019e-02 2.547001939583523438e+02
4.134134134134134081e-02 2.547033430601284749e+02
4.144144144144144143e-02 2.547064921619046629e+02
4.154154154154154205e-02 2.547096412636807372e+02
4.164164164164164267e-02 2.547127903654568684e+02
4.174174174174174329e-02 2.547159394672329995e+02
4.184184184184184391e-02 2.547190885690090738e+02
4.194194194194194453e-02 2.547222376707852334e+02
4.204204204204204515e-02 2.547253867725613645e+02
4.214214214214214577e-02 2.547285358743374957e+02
4.224224224224224639e-02 2.547316849761136268e+02
4.234234234234234701e-02 2.547348340778897864e+02
4.244244244244244763e-02 2.547379831796658891e+02
4.254254254254254131e-02 2.547411322814419918e+02
4.264264264264264193e-02 2.547442813832181230e+02
4.274274274274274255e-02 2.547474304849942541e+02
4.284284284284284317e-02 2.547505795867704137e+02
4.294294294294294378e-02 2.547537286885465448e+02
4.304304304304304440e-02 2.547568777903226476e+02
4.314314314314314502e-02 2.547600268920987503e+02
4.324324324324324564e-02 2.547631759938749099e+02
4.334334334334334626e-02 2.547663250956510410e+02
4.344344344344344688e-02 2.547694741974271437e+02
4.354354354354354750e-02 2.547726232992032465e+02
4.364364364364364812e-02 2.547757724009793776e+02
4.374374374374374874e-02 2.547789215027555372e+02
4.384384384384384242e-02 2.547820706045316683e+02
4.394394394394394304e-02 2.547852197063077995e+02
4.404404404404404366e-02 2.547883688080839022e+02
4.414414414414414428e-02 2.547915179098600333e+02
4.424424424424424490e-02 2.547946670116361645e+02
4.434434434434434552e-02 2.547978161134122956e+02
4.444444444444444614e-02 2.548009652151884268e+02
4.454454454454454676e-02 2.548041143169645011e+02
4.464464464464464738e-02 2.548072634187406607e+02
4.474474474474474800e-02 2.548104125205167918e+02
4.484484484484484862e-02 2.548135616222929229e+02
4.494494494494494924e-02 2.548167107240690257e+02
4.504504504504504986e-02 2.548198598258451852e+02
4.514514514514515048e-02 2.548230089276213164e+02
4.524524524524524416e-02 2.548261580293974191e+02
4.534534534534534478e-02 2.548293071311735503e+02
4.544544544544544540e-02 2.548324562329496814e+02
4.554554554554554602e-02 2.548356053347258410e+02
4.564564564564564664e-02 2.548387544365019437e+02
4.574574574574574726e-02 2.548419035382780464e+02
4.584584584584584788e-02 2.548450526400541776e+02
4.594594594594594850e-02 2.548482017418303087e+02
4.604604604604604912e-02 2.548513508436064399e+02
4.614614614614614974e-02 2.548544999453825994e+02
4.624624624624625036e-02 2.548576490471587022e+02
4.634634634634635098e-02 2.548607981489348049e+02
4.644644644644645159e-02 2.548639472507109645e+02
4.654654654654654528e-02 2.548670963524870956e+02
4.664664664664664590e-02 2.548702454542631983e+02
4.674674674674674651e-02 2.548733945560393011e+02
4.684684684684684713e-02 2.548765436578154322e+02
4.694694694694694775e-02 2.548796927595915918e+02
4.704704704704704837e-02 2.548828418613676945e+02
4.714714714714714899e-02 2.548859909631438541e+02
4.724724724724724961e-02 2.548891400649199568e+02
4.734734734734735023e-02 2.548922891666960879e+02
4.744744744744745085e-02 2.548954382684722191e+02
4.754754754754755147e-02 2.548985873702483502e+02
4.764764764764765209e-02 2.549017364720244530e+02
4.774774774774775271e-02 2.549048855738005841e+02
4.784784784784785333e-02 2.549080346755767152e+02
4.794794794794794701e-02 2.549111837773528464e+02
4.804804804804804763e-02 2.549143328791289775e+02
4.814814814814814825e-02 2.549174819809050803e+02
4.824824824824824887e-02 2.549206310826812398e+02
4.834834834834834949e-02 2.549237801844573710e+02
4.844844844844845011e-02 2.549269292862334737e+02
4.854854854854855073e-02 2.549300783880096049e+02
4.864864864864865135e-02 2.549332274897857360e+02
4.874874874874875197e-02 2.549363765915618671e+02
4.884884884884885259e-02 2.549395256933379699e+02
4.894894894894895321e-02 2.549426747951141010e+02
4.904904904904905383e-02 2.549458238968902322e+02
4.914914914914915445e-02 2.549489729986663633e+02
4.924924924924924813e-02 2.549521221004424945e+02
4.934934934934934875e-02 2.549552712022186256e+02
4.944944944944944937e-02 2.549584203039947568e+02
4.954954954954954999e-02 2.549615694057708595e+02
4.964964964964965061e-02 2.549647185075470190e+02
4.974974974974975123e-02 2.549678676093231218e+02
4.984984984984985185e-02 2.549710167110992529e+02
4.994994994994995247e-02 2.549741658128753556e+02
5.005005005005005309e-02 2.549773149146515152e+02
5.015015015015015371e-02 2.549800864994203948e+02
5.025025025025025432e-02 2.549825041386939404e+02
5.035035035035035494e-02 2.549849217779674575e+02
5.045045045045045556e-02 2.549873394172410030e+02
5.055055055055055618e-02 2.549897570565145770e+02
5.065065065065064986e-02 2.549921746957881226e+02
5.075075075075075048e-02 2.549945923350616681e+02
5.085085085085085110e-02 2.549970099743352137e+02
5.095095095095095172e-02 2.549994276136087308e+02
5.105105105105105234e-02 2.550018452528823047e+02
5.115115115115115296e-02 2.550042628921558219e+02
5.125125125125125358e-02 2.550066805314293674e+02
5.135135135135135420e-02 2.550090981707029130e+02
5.145145145145145482e-02 2.550115158099764869e+02
5.155155155155155544e-02 2.550139334492500041e+02
5.165165165165165606e-02 2.550163510885235780e+02
5.175175175175175668e-02 2.550187687277970952e+02
5.185185185185185730e-02 2.550211863670706691e+02
5.195195195195195098e-02 2.550236040063441862e+02
5.205205205205205160e-02 2.550260216456177318e+02
5.215215215215215222e-02 2.550284392848913058e+02
5.225225225225225284e-02 2.550308569241648513e+02
5.235235235235235346e-02 2.550332745634383684e+02
5.245245245245245408e-02 2.550356922027119424e+02
5.255255255255255470e-02 2.550381098419854595e+02
5.265265265265265532e-02 2.550405274812590335e+02
5.275275275275275594e-02 2.550429451205325506e+02
5.285285285285285656e-02 2.550453627598060962e+02
5.295295295295295718e-02 2.550477803990796133e+02
5.305305305305305780e-02 2.550501980383531873e+02
5.315315315315315842e-02 2.550526156776267044e+02
5.325325325325325904e-02 2.550550333169002784e+02
5.335335335335335272e-02 2.550574509561737955e+02
5.345345345345345334e-02 2.550598685954473694e+02
5.355355355355355396e-02 2.550622862347208866e+02
5.365365365365365458e-02 2.550647038739944605e+02
5.375375375375375520e-02 2.550671215132680345e+02
5.385385385385385582e-02 2.550695391525415516e+02
5.395395395395395644e-02 2.550719567918150688e+02
5.405405405405405705e-02 2.550743744310886427e+02
5.415415415415415767e-02 2.550767920703621598e+02
5.425425425425425829e-02 2.550792097096357054e+02
5.435435435435435891e-02 2.550816273489092509e+02
5.445445445445445953e-02 2.550840449881827965e+02
5.455455455455456015e-02 2.550864626274563420e+02
5.465465465465465383e-02 2.550888802667298876e+02
5.475475475475475445e-02 2.550912979060034331e+02
5.485485485485485507e-02 2.550937155452769787e+02
5.495495495495495569e-02 2.550961331845505242e+02
5.505505505505505631e-02 2.550985508238240982e+02
5.515515515515515693e-02 2.551009684630976153e+02
5.525525525525525755e-02 2.551033861023711609e+02
5.535535535535535817e-02 2.551058037416447348e+02
5.545545545545545879e-02 2.551082213809182520e+02
5.555555555555555941e-02 2.551106390201917975e+02
5.565565565565566003e-02 2.551130566594653146e+02
5.575575575575576065e-02 2.551154742987388886e+02
5.585585585585586127e-02 2.551178919380124057e+02
5.595595595595596189e-02 2.551203095772859797e+02
5.605605605605605557e-02 2.551227272165594968e+02
5.615615615615615619e-02 2.551251448558330708e+02
5.625625625625625681e-02 2.551275624951065879e+02
5.635635635635635743e-02 2.551299801343801619e+02
5.645645645645645805e-02 2.551323977736536790e+02
5.655655655655655867e-02 2.551348154129272530e+02
5.665665665665665929e-02 2.551372330522007701e+02
5.675675675675675991e-02 2.551396506914743441e+02
5.685685685685686053e-02 2.551420683307478612e+02
5.695695695695696115e-02 2.551444859700214352e+02
5.705705705705706177e-02 2.551469036092949523e+02
5.715715715715716239e-02 2.551493212485684978e+02
5.725725725725726301e-02 2.551517388878420434e+02
5.735735735735735669e-02 2.551541565271155889e+02
5.745745745745745731e-02 2.551565741663891345e+02
5.755755755755755793e-02 2.551589918056626800e+02
5.765765765765765855e-02 2.551614094449362256e+02
5.775775775775775916e-02 2.551638270842097711e+02
5.785785785785785978e-02 2.551662447234833166e+02
5.795795795795796040e-02 2.551686623627568622e+02
5.805805805805806102e-02 2.551710800020304077e+02
5.815815815815816164e-02 2.551734976413039533e+02
5.825825825825826226e-02 2.551759152805774988e+02
5.835835835835836288e-02 2.551783229858910431e+02
5.845845845845846350e-02 2.551804796428723989e+02
5.855855855855856412e-02 2.551826362998537547e+02
5.865865865865866474e-02 2.551847929568351105e+02
5.875875875875875842e-02 2.551869496138164379e+02
5.885885885885885904e-02 2.551891062707977937e+02
5.895895895895895966e-02 2.551912629277791780e+02
5.905905905905906028e-02 2.551934195847605054e+02
5.915915915915916090e-02 2.551955762417418612e+02
5.925925925925926152e-02 2.551977328987232170e+02
5.935935935935936214e-02 2.551998895557045728e+02
5.945945945945946276e-02 2.552020462126859002e+02
5.955955955955956338e-02 2.552042028696672560e+02
5.965965965965966400e-02 2.552063595266486118e+02
5.975975975975976462e-02 2.552085161836299676e+02
5.985985985985986524e-02 2.552106728406113234e+02
5.995995995995996586e-02 2.552128294975926792e+02
6.006006006006005954e-02 2.552149861545740066e+02
6.016016016016016016e-02 2.552171428115553624e+02
6.026026026026026078e-02 2.552192994685367182e+02
6.036036036036036140e-02 2.552214561255180740e+02
6.046046046046046202e-02 2.552236127824994298e+02
6.056056056056056264e-02 2.552257694394807856e+02
6.066066066066066326e-02 2.552279260964621130e+02
6.076076076076076388e-02 2.552300827534434688e+02
6.086086086086086450e-02 2.552322394104247962e+02
6.096096096096096512e-02 2.552343960674061520e+02
6.106106106106106574e-02 2.552365527243875079e+02
6.116116116116116636e-02 2.552386614210199696e+02
6.126126126126126697e-02 2.552407617404082316e+02
6.136136136136136759e-02 2.552428620597965221e+02
6.146146146146146128e-02 2.552449623791847557e+02
6.156156156156156189e-02 2.552470626985730178e+02
6.166166166166166251e-02 2.552491630179612798e+02
6.176176176176176313e-02 2.552512633373495703e+02
6.186186186186186375e-02 2.552533636567378039e+02
6.196196196196196437e-02 2.552554639761260376e+02
6.206206206206206499e-02 2.552575642955142996e+02
6.216216216216216561e-02 2.552596646149025617e+02
6.226226226226226623e-02 2.552617649342908521e+02
6.236236236236236685e-02 2.552638652536791142e+02
6.246246246246246747e-02 2.552659655730673762e+02
6.256256256256256809e-02 2.552680658924556383e+02
6.266266266266266871e-02 2.552701662118439003e+02
6.276276276276276933e-02 2.552722665312321624e+02
6.286286286286286995e-02 2.552743668506204244e+02
6.296296296296297057e-02 2.552764671700086865e+02
6.306306306306307119e-02 2.552785674893968917e+02
6.316316316316317181e-02 2.552806678087851537e+02
6.326326326326327243e-02 2.552827681281734158e+02
6.336336336336337305e-02 2.552848684475617347e+02
6.346346346346345979e-02 2.552869687669499967e+02
6.356356356356356041e-02 2.552890690863382019e+02
6.366366366366366103e-02 2.552911694057264640e+02
6.376376376376376165e-02 2.552932697251147260e+02
6.386386386386386227e-02 2.552953700445029881e+02
6.396396396396396289e-02 2.552974703638912501e+02
6.406406406406406351e-02 2.552995706832795122e+02
6.416416416416416413e-02 2.553016710026677458e+02
6.426426426426426475e-02 2.553037713220560363e+02
6.436436436436436537e-02 2.553058683465041838e+02
6.446446446446446599e-02 2.553079590916817665e+02
6.456456456456456661e-02 2.553100498368593492e+02
6.466466466466466723e-02 2.553121405820369603e+02
6.476476476476476785e-02 2.553142313272145714e+02
6.486486486486486847e-02 2.553163220723920972e+02
6.496496496496496909e-02 2.553184128175697083e+02
6.506506506506506970e-02 2.553205035627472910e+02
6.516516516516517032e-02 2.553225943079248736e+02
6.526526526526527094e-02 2.553246850531024563e+02
6.536536536536537156e-02 2.553267757982800390e+02
6.546546546546547218e-02 2.553288665434576501e+02
6.556556556556557280e-02 2.553309572886352612e+02
6.566566566566567342e-02 2.553330480338128154e+02
6.576576576576577404e-02 2.553351387789903981e+02
6.586586586586587466e-02 2.553372295241679808e+02
6.596596596596597528e-02 2.553393202693455635e+02
6.606606606606607590e-02 2.553410702578589451e+02
6.616616616616616264e-02 2.553426987413765517e+02
6.626626626626626326e-02 2.553442508872552708e+02
6.636636636636636388e-02 2.553457632500311831e+02
6.646646646646646450e-02 2.553472756128071239e+02
6.656656656656656512e-02 2.553487879755830363e+02
6.666666666666666574e-02 2.553503003383589771e+02
6.676676676676676636e-02 2.553518127011348895e+02
6.686686686686686698e-02 2.553533250639108587e+02
6.696696696696696760e-02 2.553548374266867995e+02
6.706706706706706822e-02 2.553563497894627403e+02
6.716716716716716884e-02 2.553578621522386243e+02
6.726726726726726946e-02 2.553592238032598516e+02
6.736736736736737008e-02 2.553604085946259090e+02
6.746746746746747070e-02 2.553615933859919664e+02
6.756756756756757132e-02 2.553627781773580523e+02
6.766766766766767194e-02 2.553639629687240813e+02
6.776776776776777256e-02 2.553651477600901387e+02
6.786786786786787318e-02 2.553663325514561961e+02
6.796796796796797380e-02 2.553675173428222820e+02
6.806806806806807442e-02 2.553687021341882541e+02
6.816816816816817504e-02 2.553698869255543684e+02
6.826826826826827566e-02 2.553710717169203974e+02
6.836836836836837628e-02 2.553722565082864548e+02
6.846846846846847690e-02 2.553734412996525123e+02
6.856856856856857751e-02 2.553746260910185697e+02
6.866866866866867813e-02 2.553758108823846271e+02
6.876876876876877875e-02 2.553769956737506845e+02
6.886886886886886550e-02 2.553781804651167135e+02
6.896896896896896612e-02 2.553793652564827994e+02
6.906906906906906674e-02 2.553805500478488284e+02
6.916916916916916735e-02 2.553817348392149142e+02
6.926926926926926797e-02 2.553829196305809432e+02
6.936936936936936859e-02 2.553841044219470007e+02
6.946946946946946921e-02 2.553852892133130865e+02
6.956956956956956983e-02 2.553864740046791439e+02
6.966966966966967045e-02 2.553876587960451729e+02
6.976976976976977107e-02 2.553888435874112588e+02
6.986986986986987169e-02 2.553900283787772878e+02
6.996996996996997231e-02 2.553912131701433736e+02
7.007007007007007293e-02 2.553923979615094026e+02
7.017017017017017355e-02 2.553935827528754601e+02
7.027027027027027417e-02 2.553947675442415175e+02
7.037037037037037479e-02 2.553959523356075749e+02
7.047047047047047541e-02 2.553971371269736608e+02
7.057057057057057603e-02 2.553983219183396898e+02
7.067067067067067665e-02 2.553995067097057472e+02
7.077077077077077727e-02 2.554006915010718330e+02
7.087087087087087789e-02 2.554018762924378620e+02
7.097097097097097851e-02 2.554030610838039195e+02
7.107107107107107913e-02 2.554042458751700053e+02
7.117117117117117975e-02 2.554054306665360343e+02
7.127127127127128037e-02 2.554066154579020917e+02
7.137137137137138099e-02 2.554077730469818164e+02
7.147147147147148161e-02 2.554089196001043547e+02
7.157157157157156835e-02 2.554100661532269214e+02
7.167167167167166897e-02 2.554112127063494313e+02
7.177177177177176959e-02 2.554123592594719696e+02
7.187187187187187021e-02 2.554135058125945363e+02
7.197197197197197083e-02 2.554146523657170746e+02
7.207207207207207145e-02 2.554157989188396130e+02
7.217217217217217207e-02 2.554169454719621513e+02
7.227227227227227269e-02 2.554180920250846896e+02
7.237237237237237331e-02 2.554192385782072279e+02
7.247247247247247393e-02 2.554203851313297662e+02
7.257257257257257455e-02 2.554215316844523045e+02
7.267267267267267516e-02 2.554226782375748712e+02
7.277277277277277578e-02 2.554238247906974095e+02
7.287287287287287640e-02 2.554249713438199763e+02
7.297297297297297702e-02 2.554261178969425146e+02
7.307307307307307764e-02 2.554272644500650529e+02
7.317317317317317826e-02 2.554284110031875912e+02
7.327327327327327888e-02 2.554295575563101295e+02
7.337337337337337950e-02 2.554307041094326962e+02
7.347347347347348012e-02 2.554318506625552345e+02
7.357357357357358074e-02 2.554329972156777728e+02
7.367367367367368136e-02 2.554341437688003111e+02
7.377377377377378198e-02 2.554352903219228494e+02
7.387387387387388260e-02 2.554364368750453593e+02
7.397397397397398322e-02 2.554375834281678976e+02
7.407407407407408384e-02 2.554387299812904644e+02
7.417417417417418446e-02 2.554398919353419330e+02
7.427427427427427120e-02 2.554410644633391883e+02
7.437437437437437182e-02 2.554422369913364150e+02
7.447447447447447244e-02 2.554434095193336418e+02
7.457457457457457306e-02 2.554445820473308686e+02
7.467467467467467368e-02 2.554457545753280954e+02
7.477477477477477430e-02 2.554469271033253222e+02
7.487487487487487492e-02 2.554480996313225774e+02
7.497497497497497554e-02 2.554492721593198041e+02
7.507507507507507616e-02 2.554504446873170309e+02
7.517517517517517678e-02 2.554516172153142577e+02
7.527527527527527740e-02 2.554527897433114845e+02
7.537537537537537802e-02 2.554539622713087113e+02
7.547547547547547864e-02 2.554551347993059380e+02
7.557557557557557926e-02 2.554563073273031932e+02
7.567567567567567988e-02 2.554574798553003916e+02
7.577577577577578050e-02 2.554586523832976184e+02
7.587587587587588112e-02 2.554598249112948452e+02
7.597597597597598174e-02 2.554609974392921004e+02
7.607607607607608236e-02 2.554621699672892987e+02
7.617617617617618297e-02 2.554633424952865255e+02
7.627627627627628359e-02 2.554645150232837807e+02
7.637637637637638421e-02 2.554656875512810075e+02
7.647647647647648483e-02 2.554668600792782627e+02
7.657657657657658545e-02 2.554680326072754610e+02
7.667667667667668607e-02 2.554692051352727162e+02
7.677677677677678669e-02 2.554703776632699146e+02
7.687687687687688731e-02 2.554715501912671698e+02
7.697697697697697405e-02 2.554727227192643966e+02
7.707707707707707467e-02 2.554738218823929401e+02
7.717717717717717529e-02 2.554748300670104868e+02
7.727727727727727591e-02 2.554758382516279767e+02
7.737737737737737653e-02 2.554768464362455234e+02
7.747747747747747715e-02 2.554778546208630416e+02
7.757757757757757777e-02 2.554788628054805315e+02
7.767767767767767839e-02 2.554798709900980782e+02
7.777777777777777901e-02 2.554808791747155681e+02
7.787787787787787963e-02 2.554818873593330864e+02
7.797797797797798025e-02 2.554828955439506331e+02
7.807807807807808087e-02 2.554839037285681229e+02
7.817817817817818149e-02 2.554849119131856412e+02
7.827827827827828211e-02 2.554856248569948036e+02
7.837837837837838273e-02 2.554861977390323489e+02
7.847847847847848335e-02 2.554867706210698657e+02
7.857857857857858397e-02 2.554873435031073541e+02
7.867867867867868459e-02 2.554878695738673002e+02
7.877877877877878521e-02 2.554883760714872949e+02
7.887887887887888583e-02 2.554888825691072896e+02
7.897897897897898645e-02 2.554893890667272558e+02
7.907907907907908707e-02 2.554898955643472505e+02
7.917917917917918769e-02 2.554904020619672451e+02
7.927927927927928831e-02 2.554909085595872398e+02
7.937937937937938893e-02 2.554914150572072344e+02
7.947947947947948955e-02 2.554919215548272007e+02
7.957957957957957629e-02 2.554924280524471953e+02
7.967967967967967691e-02 2.554929345500671616e+02
7.977977977977977753e-02 2.554934410476872131e+02
7.987987987987987815e-02 2.554939475453071793e+02
7.997997997997997877e-02 2.554944540429271740e+02
8.008008008008007939e-02 2.554949605405471402e+02
8.018018018018018001e-02 2.554954670381671349e+02
8.028028028028028062e-02 2.554959735357871011e+02
8.038038038038038124e-02 2.554964767912214541e+02
8.048048048048048186e-02 2.554969678169861993e+02
8.058058058058058248e-02 2.554974588427510014e+02
8.068068068068068310e-02 2.554979498685157751e+02
8.078078078078078372e-02 2.554984408942805771e+02
8.088088088088088434e-02 2.554989319200453792e+02
8.098098098098098496e-02 2.554994229458101245e+02
8.108108108108108558e-02 2.554999139715748697e+02
8.118118118118118620e-02 2.555004049973397002e+02
8.128128128128128682e-02 2.555008960231044739e+02
8.138138138138138744e-02 2.555013870488692476e+02
8.148148148148148806e-02 2.555018780746340212e+02
8.158158158158158868e-02 2.555023691003987949e+02
8.168168168168168930e-02 2.555028601261635970e+02
8.178178178178178992e-02 2.555033511519283707e+02
8.188188188188189054e-02 2.555038421776931443e+02
8.198198198198199116e-02 2.555043332034579180e+02
8.208208208208209178e-02 2.555048242292227201e+02
8.218218218218219240e-02 2.555053152549874653e+02
8.228228228228227914e-02 2.555058062807522674e+02
8.238238238238237976e-02 2.555062973065170127e+02
8.248248248248248038e-02 2.555067883322818147e+02
8.258258258258258100e-02 2.555072793580466168e+02
8.268268268268268162e-02 2.555077703838113621e+02
8.278278278278278224e-02 2.555082614095761642e+02
8.288288288288288286e-02 2.555087524353409378e+02
8.298298298298298348e-02 2.555092434611057115e+02
8.308308308308308410e-02 2.555097344868704567e+02
8.318318318318318472e-02 2.555102255126352588e+02
8.328328328328328534e-02 2.555107165384000609e+02
8.338338338338338596e-02 2.555112075641648630e+02
8.348348348348348658e-02 2.555116985899296367e+02
8.358358358358358720e-02 2.555121896156943535e+02
8.368368368368368782e-02 2.555126806414591840e+02
8.378378378378378843e-02 2.555131716672239577e+02
8.388388388388388905e-02 2.555136626929887314e+02
8.398398398398398967e-02 2.555141537187535334e+02
8.408408408408409029e-02 2.555146447445183071e+02
8.418418418418419091e-02 2.555151357702830808e+02
8.428428428428429153e-02 2.555156267960478544e+02
8.438438438438439215e-02 2.555161178218126281e+02
8.448448448448449277e-02 2.555166088475774018e+02
8.458458458458459339e-02 2.555170998733421754e+02
8.468468468468469401e-02 2.555175908991069491e+02
8.478478478478479463e-02 2.555180819248717512e+02
8.488488488488489525e-02 2.555185729506365533e+02
8.498498498498498199e-02 2.555190639764012985e+02
8.508508508508508261e-02 2.555195550021661006e+02
8.518518518518518323e-02 2.555200460279308743e+02
8.528528528528528385e-02 2.555205370536956480e+02
8.538538538538538447e-02 2.555210280794603932e+02
8.548548548548548509e-02 2.555215191052251953e+02
8.558558558558558571e-02 2.555220101309899690e+02
8.568568568568568633e-02 2.555225011567547426e+02
8.578578578578578695e-02 2.555229921825195447e+02
8.588588588588588757e-02 2.555234832082843184e+02
8.598598598598598819e-02 2.555239742340490920e+02
8.608608608608608881e-02 2.555244652598138941e+02
8.618618618618618943e-02 2.555249562855786394e+02
8.628628628628629005e-02 2.555254473113434130e+02
8.638638638638639067e-02 2.555259383371082436e+02
8.648648648648649129e-02 2.555264293628729888e+02
8.658658658658659191e-02 2.555269203886377909e+02
8.668668668668669253e-02 2.555274114144025646e+02
8.678678678678679315e-02 2.555279024401673382e+02
8.688688688688689377e-02 2.555283934659321119e+02
8.698698698698699439e-02 2.555288844916968856e+02
8.708708708708709501e-02 2.555293755174616592e+02
8.718718718718719562e-02 2.555298665432264329e+02
8.728728728728729624e-02 2.555303575689912350e+02
8.738738738738739686e-02 2.555308485947559802e+02
8.748748748748749748e-02 2.555313396205207823e+02
8.758758758758759810e-02 2.555318306462855844e+02
8.768768768768768485e-02 2.555323216720503297e+02
8.778778778778778547e-02 2.555328126978151317e+02
8.788788788788788608e-02 2.555333037235799338e+02
8.798798798798798670e-02 2.555337947493446791e+02
8.808808808808808732e-02 2.555342857751094812e+02
8.818818818818818794e-02 2.555347768008742548e+02
8.828828828828828856e-02 2.555352678266390285e+02
8.838838838838838918e-02 2.555357588524038022e+02
8.848848848848848980e-02 2.555362498781685758e+02
8.858858858858859042e-02 2.555367409039333495e+02
8.868868868868869104e-02 2.555372319296981232e+02
8.878878878878879166e-02 2.555377229554629253e+02
8.888888888888889228e-02 2.555382139812276705e+02
8.898898898898899290e-02 2.555387050069924726e+02
8.908908908908909352e-02 2.555391960327572747e+02
8.918918918918919414e-02 2.555396870585220199e+02
8.928928928928929476e-02 2.555401780842868220e+02
8.938938938938939538e-02 2.555406691100515673e+02
8.948948948948949600e-02 2.555411601358163693e+02
8.958958958958959662e-02 2.555410355884110345e+02
8.968968968968969724e-02 2.555408551453590462e+02
8.978978978978979786e-02 2.555406747023070011e+02
8.988988988988989848e-02 2.555404942592550128e+02
8.998998998998999910e-02 2.555403138162030245e+02
9.009009009009009972e-02 2.555401333731509794e+02
9.019019019019020034e-02 2.555399529300989627e+02
9.029029029029030096e-02 2.555397724870469460e+02
9.039039039039038770e-02 2.555395920439949577e+02
9.049049049049048832e-02 2.555394116009429410e+02
9.059059059059058894e-02 2.555392311578909244e+02
9.069069069069068956e-02 2.555390507148389361e+02
9.079079079079079018e-02 2.555388702717868910e+02
9.089089089089089080e-02 2.555386898287349027e+02
9.099099099099099142e-02 2.555385093856828576e+02
9.109109109109109204e-02 2.555383289426308693e+02
9.119119119119119266e-02 2.555381484995788526e+02
9.129129129129129328e-02 2.555379680565268359e+02
9.139139139139139389e-02 2.555377876134748476e+02
9.149149149149149451e-02 2.555376071704228309e+02
9.159159159159159513e-02 2.555374267273707858e+02
9.169169169169169575e-02 2.555372462843187691e+02
9.179179179179179637e-02 2.555370658412667808e+02
9.189189189189189699e-02 2.555368846598416610e+02
9.199199199199199761e-02 2.555367026793363721e+02
9.209209209209209823e-02 2.555365206988309978e+02
9.219219219219219885e-02 2.555363387183257089e+02
9.229229229229229947e-02 2.555361567378203631e+02
9.239239239239240009e-02 2.555359747573150457e+02
9.249249249249250071e-02 2.555357927768097284e+02
9.259259259259260133e-02 2.555356107963044110e+02
9.269269269269270195e-02 2.555354288157990936e+02
9.279279279279280257e-02 2.555352468352937763e+02
9.289289289289290319e-02 2.555350648547884589e+02
9.299299299299300381e-02 2.555348828742831415e+02
9.309309309309309055e-02 2.555347008937778241e+02
9.319319319319319117e-02 2.555345189132724784e+02
9.329329329329329179e-02 2.555343369327671610e+02
9.339339339339339241e-02 2.555341549522618152e+02
9.349349349349349303e-02 2.555339729717564978e+02
9.359359359359359365e-02 2.555337909912511805e+02
9.369369369369369427e-02 2.555336090107458631e+02
9.379379379379379489e-02 2.555334270302405457e+02
9.389389389389389551e-02 2.555332450497351999e+02
9.399399399399399613e-02 2.555330630692299110e+02
9.409409409409409675e-02 2.555328810887245368e+02
9.419419419419419737e-02 2.555326991082192478e+02
9.429429429429429799e-02 2.555325171277139304e+02
9.439439439439439861e-02 2.555323351472085847e+02
9.449449449449449923e-02 2.555321531667033241e+02
9.459459459459459985e-02 2.555319711861979499e+02
9.469469469469470047e-02 2.555317892056926325e+02
9.479479479479480108e-02 2.555316072251873152e+02
9.489489489489490170e-02 2.555314252446819978e+02
9.499499499499500232e-02 2.555312432641766520e+02
9.509509509509510294e-02 2.555310612836713631e+02
9.519519519519520356e-02 2.555308793031660457e+02
9.529529529529530418e-02 2.555306973226606999e+02
9.539539539539540480e-02 2.555305153421553541e+02
9.549549549549550542e-02 2.555303333616500367e+02
9.559559559559560604e-02 2.555301513811447478e+02
9.569569569569570666e-02 2.555299694006394020e+02
9.579579579579579340e-02 2.555297874201340846e+02
9.589589589589589402e-02 2.555296054396287673e+02
9.599599599599599464e-02 2.555294234591234499e+02
9.609609609609609526e-02 2.555292414786181325e+02
9.619619619619619588e-02 2.555290594981127867e+02
9.629629629629629650e-02 2.555288775176074694e+02
9.639639639639639712e-02 2.555286955371021520e+02
9.649649649649649774e-02 2.555285135565968062e+02
9.659659659659659836e-02 2.555283315760914888e+02
9.669669669669669898e-02 2.555281495955861999e+02
9.679679679679679960e-02 2.555279676150808541e+02
9.689689689689690022e-02 2.555277856345755367e+02
9.699699699699700084e-02 2.555276036540701909e+02
9.709709709709710146e-02 2.555274216735649020e+02
9.719719719719720208e-02 2.555272396930595846e+02
9.729729729729730270e-02 2.555270577125542673e+02
9.739739739739740332e-02 2.555268757320489499e+02
9.749749749749750394e-02 2.555266937515436325e+02
9.759759759759760456e-02 2.555265117710382867e+02
9.769769769769770518e-02 2.555263297905329694e+02
9.779779779779780580e-02 2.555261478100276520e+02
9.789789789789790642e-02 2.555259658295223062e+02
9.799799799799800704e-02 2.555257838490169888e+02
9.809809809809810766e-02 2.555256018685116999e+02
9.819819819819820828e-02 2.555254198880063541e+02
9.829829829829830889e-02 2.555252379075010367e+02
9.839839839839840951e-02 2.555250024286906410e+02
9.849849849849849626e-02 2.555247424955205133e+02
9.859859859859859688e-02 2.555244825623504425e+02
9.869869869869869750e-02 2.555242226291803433e+02
9.879879879879879812e-02 2.555239626960102441e+02
9.889889889889889873e-02 2.555237027628401449e+02
9.899899899899899935e-02 2.555234428296700742e+02
9.909909909909909997e-02 2.555231828964999750e+02
9.919919919919920059e-02 2.555229229633298758e+02
9.929929929929930121e-02 2.555226630301598050e+02
9.939939939939940183e-02 2.555224030969897058e+02
9.949949949949950245e-02 2.555221431638196066e+02
9.959959959959960307e-02 2.555218832306495358e+02
9.969969969969970369e-02 2.555216232974794366e+02
9.979979979979980431e-02 2.555213633643093374e+02
9.989989989989990493e-02 2.555211034311392382e+02
1.000000000000000056e-01 2.555208434979691390e+02
