LineProbe
number of points: 1000 (fixed)
point 0: [0.045 0.045 0.   ]
point 1: [0.045 0.045 0.1  ]
-----

# T 1000
0.000000000000000000e+00 2.531499999999999773e+02
1.001001001001001047e-04 2.531521838158781179e+02
2.002002002002002093e-04 2.531543676317562017e+02
3.003003003003003411e-04 2.531565514476342855e+02
4.004004004004004186e-04 2.531587352635123693e+02
5.005005005005004962e-04 2.531609190793904816e+02
6.006006006006006821e-04 2.531631028952685938e+02
7.007007007007007597e-04 2.531652867111466776e+02
8.008008008008008372e-04 2.531674705270247614e+02
9.009009009009009148e-04 2.531696543429029020e+02
1.001001001001000992e-03 2.531718381587809859e+02
1.101101101101101178e-03 2.531740219746590697e+02
1.201201201201201364e-03 2.531762057905371535e+02
1.301301301301301333e-03 2.531783896064152657e+02
1.401401401401401519e-03 2.531805734222933779e+02
1.501501501501501488e-03 2.531827572381714617e+02
1.601601601601601674e-03 2.531849410540495455e+02
1.701701701701701860e-03 2.531871248699276862e+02
1.801801801801801830e-03 2.531893086858057700e+02
1.901901901901902016e-03 2.531914925016838538e+02
2.002002002002001985e-03 2.531936732721212024e+02
2.102102102102102171e-03 2.531958529088917089e+02
2.202202202202202357e-03 2.531980325456622438e+02
2.302302302302302543e-03 2.532002121824327787e+02
2.402402402402402729e-03 2.532023918192032852e+02
2.502502502502502481e-03 2.532045714559738201e+02
2.602602602602602667e-03 2.532067510927442981e+02
2.702702702702702853e-03 2.532089307295148615e+02
2.802802802802803039e-03 2.532111103662853679e+02
2.902902902902903225e-03 2.532132900030559028e+02
3.003003003003002977e-03 2.532154696398264093e+02
3.103103103103103163e-03 2.532176492765969442e+02
3.203203203203203349e-03 2.532198289133674507e+02
3.303303303303303535e-03 2.532220085501380140e+02
3.403403403403403721e-03 2.532241881869084921e+02
3.503503503503503473e-03 2.532263678236790270e+02
3.603603603603603659e-03 2.532285474604495334e+02
3.703703703703703845e-03 2.532307270972200683e+02
3.803803803803804031e-03 2.532329067339906032e+02
3.903903903903904217e-03 2.532350863707611097e+02
4.004004004004003969e-03 2.532372660075316446e+02
4.104104104104104589e-03 2.532394456443021795e+02
4.204204204204204341e-03 2.532416252810726860e+02
4.304304304304304093e-03 2.532438049178432493e+02
4.404404404404404713e-03 2.532459845546137558e+02
4.504504504504504465e-03 2.532481641913842907e+02
4.604604604604605085e-03 2.532503438281547687e+02
4.704704704704704837e-03 2.532525234649253321e+02
4.804804804804805457e-03 2.532547031016958385e+02
4.904904904904905209e-03 2.532568827384663450e+02
5.005005005005004962e-03 2.532590623752368799e+02
5.105105105105105581e-03 2.532612420120074148e+02
5.205205205205205334e-03 2.532634216487779213e+02
5.305305305305305953e-03 2.532656012855484562e+02
5.405405405405405705e-03 2.532677809223189911e+02
5.505505505505505458e-03 2.532699605590894976e+02
5.605605605605606077e-03 2.532721401958600325e+02
5.705705705705705830e-03 2.532743198326305389e+02
5.805805805805806449e-03 2.532764994694010738e+02
5.905905905905906202e-03 2.532786791061715803e+02
6.006006006006005954e-03 2.532808587429421152e+02
6.106106106106106574e-03 2.532830308528823480e+02
6.206206206206206326e-03 2.532852020670086688e+02
6.306306306306306945e-03 2.532873732811349328e+02
6.406406406406406698e-03 2.532895444952611683e+02
6.506506506506506450e-03 2.532917157093874607e+02
6.606606606606607070e-03 2.532938869235137247e+02
6.706706706706706822e-03 2.532960581376399887e+02
6.806806806806807442e-03 2.532982293517662526e+02
6.906906906906907194e-03 2.533004005658925166e+02
7.007007007007006946e-03 2.533025717800187806e+02
7.107107107107107566e-03 2.533047429941450446e+02
7.207207207207207318e-03 2.533069142082713370e+02
7.307307307307307938e-03 2.533090854223976294e+02
7.407407407407407690e-03 2.533112566365238365e+02
7.507507507507507442e-03 2.533134278506501573e+02
7.607607607607608062e-03 2.533155990647763929e+02
7.707707707707707814e-03 2.533177702789026284e+02
7.807807807807808434e-03 2.533199414930289493e+02
7.907907907907909054e-03 2.533221127071552132e+02
8.008008008008007939e-03 2.533242839212814488e+02
8.108108108108108558e-03 2.533264551354077412e+02
8.208208208208209178e-03 2.533286263495340052e+02
8.308308308308308063e-03 2.533307975636602691e+02
8.408408408408408682e-03 2.533329687777865331e+02
8.508508508508509302e-03 2.533351399919127971e+02
8.608608608608608187e-03 2.533373112060390611e+02
8.708708708708708807e-03 2.533394824201653819e+02
8.808808808808809426e-03 2.533416536342916174e+02
8.908908908908910046e-03 2.533438248484179098e+02
9.009009009009008931e-03 2.533459960625441454e+02
9.109109109109109551e-03 2.533481672766703809e+02
9.209209209209210170e-03 2.533503384907966733e+02
9.309309309309309055e-03 2.533525097049229089e+02
9.409409409409409675e-03 2.533546809190492013e+02
9.509509509509510294e-03 2.533568521331754937e+02
9.609609609609610914e-03 2.533590233473017292e+02
9.709709709709709799e-03 2.533611945614280216e+02
9.809809809809810419e-03 2.533633657755543140e+02
9.909909909909911038e-03 2.533655369896805496e+02
1.001001001001000992e-02 2.533677082038068420e+02
1.011011011011011054e-02 2.533698794179331060e+02
1.021021021021021116e-02 2.533720506320593699e+02
1.031031031031031005e-02 2.533742218461856339e+02
1.041041041041041067e-02 2.533763930603118979e+02
1.051051051051051129e-02 2.533785642744381619e+02
1.061061061061061191e-02 2.533807354885644259e+02
1.071071071071071079e-02 2.533829067026907182e+02
1.081081081081081141e-02 2.533850495186852356e+02
1.091091091091091203e-02 2.533871436876352163e+02
1.101101101101101092e-02 2.533892378565851686e+02
1.111111111111111154e-02 2.533913320255351778e+02
1.121121121121121215e-02 2.533934261944851301e+02
1.131131131131131104e-02 2.533955203634351108e+02
1.141141141141141166e-02 2.533976145323850346e+02
1.151151151151151228e-02 2.533997087013350438e+02
1.161161161161161290e-02 2.534018028702849961e+02
1.171171171171171178e-02 2.534038970392349484e+02
1.181181181181181240e-02 2.534059912081849006e+02
1.191191191191191302e-02 2.534080853771349098e+02
1.201201201201201191e-02 2.534101795460848905e+02
1.211211211211211253e-02 2.534122879870561462e+02
1.221221221221221315e-02 2.534144269857705467e+02
1.231231231231231203e-02 2.534165659844849472e+02
1.241241241241241265e-02 2.534187049831993761e+02
1.251251251251251327e-02 2.534208439819138050e+02
1.261261261261261389e-02 2.534229829806281771e+02
1.271271271271271278e-02 2.534251219793426344e+02
1.281281281281281340e-02 2.534272609780570065e+02
1.291291291291291402e-02 2.534293999767714070e+02
1.301301301301301290e-02 2.534315389754858643e+02
1.311311311311311352e-02 2.534336779742002648e+02
1.321321321321321414e-02 2.534358169729146937e+02
1.331331331331331476e-02 2.534379559716290657e+02
1.341341341341341364e-02 2.534400949703434947e+02
1.351351351351351426e-02 2.534422339690578951e+02
1.361361361361361488e-02 2.534443729677723240e+02
1.371371371371371377e-02 2.534465133157614503e+02
1.381381381381381439e-02 2.534486539657229400e+02
1.391391391391391501e-02 2.534507946156844582e+02
1.401401401401401389e-02 2.534529352656459764e+02
1.411411411411411451e-02 2.534550759156074662e+02
1.421421421421421513e-02 2.534572165655689560e+02
1.431431431431431575e-02 2.534593572155304742e+02
1.441441441441441464e-02 2.534614978654919923e+02
1.451451451451451526e-02 2.534636385154535105e+02
1.461461461461461588e-02 2.534657791654150287e+02
1.471471471471471476e-02 2.534679198153765185e+02
1.481481481481481538e-02 2.534700604653380083e+02
1.491491491491491600e-02 2.534722011152995265e+02
1.501501501501501488e-02 2.534743417652610447e+02
1.511511511511511550e-02 2.534764824152225628e+02
1.521521521521521612e-02 2.534786230651840242e+02
1.531531531531531674e-02 2.534807637151455424e+02
1.541541541541541563e-02 2.534829043651070890e+02
1.551551551551551625e-02 2.534850450150685788e+02
1.561561561561561687e-02 2.534871856650300970e+02
1.571571571571571749e-02 2.534893263149916152e+02
1.581581581581581811e-02 2.534914669649530765e+02
1.591591591591591526e-02 2.534936076149145947e+02
1.601601601601601588e-02 2.534957482648761129e+02
1.611611611611611650e-02 2.534978889148376311e+02
1.621621621621621712e-02 2.535000295647990924e+02
1.631631631631631774e-02 2.535021702147606675e+02
1.641641641641641836e-02 2.535043108647221572e+02
1.651651651651651898e-02 2.535064515146836470e+02
1.661661661661661613e-02 2.535085921646451652e+02
1.671671671671671675e-02 2.535107328146066834e+02
1.681681681681681736e-02 2.535128734645681448e+02
1.691691691691691798e-02 2.535150141145296629e+02
1.701701701701701860e-02 2.535171547644912096e+02
1.711711711711711922e-02 2.535192954144526993e+02
1.721721721721721637e-02 2.535214360644141891e+02
1.731731731731731699e-02 2.535235767143757357e+02
1.741741741741741761e-02 2.535257173643371971e+02
1.751751751751751823e-02 2.535278580142987153e+02
1.761761761761761885e-02 2.535299986642602335e+02
1.771771771771771947e-02 2.535321393142217232e+02
1.781781781781782009e-02 2.535342799641832414e+02
1.791791791791791724e-02 2.535364206141447880e+02
1.801801801801801786e-02 2.535385612641062778e+02
1.811811811811811848e-02 2.535407019140677676e+02
1.821821821821821910e-02 2.535428425640292858e+02
1.831831831831831972e-02 2.535449832139908040e+02
1.841841841841842034e-02 2.535471238639522653e+02
1.851851851851852096e-02 2.535492645139137835e+02
1.861861861861861811e-02 2.535514051638753301e+02
1.871871871871871873e-02 2.535535458138368199e+02
1.881881881881881935e-02 2.535556864637983381e+02
1.891891891891891997e-02 2.535578271137597994e+02
1.901901901901902059e-02 2.535599677637213176e+02
1.911911911911912121e-02 2.535621084136828358e+02
1.921921921921922183e-02 2.535642490636443540e+02
1.931931931931931898e-02 2.535663897136058154e+02
1.941941941941941960e-02 2.535685303635673620e+02
1.951951951951952022e-02 2.535706710135288517e+02
1.961961961961962084e-02 2.535728116634903699e+02
1.971971971971972146e-02 2.535749523134519166e+02
1.981981981981982208e-02 2.535770929634134063e+02
1.991991991991991923e-02 2.535792336133748961e+02
2.002002002002001985e-02 2.535813742633364143e+02
2.012012012012012047e-02 2.535835149132979609e+02
2.022022022022022109e-02 2.535856555632593938e+02
2.032032032032032171e-02 2.535877962132209404e+02
2.042042042042042232e-02 2.535899368631824302e+02
2.052052052052052294e-02 2.535920775131439768e+02
2.062062062062062009e-02 2.535942181631054382e+02
2.072072072072072071e-02 2.535963588130669564e+02
2.082082082082082133e-02 2.535984994630284461e+02
2.092092092092092195e-02 2.536006401129899928e+02
2.102102102102102257e-02 2.536027807629514825e+02
2.112112112112112319e-02 2.536049214129129723e+02
2.122122122122122381e-02 2.536070620628744905e+02
2.132132132132132096e-02 2.536092027128360087e+02
2.142142142142142158e-02 2.536113433627975553e+02
2.152152152152152220e-02 2.536134840127589882e+02
2.162162162162162282e-02 2.536156246627205348e+02
2.172172172172172344e-02 2.536177653126820530e+02
2.182182182182182406e-02 2.536199059626435428e+02
2.192192192192192121e-02 2.536220466126050326e+02
2.202202202202202183e-02 2.536241872625665792e+02
2.212212212212212245e-02 2.536263279125280690e+02
2.222222222222222307e-02 2.536284685624895872e+02
2.232232232232232369e-02 2.536306092124510769e+02
2.242242242242242431e-02 2.536327498624125667e+02
2.252252252252252493e-02 2.536348905123741133e+02
2.262262262262262208e-02 2.536370311623356031e+02
2.272272272272272270e-02 2.536391718800192621e+02
2.282282282282282332e-02 2.536413127230436260e+02
2.292292292292292394e-02 2.536434535660680183e+02
2.302302302302302456e-02 2.536455944090924390e+02
2.312312312312312518e-02 2.536477458273837158e+02
2.322322322322322580e-02 2.536499078959589895e+02
2.332332332332332295e-02 2.536520107123976402e+02
2.342342342342342357e-02 2.536540655233628740e+02
2.352352352352352419e-02 2.536561203343281079e+02
2.362362362362362481e-02 2.536581751452933133e+02
2.372372372372372543e-02 2.536602299562585756e+02
2.382382382382382605e-02 2.536622847672237810e+02
2.392392392392392667e-02 2.536643395781890433e+02
2.402402402402402382e-02 2.536663943891542488e+02
2.412412412412412444e-02 2.536684492001194826e+02
2.422422422422422505e-02 2.536705040110847165e+02
2.432432432432432567e-02 2.536725588220499787e+02
2.442442442442442629e-02 2.536746136330152410e+02
2.452452452452452691e-02 2.536766684439804180e+02
2.462462462462462406e-02 2.536787232549456519e+02
2.472472472472472468e-02 2.536807780659108573e+02
2.482482482482482530e-02 2.536828328768761196e+02
2.492492492492492592e-02 2.536848876878413250e+02
2.502502502502502654e-02 2.536869424988065873e+02
2.512512512512512716e-02 2.536889973097717927e+02
2.522522522522522778e-02 2.536910521207370550e+02
2.532532532532532493e-02 2.536931069317022605e+02
2.542542542542542555e-02 2.536951617426674659e+02
2.552552552552552617e-02 2.536972165536327282e+02
2.562562562562562679e-02 2.536992713645979904e+02
2.572572572572572741e-02 2.537013261755632527e+02
2.582582582582582803e-02 2.537033809865284013e+02
2.592592592592592865e-02 2.537054357974936636e+02
2.602602602602602580e-02 2.537074906084588690e+02
2.612612612612612642e-02 2.537095454194241313e+02
2.622622622622622704e-02 2.537116002303893367e+02
2.632632632632632766e-02 2.537136550413545990e+02
2.642642642642642828e-02 2.537157098523198329e+02
2.652652652652652890e-02 2.537177646632850383e+02
2.662662662662662952e-02 2.537198194742503006e+02
2.672672672672672667e-02 2.537218742852155060e+02
2.682682682682682729e-02 2.537239290961807683e+02
2.692692692692692791e-02 2.537259839071460306e+02
2.702702702702702853e-02 2.537280387181112360e+02
2.712712712712712915e-02 2.537300935290764414e+02
2.722722722722722977e-02 2.537321483400416469e+02
2.732732732732732692e-02 2.537342031510068807e+02
2.742742742742742754e-02 2.537362579619721146e+02
2.752752752752752816e-02 2.537383127729373768e+02
2.762762762762762878e-02 2.537403675839026391e+02
2.772772772772772940e-02 2.537424223948678161e+02
2.782782782782783002e-02 2.537444772058330500e+02
2.792792792792793063e-02 2.537465320167982838e+02
2.802802802802802778e-02 2.537485868277635177e+02
2.812812812812812840e-02 2.537506416387287231e+02
2.822822822822822902e-02 2.537526964496940138e+02
2.832832832832832964e-02 2.537547512606592477e+02
2.842842842842843026e-02 2.537568060716244531e+02
2.852852852852853088e-02 2.537588608825896870e+02
2.862862862862863150e-02 2.537609156935549208e+02
2.872872872872872865e-02 2.537629705045201547e+02
2.882882882882882927e-02 2.537650253154853885e+02
2.892892892892892989e-02 2.537670801264506224e+02
2.902902902902903051e-02 2.537691349374158563e+02
2.912912912912913113e-02 2.537711897483810901e+02
2.922922922922923175e-02 2.537732445593462955e+02
2.932932932932933237e-02 2.537752993703115010e+02
2.942942942942942952e-02 2.537773541812767633e+02
2.952952952952953014e-02 2.537794089922419687e+02
2.962962962962963076e-02 2.537814638032072310e+02
2.972972972972973138e-02 2.537835186141724648e+02
2.982982982982983200e-02 2.537855734251376987e+02
2.992992992992993262e-02 2.537876282361029041e+02
3.003003003003002977e-02 2.537896830470681664e+02
3.013013013013013039e-02 2.537917378580333718e+02
3.023023023023023101e-02 2.537937926689986057e+02
3.033033033033033163e-02 2.537958474799638680e+02
3.043043043043043225e-02 2.537979022909291018e+02
3.053053053053053287e-02 2.537999571018943357e+02
3.063063063063063349e-02 2.538020119128595411e+02
3.073073073073073064e-02 2.538040667238247750e+02
3.083083083083083126e-02 2.538061215347900088e+02
3.093093093093093188e-02 2.538081763457552427e+02
3.103103103103103250e-02 2.538102311581962169e+02
3.113113113113113312e-02 2.538122860419315145e+02
3.123123123123123374e-02 2.538143409256668974e+02
3.133133133133133436e-02 2.538163958094022519e+02
3.143143143143143498e-02 2.538184506931375211e+02
3.153153153153153559e-02 2.538205055768729039e+02
3.163163163163163621e-02 2.538225604606082584e+02
3.173173173173172990e-02 2.538246153443436128e+02
3.183183183183183051e-02 2.538266702280789389e+02
3.193193193193193113e-02 2.538287251118142933e+02
3.203203203203203175e-02 2.538307799955496478e+02
3.213213213213213237e-02 2.538328348792849454e+02
3.223223223223223299e-02 2.538348897630203282e+02
3.233233233233233361e-02 2.538369446467556827e+02
3.243243243243243423e-02 2.538389995304910087e+02
3.253253253253253485e-02 2.538410544142263632e+02
3.263263263263263547e-02 2.538431092979616892e+02
3.273273273273273609e-02 2.538451641816970152e+02
3.283283283283283671e-02 2.538472190654323697e+02
3.293293293293293733e-02 2.538492739491676957e+02
3.303303303303303795e-02 2.538513288329030786e+02
3.313313313313313163e-02 2.538533837166384330e+02
3.323323323323323225e-02 2.538554386003737307e+02
3.333333333333333287e-02 2.538574934841090851e+02
3.343343343343343349e-02 2.538595483678444396e+02
3.353353353353353411e-02 2.538616032515797656e+02
3.363363363363363473e-02 2.538636581353151200e+02
3.373373373373373535e-02 2.538657130190504745e+02
3.383383383383383597e-02 2.538677679027858289e+02
3.393393393393393659e-02 2.538698227865211550e+02
3.403403403403403721e-02 2.538718776702564810e+02
3.413413413413413783e-02 2.538739325539918354e+02
3.423423423423423845e-02 2.538759874377271899e+02
3.433433433433433907e-02 2.538780423214625444e+02
3.443443443443443275e-02 2.538800972051978988e+02
3.453453453453453337e-02 2.538821520889332248e+02
3.463463463463463399e-02 2.538842069726685509e+02
3.473473473473473461e-02 2.538862668001714837e+02
3.483483483483483523e-02 2.538883286350728667e+02
3.493493493493493585e-02 2.538903904699742498e+02
3.503503503503503647e-02 2.538924523048756612e+02
3.513513513513513709e-02 2.538945128726032863e+02
3.523523523523523771e-02 2.538965725859573297e+02
3.533533533533533832e-02 2.538985644480331985e+02
3.543543543543543894e-02 2.539004085614344319e+02
3.553553553553553956e-02 2.539021699387095055e+02
3.563563563563564018e-02 2.539039313159845790e+02
3.573573573573574080e-02 2.539056926932597094e+02
3.583583583583583448e-02 2.539074540705347829e+02
3.593593593593593510e-02 2.539092154478098564e+02
3.603603603603603572e-02 2.539109768250849584e+02
3.613613613613613634e-02 2.539127382023600319e+02
3.623623623623623696e-02 2.539144995796351338e+02
3.633633633633633758e-02 2.539162609569102358e+02
3.643643643643643820e-02 2.539180223341853377e+02
3.653653653653653882e-02 2.539197837114604113e+02
3.663663663663663944e-02 2.539215450887355132e+02
3.673673673673674006e-02 2.539233064660105867e+02
3.683683683683684068e-02 2.539250678432856603e+02
3.693693693693694130e-02 2.539268292205607906e+02
3.703703703703704192e-02 2.539285905978358926e+02
3.713713713713713560e-02 2.539303519751109661e+02
3.723723723723723622e-02 2.539321133523860681e+02
3.733733733733733684e-02 2.539338747296611416e+02
3.743743743743743746e-02 2.539356361069362151e+02
3.753753753753753808e-02 2.539373974842113171e+02
3.763763763763763870e-02 2.539391588614864190e+02
3.773773773773773932e-02 2.539409202387615210e+02
3.783783783783783994e-02 2.539426816160365945e+02
3.793793793793794056e-02 2.539444429933116680e+02
3.803803803803804118e-02 2.539462043705867700e+02
3.813813813813814180e-02 2.539479657478618435e+02
3.823823823823824242e-02 2.539497271251369455e+02
3.833833833833834304e-02 2.539514885024120474e+02
3.843843843843844366e-02 2.539532498796871209e+02
3.853853853853853734e-02 2.539550112569621945e+02
3.863863863863863796e-02 2.539567726342372964e+02
3.873873873873873858e-02 2.539585340115123699e+02
3.883883883883883920e-02 2.539602953887874435e+02
3.893893893893893982e-02 2.539620567660625738e+02
3.903903903903904044e-02 2.539638181433376758e+02
3.913913913913914105e-02 2.539655795206127493e+02
3.923923923923924167e-02 2.539673408978878797e+02
3.933933933933934229e-02 2.539691022751629532e+02
3.943943943943944291e-02 2.539708636524380267e+02
3.953953953953954353e-02 2.539726250297131287e+02
3.963963963963964415e-02 2.539743864069882022e+02
3.973973973973974477e-02 2.539761477842632758e+02
3.983983983983983845e-02 2.539779091615384061e+02
3.993993993993993907e-02 2.539796705388134797e+02
4.004004004004003969e-02 2.539814319160885532e+02
4.014014014014014031e-02 2.539831932933636551e+02
4.024024024024024093e-02 2.539849546706387287e+02
4.034034034034034155e-02 2.539867160479138590e+02
4.044044044044044217e-02 2.539884774251889326e+02
4.054054054054054279e-02 2.539902388024640061e+02
4.064064064064064341e-02 2.539920001797390796e+02
4.074074074074074403e-02 2.539937615570142100e+02
4.084084084084084465e-02 2.539955229342892835e+02
4.094094094094094527e-02 2.539972843115643855e+02
4.104104104104104589e-02 2.539990456888394590e+02
4.114114114114113957e-02 2.540008070661145325e+02
4.124124124124124019e-02 2.540025684433896345e+02
4.134134134134134081e-02 2.540043298206647364e+02
4.144144144144144143e-02 2.540060911979398099e+02
4.154154154154154205e-02 2.540078525752149119e+02
4.164164164164164267e-02 2.540096139524899854e+02
4.174174174174174329e-02 2.540113753297650590e+02
4.184184184184184391e-02 2.540131367070401893e+02
4.194194194194194453e-02 2.540148980843152628e+02
4.204204204204204515e-02 2.540166594615903648e+02
4.214214214214214577e-02 2.540184208388654952e+02
4.224224224224224639e-02 2.540201822161405687e+02
4.234234234234234701e-02 2.540219435934156422e+02
4.244244244244244763e-02 2.540237049706907158e+02
4.254254254254254131e-02 2.540254663479657893e+02
4.264264264264264193e-02 2.540272277252409197e+02
4.274274274274274255e-02 2.540289891025160216e+02
4.284284284284284317e-02 2.540307504797910667e+02
4.294294294294294378e-02 2.540325118570661687e+02
4.304304304304304440e-02 2.540342732343412706e+02
4.314314314314314502e-02 2.540360346116163441e+02
4.324324324324324564e-02 2.540377959888914745e+02
4.334334334334334626e-02 2.540395573661665480e+02
4.344344344344344688e-02 2.540413187434416216e+02
4.354354354354354750e-02 2.540430801207166951e+02
4.364364364364364812e-02 2.540448414979917970e+02
4.374374374374374874e-02 2.540466028752668990e+02
4.384384384384384242e-02 2.540483642525420009e+02
4.394394394394394304e-02 2.540501256298170745e+02
4.404404404404404366e-02 2.540518870070921480e+02
4.414414414414414428e-02 2.540536483843672499e+02
4.424424424424424490e-02 2.540554097616423519e+02
4.434434434434434552e-02 2.540571711389174254e+02
4.444444444444444614e-02 2.540589325161925274e+02
4.454454454454454676e-02 2.540606938934676009e+02
4.464464464464464738e-02 2.540624552707427029e+02
4.474474474474474800e-02 2.540642166480177764e+02
4.484484484484484862e-02 2.540659780252928783e+02
4.494494494494494924e-02 2.540677394025679519e+02
4.504504504504504986e-02 2.540695007798430254e+02
4.514514514514515048e-02 2.540712621571181558e+02
4.524524524524524416e-02 2.540730235343932577e+02
4.534534534534534478e-02 2.540747849116683312e+02
4.544544544544544540e-02 2.540765462889434048e+02
4.554554554554554602e-02 2.540783076662184783e+02
4.564564564564564664e-02 2.540800690434935518e+02
4.574574574574574726e-02 2.540818304207686822e+02
4.584584584584584788e-02 2.540835917980437841e+02
4.594594594594594850e-02 2.540853531753188861e+02
4.604604604604604912e-02 2.540871145525939596e+02
4.614614614614614974e-02 2.540888759298690616e+02
4.624624624624625036e-02 2.540906373071441351e+02
4.634634634634635098e-02 2.540923986844192370e+02
4.644644644644645159e-02 2.540941600616943390e+02
4.654654654654654528e-02 2.540959214389694125e+02
4.664664664664664590e-02 2.540976828162445145e+02
4.674674674674674651e-02 2.540994441935195880e+02
4.684684684684684713e-02 2.541012055707946615e+02
4.694694694694694775e-02 2.541029669480697635e+02
4.704704704704704837e-02 2.541047283253448654e+02
4.714714714714714899e-02 2.541064897026199674e+02
4.724724724724724961e-02 2.541082510798950409e+02
4.734734734734735023e-02 2.541100124571701144e+02
4.744744744744745085e-02 2.541117738344451880e+02
4.754754754754755147e-02 2.541135352117203183e+02
4.764764764764765209e-02 2.541152965889954203e+02
4.774774774774775271e-02 2.541170579662704938e+02
4.784784784784785333e-02 2.541188193435455673e+02
4.794794794794794701e-02 2.541205807208206409e+02
4.804804804804804763e-02 2.541223420980957428e+02
4.814814814814814825e-02 2.541241034753708163e+02
4.824824824824824887e-02 2.541258648526459467e+02
4.834834834834834949e-02 2.541276262299210202e+02
4.844844844844845011e-02 2.541293876071960938e+02
4.854854854854855073e-02 2.541311489844711957e+02
4.864864864864865135e-02 2.541329103617462692e+02
4.874874874874875197e-02 2.541346717390213712e+02
4.884884884884885259e-02 2.541364331162965016e+02
4.894894894894895321e-02 2.541381944935715751e+02
4.904904904904905383e-02 2.541399558708466770e+02
4.914914914914915445e-02 2.541417172481217506e+02
4.924924924924924813e-02 2.541434786253968241e+02
4.934934934934934875e-02 2.541452400026719260e+02
4.944944944944944937e-02 2.541470013799470280e+02
4.954954954954954999e-02 2.541487627572221299e+02
4.964964964964965061e-02 2.541505241344972035e+02
4.974974974974975123e-02 2.541522855117722770e+02
4.984984984984985185e-02 2.541540468890473790e+02
4.994994994994995247e-02 2.541558082663224525e+02
5.005005005005005309e-02 2.541575696435975544e+02
5.015015015015015371e-02 2.541591230133658144e+02
5.025025025025025432e-02 2.541604813632577589e+02
5.035035035035035494e-02 2.541618397131497318e+02
5.045045045045045556e-02 2.541631980630417047e+02
5.055055055055055618e-02 2.541645564129336492e+02
5.065065065065064986e-02 2.541659147628256221e+02
5.075075075075075048e-02 2.541672731127175666e+02
5.085085085085085110e-02 2.541686314626095395e+02
5.095095095095095172e-02 2.541699898125014840e+02
5.105105105105105234e-02 2.541713481623934570e+02
5.115115115115115296e-02 2.541727065122854299e+02
5.125125125125125358e-02 2.541740648621773744e+02
5.135135135135135420e-02 2.541754232120693473e+02
5.145145145145145482e-02 2.541767815619612918e+02
5.155155155155155544e-02 2.541781399118532931e+02
5.165165165165165606e-02 2.541794982617452661e+02
5.175175175175175668e-02 2.541808566116371821e+02
5.185185185185185730e-02 2.541822149615291551e+02
5.195195195195195098e-02 2.541835733114211280e+02
5.205205205205205160e-02 2.541849316613131009e+02
5.215215215215215222e-02 2.541862900112050738e+02
5.225225225225225284e-02 2.541876483610969899e+02
5.235235235235235346e-02 2.541890067109889628e+02
5.245245245245245408e-02 2.541903650608809357e+02
5.255255255255255470e-02 2.541917234107729087e+02
5.265265265265265532e-02 2.541930817606648247e+02
5.275275275275275594e-02 2.541944401105567977e+02
5.285285285285285656e-02 2.541957984604487990e+02
5.295295295295295718e-02 2.541971568103407435e+02
5.305305305305305780e-02 2.541985151602327448e+02
5.315315315315315842e-02 2.541998735101247178e+02
5.325325325325325904e-02 2.542012318600166623e+02
5.335335335335335272e-02 2.542025902099086352e+02
5.345345345345345334e-02 2.542039485598005797e+02
5.355355355355355396e-02 2.542053069096925526e+02
5.365365365365365458e-02 2.542066652595844971e+02
5.375375375375375520e-02 2.542080236094764416e+02
5.385385385385385582e-02 2.542093819593683861e+02
5.395395395395395644e-02 2.542107403092603590e+02
5.405405405405405705e-02 2.542120986591523319e+02
5.415415415415415767e-02 2.542134570090442764e+02
5.425425425425425829e-02 2.542148153589362778e+02
5.435435435435435891e-02 2.542161737088282223e+02
5.445445445445445953e-02 2.542175320587201668e+02
5.455455455455456015e-02 2.542188904086121397e+02
5.465465465465465383e-02 2.542202487585041126e+02
5.475475475475475445e-02 2.542216071083960856e+02
5.485485485485485507e-02 2.542229654582880585e+02
5.495495495495495569e-02 2.542243238081800314e+02
5.505505505505505631e-02 2.542256821580720043e+02
5.515515515515515693e-02 2.542270405079639204e+02
5.525525525525525755e-02 2.542283988578558933e+02
5.535535535535535817e-02 2.542297572077478662e+02
5.545545545545545879e-02 2.542311155576397823e+02
5.555555555555555941e-02 2.542324739075317552e+02
5.565565565565566003e-02 2.542338322574237282e+02
5.575575575575576065e-02 2.542351906073157011e+02
5.585585585585586127e-02 2.542365489572076740e+02
5.595595595595596189e-02 2.542379073070996469e+02
5.605605605605605557e-02 2.542392656569915630e+02
5.615615615615615619e-02 2.542406240068835643e+02
5.625625625625625681e-02 2.542419823567755088e+02
5.635635635635635743e-02 2.542433407066674818e+02
5.645645645645645805e-02 2.542446990565594547e+02
5.655655655655655867e-02 2.542460574064513992e+02
5.665665665665665929e-02 2.542474157563433721e+02
5.675675675675675991e-02 2.542487741062353166e+02
5.685685685685686053e-02 2.542501324561272895e+02
5.695695695695696115e-02 2.542514908060192624e+02
5.705705705705706177e-02 2.542528491559112354e+02
5.715715715715716239e-02 2.542542075058031514e+02
5.725725725725726301e-02 2.542555658556951244e+02
5.735735735735735669e-02 2.542569242055870973e+02
5.745745745745745731e-02 2.542582825554790702e+02
5.755755755755755793e-02 2.542596409053710431e+02
5.765765765765765855e-02 2.542609992552629876e+02
5.775775775775775916e-02 2.542623576051549321e+02
5.785785785785785978e-02 2.542637159550469050e+02
5.795795795795796040e-02 2.542650743049388780e+02
5.805805805805806102e-02 2.542664326548308509e+02
5.815815815815816164e-02 2.542677910047227954e+02
5.825825825825826226e-02 2.542691493546147399e+02
5.835835835835836288e-02 2.542705025259013212e+02
5.845845845845846350e-02 2.542717248248816304e+02
5.855855855855856412e-02 2.542729471238619112e+02
5.865865865865866474e-02 2.542741694228422489e+02
5.875875875875875842e-02 2.542753917218225297e+02
5.885885885885885904e-02 2.542766140208028673e+02
5.895895895895895966e-02 2.542778363197831482e+02
5.905905905905906028e-02 2.542790586187634574e+02
5.915915915915916090e-02 2.542802809177437666e+02
5.925925925925926152e-02 2.542815032167240474e+02
5.935935935935936214e-02 2.542827255157043851e+02
5.945945945945946276e-02 2.542839478146846659e+02
5.955955955955956338e-02 2.542851701136649751e+02
5.965965965965966400e-02 2.542863924126452844e+02
5.975975975975976462e-02 2.542876147116256220e+02
5.985985985985986524e-02 2.542888370106059028e+02
5.995995995995996586e-02 2.542900593095861836e+02
6.006006006006005954e-02 2.542912816085665213e+02
6.016016016016016016e-02 2.542925039075468305e+02
6.026026026026026078e-02 2.542937262065271113e+02
6.036036036036036140e-02 2.542949485055074206e+02
6.046046046046046202e-02 2.542961708044877298e+02
6.056056056056056264e-02 2.542973931034680106e+02
6.066066066066066326e-02 2.542986154024483767e+02
6.076076076076076388e-02 2.542998377014286575e+02
6.086086086086086450e-02 2.543010600004089383e+02
6.096096096096096512e-02 2.543022822993892760e+02
6.106106106106106574e-02 2.543035045983695568e+02
6.116116116116116636e-02 2.543046966653083132e+02
6.126126126126126697e-02 2.543058834516099864e+02
6.136136136136136759e-02 2.543070702379116597e+02
6.146146146146146128e-02 2.543082570242133045e+02
6.156156156156156189e-02 2.543094438105150061e+02
6.166166166166166251e-02 2.543106305968166794e+02
6.176176176176176313e-02 2.543118173831183526e+02
6.186186186186186375e-02 2.543130041694200258e+02
6.196196196196196437e-02 2.543141909557217275e+02
6.206206206206206499e-02 2.543153777420233723e+02
6.216216216216216561e-02 2.543165645283251024e+02
6.226226226226226623e-02 2.543177513146267756e+02
6.236236236236236685e-02 2.543189381009284489e+02
6.246246246246246747e-02 2.543201248872301221e+02
6.256256256256256809e-02 2.543213116735318238e+02
6.266266266266266871e-02 2.543224984598334686e+02
6.276276276276276933e-02 2.543236852461351702e+02
6.286286286286286995e-02 2.543248720324368719e+02
6.296296296296297057e-02 2.543260588187384883e+02
6.306306306306307119e-02 2.543272456050401900e+02
6.316316316316317181e-02 2.543284323913418916e+02
6.326326326326327243e-02 2.543296191776435649e+02
6.336336336336337305e-02 2.543308059639452381e+02
6.346346346346345979e-02 2.543319927502469113e+02
6.356356356356356041e-02 2.543331795365486130e+02
6.366366366366366103e-02 2.543343663228502578e+02
6.376376376376376165e-02 2.543355531091519595e+02
6.386386386386386227e-02 2.543367398954536611e+02
6.396396396396396289e-02 2.543379266817553059e+02
6.406406406406406351e-02 2.543391134680570076e+02
6.416416416416416413e-02 2.543403002543586808e+02
6.426426426426426475e-02 2.543414870406603541e+02
6.436436436436436537e-02 2.543426681647271153e+02
6.446446446446446599e-02 2.543438384980954083e+02
6.456456456456456661e-02 2.543450088314636730e+02
6.466466466466466723e-02 2.543461791648319377e+02
6.476476476476476785e-02 2.543473494982002308e+02
6.486486486486486847e-02 2.543485198315685238e+02
6.496496496496496909e-02 2.543496901649367601e+02
6.506506506506506970e-02 2.543508604983050247e+02
6.516516516516517032e-02 2.543520308316733463e+02
6.526526526526527094e-02 2.543532011650415825e+02
6.536536536536537156e-02 2.543543714984098756e+02
6.546546546546547218e-02 2.543555418317781402e+02
6.556556556556557280e-02 2.543567121651464333e+02
6.566566566566567342e-02 2.543578824985147548e+02
6.576576576576577404e-02 2.543590528318830195e+02
6.586586586586587466e-02 2.543602231652512842e+02
6.596596596596597528e-02 2.543613934986195773e+02
6.606606606606607590e-02 2.543623684030738445e+02
6.616616616616616264e-02 2.543632736226419411e+02
6.626626626626626326e-02 2.543641349638447196e+02
6.636636636636636388e-02 2.543649734379855829e+02
6.646646646646646450e-02 2.543658119121264463e+02
6.656656656656656512e-02 2.543666503862672812e+02
6.666666666666666574e-02 2.543674888604081161e+02
6.676676676676676636e-02 2.543683273345490079e+02
6.686686686686686698e-02 2.543691658086898144e+02
6.696696696696696760e-02 2.543700042828306778e+02
6.706706706706706822e-02 2.543708427569715411e+02
6.716716716716716884e-02 2.543716812311123761e+02
6.726726726726726946e-02 2.543724323622282952e+02
6.736736736736737008e-02 2.543730809966458253e+02
6.746746746746747070e-02 2.543737296310633553e+02
6.756756756756757132e-02 2.543743782654808570e+02
6.766766766766767194e-02 2.543750268998983870e+02
6.776776776776777256e-02 2.543756755343159170e+02
6.786786786786787318e-02 2.543763241687334471e+02
6.796796796796797380e-02 2.543769728031509487e+02
6.806806806806807442e-02 2.543776214375684788e+02
6.816816816816817504e-02 2.543782700719860372e+02
6.826826826826827566e-02 2.543789187064035389e+02
6.836836836836837628e-02 2.543795673408210689e+02
6.846846846846847690e-02 2.543802159752385705e+02
6.856856856856857751e-02 2.543808646096560722e+02
6.866866866866867813e-02 2.543815132440736022e+02
6.876876876876877875e-02 2.543821618784911323e+02
6.886886886886886550e-02 2.543828105129086623e+02
6.896896896896896612e-02 2.543834591473262208e+02
6.906906906906906674e-02 2.543841077817437224e+02
6.916916916916916735e-02 2.543847564161612524e+02
6.926926926926926797e-02 2.543854050505787541e+02
6.936936936936936859e-02 2.543860536849962841e+02
6.946946946946946921e-02 2.543867023194138142e+02
6.956956956956956983e-02 2.543873509538313158e+02
6.966966966966967045e-02 2.543879995882488743e+02
6.976976976976977107e-02 2.543886482226663759e+02
6.986986986986987169e-02 2.543892968570839344e+02
6.996996996996997231e-02 2.543899454915014360e+02
7.007007007007007293e-02 2.543905941259189376e+02
7.017017017017017355e-02 2.543912427603364392e+02
7.027027027027027417e-02 2.543918913947539977e+02
7.037037037037037479e-02 2.543925400291714993e+02
7.047047047047047541e-02 2.543931886635890578e+02
7.057057057057057603e-02 2.543938372980065878e+02
7.067067067067067665e-02 2.543944859324240895e+02
7.077077077077077727e-02 2.543951345668416195e+02
7.087087087087087789e-02 2.543957832012591496e+02
7.097097097097097851e-02 2.543964318356766228e+02
7.107107107107107913e-02 2.543970804700941528e+02
7.117117117117117975e-02 2.543977291045116829e+02
7.127127127127128037e-02 2.543983777389292413e+02
7.137137137137138099e-02 2.543990059334164471e+02
7.147147147147148161e-02 2.543996258354317490e+02
7.157157157157156835e-02 2.544002457374470225e+02
7.167167167167166897e-02 2.544008656394622960e+02
7.177177177177176959e-02 2.544014855414775695e+02
7.187187187187187021e-02 2.544021054434928431e+02
7.197197197197197083e-02 2.544027253455081450e+02
7.207207207207207145e-02 2.544033452475234469e+02
7.217217217217217207e-02 2.544039651495387488e+02
7.227227227227227269e-02 2.544045850515540224e+02
7.237237237237237331e-02 2.544052049535692959e+02
7.247247247247247393e-02 2.544058248555845694e+02
7.257257257257257455e-02 2.544064447575998429e+02
7.267267267267267516e-02 2.544070646596151164e+02
7.277277277277277578e-02 2.544076845616304468e+02
7.287287287287287640e-02 2.544083044636457487e+02
7.297297297297297702e-02 2.544089243656610222e+02
7.307307307307307764e-02 2.544095442676763241e+02
7.317317317317317826e-02 2.544101641696915692e+02
7.327327327327327888e-02 2.544107840717068427e+02
7.337337337337337950e-02 2.544114039737221447e+02
7.347347347347348012e-02 2.544120238757374182e+02
7.357357357357358074e-02 2.544126437777527201e+02
7.367367367367368136e-02 2.544132636797680220e+02
7.377377377377378198e-02 2.544138835817832955e+02
7.387387387387388260e-02 2.544145034837985691e+02
7.397397397397398322e-02 2.544151233858138710e+02
7.407407407407408384e-02 2.544157432878291445e+02
7.417417417417418446e-02 2.544163717149911861e+02
7.427427427427427120e-02 2.544170059953352450e+02
7.437437437437437182e-02 2.544176402756792754e+02
7.447447447447447244e-02 2.544182745560233059e+02
7.457457457457457306e-02 2.544189088363673648e+02
7.467467467467467368e-02 2.544195431167113952e+02
7.477477477477477430e-02 2.544201773970554541e+02
7.487487487487487492e-02 2.544208116773994846e+02
7.497497497497497554e-02 2.544214459577435150e+02
7.507507507507507616e-02 2.544220802380875455e+02
7.517517517517517678e-02 2.544227145184315759e+02
7.527527527527527740e-02 2.544233487987756064e+02
7.537537537537537802e-02 2.544239830791196937e+02
7.547547547547547864e-02 2.544246173594636957e+02
7.557557557557557926e-02 2.544252516398077546e+02
7.567567567567567988e-02 2.544258859201517851e+02
7.577577577577578050e-02 2.544265202004958155e+02
7.587587587587588112e-02 2.544271544808398460e+02
7.597597597597598174e-02 2.544277887611838764e+02
7.607607607607608236e-02 2.544284230415279069e+02
7.617617617617618297e-02 2.544290573218719942e+02
7.627627627627628359e-02 2.544296916022159962e+02
7.637637637637638421e-02 2.544303258825600267e+02
7.647647647647648483e-02 2.544309601629040856e+02
7.657657657657658545e-02 2.544315944432481160e+02
7.667667667667668607e-02 2.544322287235921749e+02
7.677677677677678669e-02 2.544328630039361769e+02
7.687687687687688731e-02 2.544334972842802074e+02
7.697697697697697405e-02 2.544341315646242947e+02
7.707707707707707467e-02 2.544347256604283700e+02
7.717717717717717529e-02 2.544352699240760387e+02
7.727727727727727591e-02 2.544358141877237074e+02
7.737737737737737653e-02 2.544363584513713761e+02
7.747747747747747715e-02 2.544369027150190732e+02
7.757757757757757777e-02 2.544374469786667134e+02
7.767767767767767839e-02 2.544379912423144106e+02
7.777777777777777901e-02 2.544385355059620792e+02
7.787787787787787963e-02 2.544390797696097763e+02
7.797797797797798025e-02 2.544396240332574450e+02
7.807807807807808087e-02 2.544401682969051137e+02
7.817817817817818149e-02 2.544407125605528108e+02
7.827827827827828211e-02 2.544410734025090903e+02
7.837837837837838273e-02 2.544413472295056806e+02
7.847847847847848335e-02 2.544416210565022425e+02
7.857857857857858397e-02 2.544418948834988328e+02
7.867867867867868459e-02 2.544421373020435624e+02
7.877877877877878521e-02 2.544423665878122449e+02
7.887887887887888583e-02 2.544425958735809274e+02
7.897897897897898645e-02 2.544428251593496668e+02
7.907907907907908707e-02 2.544430544451183778e+02
7.917917917917918769e-02 2.544432837308870603e+02
7.927927927927928831e-02 2.544435130166557997e+02
7.937937937937938893e-02 2.544437423024244822e+02
7.947947947947948955e-02 2.544439715881931932e+02
7.957957957957957629e-02 2.544442008739619041e+02
7.967967967967967691e-02 2.544444301597306435e+02
7.977977977977977753e-02 2.544446594454993544e+02
7.987987987987987815e-02 2.544448887312680654e+02
7.997997997997997877e-02 2.544451180170367479e+02
8.008008008008007939e-02 2.544453473028054589e+02
8.018018018018018001e-02 2.544455765885741698e+02
8.028028028028028062e-02 2.544458058743428523e+02
8.038038038038038124e-02 2.544460331388154941e+02
8.048048048048048186e-02 2.544462527788686543e+02
8.058058058058058248e-02 2.544464724189218146e+02
8.068068068068068310e-02 2.544466920589749748e+02
8.078078078078078372e-02 2.544469116990281350e+02
8.088088088088088434e-02 2.544471313390813521e+02
8.098098098098098496e-02 2.544473509791345123e+02
8.108108108108108558e-02 2.544475706191876725e+02
8.118118118118118620e-02 2.544477902592408896e+02
8.128128128128128682e-02 2.544480098992940498e+02
8.138138138138138744e-02 2.544482295393472100e+02
8.148148148148148806e-02 2.544484491794003702e+02
8.158158158158158868e-02 2.544486688194535304e+02
8.168168168168168930e-02 2.544488884595067475e+02
8.178178178178178992e-02 2.544491080995598793e+02
8.188188188188189054e-02 2.544493277396130679e+02
8.198198198198199116e-02 2.544495473796662850e+02
8.208208208208209178e-02 2.544497670197193884e+02
8.218218218218219240e-02 2.544499866597726054e+02
8.228228228228227914e-02 2.544502062998257657e+02
8.238238238238237976e-02 2.544504259398789827e+02
8.248248248248248038e-02 2.544506455799320861e+02
8.258258258258258100e-02 2.544508652199853032e+02
8.268268268268268162e-02 2.544510848600384634e+02
8.278278278278278224e-02 2.544513045000916236e+02
8.288288288288288286e-02 2.544515241401447838e+02
8.298298298298298348e-02 2.544517437801980009e+02
8.308308308308308410e-02 2.544519634202511611e+02
8.318318318318318472e-02 2.544521830603043213e+02
8.328328328328328534e-02 2.544524027003574815e+02
8.338338338338338596e-02 2.544526223404106986e+02
8.348348348348348658e-02 2.544528419804638588e+02
8.358358358358358720e-02 2.544530616205170190e+02
8.368368368368368782e-02 2.544532812605701793e+02
8.378378378378378843e-02 2.544535009006233395e+02
8.388388388388388905e-02 2.544537205406765565e+02
8.398398398398398967e-02 2.544539401807297168e+02
8.408408408408409029e-02 2.544541598207828770e+02
8.418418418418419091e-02 2.544543794608360940e+02
8.428428428428429153e-02 2.544545991008892543e+02
8.438438438438439215e-02 2.544548187409424145e+02
8.448448448448449277e-02 2.544550383809955747e+02
8.458458458458459339e-02 2.544552580210487918e+02
8.468468468468469401e-02 2.544554776611018951e+02
8.478478478478479463e-02 2.544556973011551122e+02
8.488488488488489525e-02 2.544559169412082724e+02
8.498498498498498199e-02 2.544561365812614326e+02
8.508508508508508261e-02 2.544563562213145929e+02
8.518518518518518323e-02 2.544565758613678099e+02
8.528528528528528385e-02 2.544567955014209701e+02
8.538538538538538447e-02 2.544570151414741304e+02
8.548548548548548509e-02 2.544572347815272906e+02
8.558558558558558571e-02 2.544574544215805076e+02
8.568568568568568633e-02 2.544576740616336679e+02
8.578578578578578695e-02 2.544578937016868281e+02
8.588588588588588757e-02 2.544581133417399883e+02
8.598598598598598819e-02 2.544583329817932054e+02
8.608608608608608881e-02 2.544585526218463656e+02
8.618618618618618943e-02 2.544587722618995258e+02
8.628628628628629005e-02 2.544589919019526860e+02
8.638638638638639067e-02 2.544592115420059031e+02
8.648648648648649129e-02 2.544594311820590633e+02
8.658658658658659191e-02 2.544596508221122235e+02
8.668668668668669253e-02 2.544598704621653837e+02
8.678678678678679315e-02 2.544600901022186008e+02
8.688688688688689377e-02 2.544603097422717610e+02
8.698698698698699439e-02 2.544605293823249212e+02
8.708708708708709501e-02 2.544607490223780815e+02
8.718718718718719562e-02 2.544609686624312985e+02
8.728728728728729624e-02 2.544611883024844587e+02
8.738738738738739686e-02 2.544614079425376190e+02
8.748748748748749748e-02 2.544616275825907792e+02
8.758758758758759810e-02 2.544618472226439962e+02
8.768768768768768485e-02 2.544620668626971565e+02
8.778778778778778547e-02 2.544622865027503167e+02
8.788788788788788608e-02 2.544625061428034769e+02
8.798798798798798670e-02 2.544627257828566371e+02
8.808808808808808732e-02 2.544629454229098542e+02
8.818818818818818794e-02 2.544631650629630144e+02
8.828828828828828856e-02 2.544633847030161746e+02
8.838838838838838918e-02 2.544636043430693348e+02
8.848848848848848980e-02 2.544638239831224951e+02
8.858858858858859042e-02 2.544640436231757121e+02
8.868868868868869104e-02 2.544642632632288723e+02
8.878878878878879166e-02 2.544644829032820326e+02
8.888888888888889228e-02 2.544647025433351928e+02
8.898898898898899290e-02 2.544649221833884098e+02
8.908908908908909352e-02 2.544651418234415701e+02
8.918918918918919414e-02 2.544653614634947303e+02
8.928928928928929476e-02 2.544655811035479189e+02
8.938938938938939538e-02 2.544658007436010791e+02
8.948948948948949600e-02 2.544660203836542394e+02
8.958958958958959662e-02 2.544658530652914123e+02
8.968968968968969724e-02 2.544656506100967874e+02
8.978978978978979786e-02 2.544654481549021625e+02
8.988988988988989848e-02 2.544652456997075944e+02
8.998998998998999910e-02 2.544650432445129695e+02
9.009009009009009972e-02 2.544648407893183730e+02
9.019019019019020034e-02 2.544646383341237765e+02
9.029029029029030096e-02 2.544644358789291800e+02
9.039039039039038770e-02 2.544642334237345835e+02
9.049049049049048832e-02 2.544640309685399870e+02
9.059059059059058894e-02 2.544638285133453905e+02
9.069069069069068956e-02 2.544636260581507941e+02
9.079079079079079018e-02 2.544634236029561976e+02
9.089089089089089080e-02 2.544632211477616011e+02
9.099099099099099142e-02 2.544630186925670046e+02
9.109109109109109204e-02 2.544628162373723796e+02
9.119119119119119266e-02 2.544626137821778116e+02
9.129129129129129328e-02 2.544624113269831867e+02
9.139139139139139389e-02 2.544622088717885902e+02
9.149149149149149451e-02 2.544620064165939652e+02
9.159159159159159513e-02 2.544618039613993972e+02
9.169169169169169575e-02 2.544616015062047722e+02
9.179179179179179637e-02 2.544613990510101758e+02
9.189189189189189699e-02 2.544611952332580813e+02
9.199199199199199761e-02 2.544609899409225022e+02
9.209209209209209823e-02 2.544607846485869800e+02
9.219219219219219885e-02 2.544605793562514577e+02
9.229229229229229947e-02 2.544603740639159071e+02
9.239239239239240009e-02 2.544601687715803564e+02
9.249249249249250071e-02 2.544599634792448342e+02
9.259259259259260133e-02 2.544597581869092551e+02
9.269269269269270195e-02 2.544595528945737613e+02
9.279279279279280257e-02 2.544593476022382106e+02
9.289289289289290319e-02 2.544591423099026883e+02
9.299299299299300381e-02 2.544589370175671661e+02
9.309309309309309055e-02 2.544587317252315870e+02
9.319319319319319117e-02 2.544585264328960648e+02
9.329329329329329179e-02 2.544583211405605425e+02
9.339339339339339241e-02 2.544581158482249634e+02
9.349349349349349303e-02 2.544579105558894412e+02
9.359359359359359365e-02 2.544577052635539189e+02
9.369369369369369427e-02 2.544574999712183683e+02
9.379379379379379489e-02 2.544572946788828176e+02
9.389389389389389551e-02 2.544570893865472954e+02
9.399399399399399613e-02 2.544568840942117731e+02
9.409409409409409675e-02 2.544566788018761940e+02
9.419419419419419737e-02 2.544564735095406718e+02
9.429429429429429799e-02 2.544562682172051495e+02
9.439439439439439861e-02 2.544560629248696273e+02
9.449449449449449923e-02 2.544558576325340482e+02
9.459459459459459985e-02 2.544556523401985260e+02
9.469469469469470047e-02 2.544554470478629753e+02
9.479479479479480108e-02 2.544552417555274531e+02
9.489489489489490170e-02 2.544550364631919024e+02
9.499499499499500232e-02 2.544548311708563801e+02
9.509509509509510294e-02 2.544546258785208579e+02
9.519519519519520356e-02 2.544544205861853072e+02
9.529529529529530418e-02 2.544542152938497566e+02
9.539539539539540480e-02 2.544540100015142059e+02
9.549549549549550542e-02 2.544538047091786552e+02
9.559559559559560604e-02 2.544535994168431330e+02
9.569569569569570666e-02 2.544533941245076107e+02
9.579579579579579340e-02 2.544531888321720601e+02
9.589589589589589402e-02 2.544529835398365378e+02
9.599599599599599464e-02 2.544527782475009872e+02
9.609609609609609526e-02 2.544525729551654649e+02
9.619619619619619588e-02 2.544523676628299143e+02
9.629629629629629650e-02 2.544521623704943636e+02
9.639639639639639712e-02 2.544519570781588413e+02
9.649649649649649774e-02 2.544517517858232623e+02
9.659659659659659836e-02 2.544515464934877400e+02
9.669669669669669898e-02 2.544513412011522462e+02
9.679679679679679960e-02 2.544511359088166671e+02
9.689689689689690022e-02 2.544509306164811449e+02
9.699699699699700084e-02 2.544507253241456226e+02
9.709709709709710146e-02 2.544505200318100719e+02
9.719719719719720208e-02 2.544503147394745497e+02
9.729729729729730270e-02 2.544501094471389706e+02
9.739739739739740332e-02 2.544499041548034484e+02
9.749749749749750394e-02 2.544496988624679261e+02
9.759759759759760456e-02 2.544494935701323470e+02
9.769769769769770518e-02 2.544492882777968532e+02
9.779779779779780580e-02 2.544490829854613025e+02
9.789789789789790642e-02 2.544488776931257519e+02
9.799799799799800704e-02 2.544486724007902012e+02
9.809809809809810766e-02 2.544484671084546790e+02
9.819819819819820828e-02 2.544482618161191567e+02
9.829829829829830889e-02 2.544480565237836061e+02
9.839839839839840951e-02 2.544478174871985630e+02
9.849849849849849626e-02 2.544475630259376544e+02
9.859859859859859688e-02 2.544473085646767458e+02
9.869869869869869750e-02 2.544470541034158373e+02
9.879879879879879812e-02 2.544467996421549003e+02
9.889889889889889873e-02 2.544465451808940202e+02
9.899899899899899935e-02 2.544462907196331116e+02
9.909909909909909997e-02 2.544460362583722031e+02
9.919919919919920059e-02 2.544457817971112661e+02
9.929929929929930121e-02 2.544455273358503575e+02
9.939939939939940183e-02 2.544452728745894490e+02
9.949949949949950245e-02 2.544450184133285404e+02
9.959959959959960307e-02 2.544447639520676603e+02
9.969969969969970369e-02 2.544445094908067233e+02
9.979979979979980431e-02 2.544442550295458148e+02
9.989989989989990493e-02 2.544440005682849062e+02
1.000000000000000056e-01 2.544437461070240261e+02
