LineProbe
number of points: 1000 (fixed)
point 0: [0.045 0.045 0.   ]
point 1: [0.045 0.045 0.1  ]
-----

# T 1000
0.000000000000000000e+00 2.531499999999999773e+02
1.001001001001001047e-04 2.531512463050571000e+02
2.002002002002002093e-04 2.531524926101141943e+02
3.003003003003003411e-04 2.531537389151712603e+02
4.004004004004004186e-04 2.531549852202283262e+02
5.005005005005004962e-04 2.531562315252854489e+02
6.006006006006006821e-04 2.531574778303425433e+02
7.007007007007007597e-04 2.531587241353996092e+02
8.008008008008008372e-04 2.531599704404567035e+02
9.009009009009009148e-04 2.531612167455138263e+02
1.001001001001000992e-03 2.531624630505708922e+02
1.101101101101101178e-03 2.531637093556279865e+02
1.201201201201201364e-03 2.531649556606850524e+02
1.301301301301301333e-03 2.531662019657421467e+02
1.401401401401401519e-03 2.531674482707992695e+02
1.501501501501501488e-03 2.531686945758563070e+02
1.601601601601601674e-03 2.531699408809133729e+02
1.701701701701701860e-03 2.531711871859705241e+02
1.801801801801801830e-03 2.531724334910275900e+02
1.901901901901902016e-03 2.531736797960846843e+02
2.002002002002001985e-03 2.531749250460832741e+02
2.102102102102102171e-03 2.531761699033358468e+02
2.202202202202202357e-03 2.531774147605884764e+02
2.302302302302302543e-03 2.531786596178410491e+02
2.402402402402402729e-03 2.531799044750936218e+02
2.502502502502502481e-03 2.531811493323461946e+02
2.602602602602602667e-03 2.531823941895987673e+02
2.702702702702702853e-03 2.531836390468513400e+02
2.802802802802803039e-03 2.531848839041039128e+02
2.902902902902903225e-03 2.531861287613564855e+02
3.003003003003002977e-03 2.531873736186090582e+02
3.103103103103103163e-03 2.531886184758616309e+02
3.203203203203203349e-03 2.531898633331142037e+02
3.303303303303303535e-03 2.531911081903667764e+02
3.403403403403403721e-03 2.531923530476193775e+02
3.503503503503503473e-03 2.531935979048719787e+02
3.603603603603603659e-03 2.531948427621245514e+02
3.703703703703703845e-03 2.531960876193770957e+02
3.803803803803804031e-03 2.531973324766296969e+02
3.903903903903904217e-03 2.531985773338822696e+02
4.004004004004003969e-03 2.531998221911348423e+02
4.104104104104104589e-03 2.532010670483874435e+02
4.204204204204204341e-03 2.532023119056399878e+02
4.304304304304304093e-03 2.532035567628925889e+02
4.404404404404404713e-03 2.532048016201451901e+02
4.504504504504504465e-03 2.532060464773977344e+02
4.604604604604605085e-03 2.532072913346503356e+02
4.704704704704704837e-03 2.532085361919029083e+02
4.804804804804805457e-03 2.532097810491554810e+02
4.904904904904905209e-03 2.532110259064080537e+02
5.005005005005004962e-03 2.532122707636606265e+02
5.105105105105105581e-03 2.532135156209132276e+02
5.205205205205205334e-03 2.532147604781658004e+02
5.305305305305305953e-03 2.532160053354183731e+02
5.405405405405405705e-03 2.532172501926709458e+02
5.505505505505505458e-03 2.532184950499235470e+02
5.605605605605606077e-03 2.532197399071760913e+02
5.705705705705705830e-03 2.532209847644286924e+02
5.805805805805806449e-03 2.532222296216812367e+02
5.905905905905906202e-03 2.532234744789338379e+02
6.006006006006005954e-03 2.532247193361863822e+02
6.106106106106106574e-03 2.532259601458520990e+02
6.206206206206206326e-03 2.532272004737897362e+02
6.306306306306306945e-03 2.532284408017274302e+02
6.406406406406406698e-03 2.532296811296650105e+02
6.506506506506506450e-03 2.532309214576026761e+02
6.606606606606607070e-03 2.532321617855403701e+02
6.706706706706706822e-03 2.532334021134779505e+02
6.806806806806807442e-03 2.532346424414156445e+02
6.906906906906907194e-03 2.532358827693532817e+02
7.007007007007006946e-03 2.532371230972909188e+02
7.107107107107107566e-03 2.532383634252286129e+02
7.207207207207207318e-03 2.532396037531662500e+02
7.307307307307307938e-03 2.532408440811038872e+02
7.407407407407407690e-03 2.532420844090415244e+02
7.507507507507507442e-03 2.532433247369792184e+02
7.607607607607608062e-03 2.532445650649168556e+02
7.707707707707707814e-03 2.532458053928544928e+02
7.807807807807808434e-03 2.532470457207921299e+02
7.907907907907909054e-03 2.532482860487298240e+02
8.008008008008007939e-03 2.532495263766674043e+02
8.108108108108108558e-03 2.532507667046050983e+02
8.208208208208209178e-03 2.532520070325427639e+02
8.308308308308308063e-03 2.532532473604804011e+02
8.408408408408408682e-03 2.532544876884180667e+02
8.508508508508509302e-03 2.532557280163557039e+02
8.608608608608608187e-03 2.532569683442933410e+02
8.708708708708708807e-03 2.532582086722310066e+02
8.808808808808809426e-03 2.532594490001686154e+02
8.908908908908910046e-03 2.532606893281063378e+02
9.009009009009008931e-03 2.532619296560439466e+02
9.109109109109109551e-03 2.532631699839816122e+02
9.209209209209210170e-03 2.532644103119192778e+02
9.309309309309309055e-03 2.532656506398569149e+02
9.409409409409409675e-03 2.532668909677945521e+02
9.509509509509510294e-03 2.532681312957322177e+02
9.609609609609610914e-03 2.532693716236698265e+02
9.709709709709709799e-03 2.532706119516074921e+02
9.809809809809810419e-03 2.532718522795452145e+02
9.909909909909911038e-03 2.532730926074828517e+02
1.001001001001000992e-02 2.532743329354204889e+02
1.011011011011011054e-02 2.532755732633581260e+02
1.021021021021021116e-02 2.532768135912957632e+02
1.031031031031031005e-02 2.532780539192334004e+02
1.041041041041041067e-02 2.532792942471710660e+02
1.051051051051051129e-02 2.532805345751087316e+02
1.061061061061061191e-02 2.532817749030463688e+02
1.071071071071071079e-02 2.532830152309840059e+02
1.081081081081081141e-02 2.532842401014377174e+02
1.091091091091091203e-02 2.532854384926524745e+02
1.101101101101101092e-02 2.532866368838672884e+02
1.111111111111111154e-02 2.532878352750821307e+02
1.121121121121121215e-02 2.532890336662969162e+02
1.131131131131131104e-02 2.532902320575117301e+02
1.141141141141141166e-02 2.532914304487265156e+02
1.151151151151151228e-02 2.532926288399413579e+02
1.161161161161161290e-02 2.532938272311561718e+02
1.171171171171171178e-02 2.532950256223709573e+02
1.181181181181181240e-02 2.532962240135857428e+02
1.191191191191191302e-02 2.532974224048005851e+02
1.201201201201201191e-02 2.532986207960153706e+02
1.211211211211211253e-02 2.532998263329647557e+02
1.221221221221221315e-02 2.533010471696055106e+02
1.231231231231231203e-02 2.533022680062462371e+02
1.241241241241241265e-02 2.533034888428869920e+02
1.251251251251251327e-02 2.533047096795277753e+02
1.261261261261261389e-02 2.533059305161685302e+02
1.271271271271271278e-02 2.533071513528092851e+02
1.281281281281281340e-02 2.533083721894500115e+02
1.291291291291291402e-02 2.533095930260907664e+02
1.301301301301301290e-02 2.533108138627315213e+02
1.311311311311311352e-02 2.533120346993723047e+02
1.321321321321321414e-02 2.533132555360130311e+02
1.331331331331331476e-02 2.533144763726537860e+02
1.341341341341341364e-02 2.533156972092945409e+02
1.351351351351351426e-02 2.533169180459352958e+02
1.361361361361361488e-02 2.533181388825760791e+02
1.371371371371371377e-02 2.533193602808801188e+02
1.381381381381381439e-02 2.533205818048863307e+02
1.391391391391391501e-02 2.533218033288925994e+02
1.401401401401401389e-02 2.533230248528988682e+02
1.411411411411411451e-02 2.533242463769050801e+02
1.421421421421421513e-02 2.533254679009113772e+02
1.431431431431431575e-02 2.533266894249175891e+02
1.441441441441441464e-02 2.533279109489238579e+02
1.451451451451451526e-02 2.533291324729300982e+02
1.461461461461461588e-02 2.533303539969363669e+02
1.471471471471471476e-02 2.533315755209426356e+02
1.481481481481481538e-02 2.533327970449488475e+02
1.491491491491491600e-02 2.533340185689551163e+02
1.501501501501501488e-02 2.533352400929613282e+02
1.511511511511511550e-02 2.533364616169675969e+02
1.521521521521521612e-02 2.533376831409738656e+02
1.531531531531531674e-02 2.533389046649801060e+02
1.541541541541541563e-02 2.533401261889863747e+02
1.551551551551551625e-02 2.533413477129925866e+02
1.561561561561561687e-02 2.533425692369988838e+02
1.571571571571571749e-02 2.533437907610051241e+02
1.581581581581581811e-02 2.533450122850113644e+02
1.591591591591591526e-02 2.533462338090176331e+02
1.601601601601601588e-02 2.533474553330238450e+02
1.611611611611611650e-02 2.533486768570301138e+02
1.621621621621621712e-02 2.533498983810363825e+02
1.631631631631631774e-02 2.533511199050426228e+02
1.641641641641641836e-02 2.533523414290488631e+02
1.651651651651651898e-02 2.533535629530551319e+02
1.661661661661661613e-02 2.533547844770613722e+02
1.671671671671671675e-02 2.533560060010676125e+02
1.681681681681681736e-02 2.533572275250738812e+02
1.691691691691691798e-02 2.533584490490801500e+02
1.701701701701701860e-02 2.533596705730863619e+02
1.711711711711711922e-02 2.533608920970926022e+02
1.721721721721721637e-02 2.533621136210988425e+02
1.731731731731731699e-02 2.533633351451051112e+02
1.741741741741741761e-02 2.533645566691113800e+02
1.751751751751751823e-02 2.533657781931176203e+02
1.761761761761761885e-02 2.533669997171238606e+02
1.771771771771771947e-02 2.533682212411301293e+02
1.781781781781782009e-02 2.533694427651363412e+02
1.791791791791791724e-02 2.533706642891426100e+02
1.801801801801801786e-02 2.533718858131488787e+02
1.811811811811811848e-02 2.533731073371550906e+02
1.821821821821821910e-02 2.533743288611613593e+02
1.831831831831831972e-02 2.533755503851675996e+02
1.841841841841842034e-02 2.533767719091738400e+02
1.851851851851852096e-02 2.533779934331801087e+02
1.861861861861861811e-02 2.533792149571863774e+02
1.871871871871871873e-02 2.533804364811926177e+02
1.881881881881881935e-02 2.533816580051988581e+02
1.891891891891891997e-02 2.533828795292051268e+02
1.901901901901902059e-02 2.533841010532113671e+02
1.911911911911912121e-02 2.533853225772176074e+02
1.921921921921922183e-02 2.533865441012238477e+02
1.931931931931931898e-02 2.533877656252300881e+02
1.941941941941941960e-02 2.533889871492363568e+02
1.951951951951952022e-02 2.533902086732425971e+02
1.961961961961962084e-02 2.533914301972488943e+02
1.971971971971972146e-02 2.533926517212551346e+02
1.981981981981982208e-02 2.533938732452613749e+02
1.991991991991991923e-02 2.533950947692676152e+02
2.002002002002001985e-02 2.533963162932738555e+02
2.012012012012012047e-02 2.533975378172801243e+02
2.022022022022022109e-02 2.533987593412863646e+02
2.032032032032032171e-02 2.533999808652926049e+02
2.042042042042042232e-02 2.534012023892988452e+02
2.052052052052052294e-02 2.534024239133051140e+02
2.062062062062062009e-02 2.534036454373113827e+02
2.072072072072072071e-02 2.534048669613176514e+02
2.082082082082082133e-02 2.534060884853238349e+02
2.092092092092092195e-02 2.534073100093301036e+02
2.102102102102102257e-02 2.534085315333363724e+02
2.112112112112112319e-02 2.534097530573426411e+02
2.122122122122122381e-02 2.534109745813488814e+02
2.132132132132132096e-02 2.534121961053551217e+02
2.142142142142142158e-02 2.534134176293613621e+02
2.152152152152152220e-02 2.534146391533676308e+02
2.162162162162162282e-02 2.534158606773738711e+02
2.172172172172172344e-02 2.534170822013801398e+02
2.182182182182182406e-02 2.534183037253863517e+02
2.192192192192192121e-02 2.534195252493926205e+02
2.202202202202202183e-02 2.534207467733988892e+02
2.212212212212212245e-02 2.534219682974051295e+02
2.222222222222222307e-02 2.534231898214113983e+02
2.232232232232232369e-02 2.534244113454176102e+02
2.242242242242242431e-02 2.534256328694238789e+02
2.252252252252252493e-02 2.534268543934301192e+02
2.262262262262262208e-02 2.534280759174363595e+02
2.272272272272272270e-02 2.534292972057748727e+02
2.282282282282282332e-02 2.534305180579373200e+02
2.292292292292292394e-02 2.534317389100997389e+02
2.302302302302302456e-02 2.534329597622622430e+02
2.312312312312312518e-02 2.534341871674625679e+02
2.322322322322322580e-02 2.534354211721856984e+02
2.332332332332332295e-02 2.534366210607475125e+02
2.342342342342342357e-02 2.534377933087453698e+02
2.352352352352352419e-02 2.534389655567432555e+02
2.362362362362362481e-02 2.534401378047411129e+02
2.372372372372372543e-02 2.534413100527389417e+02
2.382382382382382605e-02 2.534424823007367706e+02
2.392392392392392667e-02 2.534436545487346280e+02
2.402402402402402382e-02 2.534448267967324568e+02
2.412412412412412444e-02 2.534459990447302857e+02
2.422422422422422505e-02 2.534471712927281715e+02
2.432432432432432567e-02 2.534483435407260572e+02
2.442442442442442629e-02 2.534495157887238861e+02
2.452452452452452691e-02 2.534506880367216866e+02
2.462462462462462406e-02 2.534518602847195439e+02
2.472472472472472468e-02 2.534530325327174012e+02
2.482482482482482530e-02 2.534542047807152301e+02
2.492492492492492592e-02 2.534553770287131158e+02
2.502502502502502654e-02 2.534565492767110015e+02
2.512512512512512716e-02 2.534577215247087736e+02
2.522522522522522778e-02 2.534588937727066309e+02
2.532532532532532493e-02 2.534600660207044882e+02
2.542542542542542555e-02 2.534612382687023455e+02
2.552552552552552617e-02 2.534624105167001744e+02
2.562562562562562679e-02 2.534635827646980601e+02
2.572572572572572741e-02 2.534647550126959175e+02
2.582582582582582803e-02 2.534659272606937179e+02
2.592592592592592865e-02 2.534670995086915752e+02
2.602602602602602580e-02 2.534682717566894041e+02
2.612612612612612642e-02 2.534694440046872899e+02
2.622622622622622704e-02 2.534706162526851188e+02
2.632632632632632766e-02 2.534717885006830045e+02
2.642642642642642828e-02 2.534729607486807765e+02
2.652652652652652890e-02 2.534741329966786623e+02
2.662662662662662952e-02 2.534753052446764912e+02
2.672672672672672667e-02 2.534764774926743769e+02
2.682682682682682729e-02 2.534776497406722342e+02
2.692692692692692791e-02 2.534788219886700631e+02
2.702702702702702853e-02 2.534799942366679204e+02
2.712712712712712915e-02 2.534811664846657209e+02
2.722722722722722977e-02 2.534823387326636066e+02
2.732732732732732692e-02 2.534835109806614071e+02
2.742742742742742754e-02 2.534846832286592644e+02
2.752752752752752816e-02 2.534858554766571501e+02
2.762762762762762878e-02 2.534870277246550074e+02
2.772772772772772940e-02 2.534881999726528079e+02
2.782782782782783002e-02 2.534893722206506652e+02
2.792792792792793063e-02 2.534905444686485225e+02
2.802802802802802778e-02 2.534917167166463514e+02
2.812812812812812840e-02 2.534928889646442087e+02
2.822822822822822902e-02 2.534940612126420945e+02
2.832832832832832964e-02 2.534952334606399802e+02
2.842842842842843026e-02 2.534964057086377522e+02
2.852852852852853088e-02 2.534975779566356096e+02
2.862862862862863150e-02 2.534987502046334669e+02
2.872872872872872865e-02 2.534999224526312958e+02
2.882882882882882927e-02 2.535010947006291531e+02
2.892892892892892989e-02 2.535022669486270388e+02
2.902902902902903051e-02 2.535034391966248677e+02
2.912912912912913113e-02 2.535046114446226966e+02
2.922922922922923175e-02 2.535057836926205539e+02
2.932932932932933237e-02 2.535069559406184112e+02
2.942942942942942952e-02 2.535081281886162401e+02
2.952952952952953014e-02 2.535093004366140690e+02
2.962962962962963076e-02 2.535104726846119547e+02
2.972972972972973138e-02 2.535116449326098120e+02
2.982982982982983200e-02 2.535128171806076125e+02
2.992992992992993262e-02 2.535139894286054982e+02
3.003003003003002977e-02 2.535151616766033555e+02
3.013013013013013039e-02 2.535163339246011276e+02
3.023023023023023101e-02 2.535175061725990417e+02
3.033033033033033163e-02 2.535186784205968991e+02
3.043043043043043225e-02 2.535198506685947564e+02
3.053053053053053287e-02 2.535210229165925853e+02
3.063063063063063349e-02 2.535221951645904142e+02
3.073073073073073064e-02 2.535233674125882430e+02
3.083083083083083126e-02 2.535245396605860719e+02
3.093093093093093188e-02 2.535257119085839577e+02
3.103103103103103250e-02 2.535268841584637016e+02
3.113113113113113312e-02 2.535280564992618793e+02
3.123123123123123374e-02 2.535292288400600000e+02
3.133133133133133436e-02 2.535304011808582061e+02
3.143143143143143498e-02 2.535315735216563553e+02
3.153153153153153559e-02 2.535327458624544761e+02
3.163163163163163621e-02 2.535339182032526821e+02
3.173173173173172990e-02 2.535350905440508029e+02
3.183183183183183051e-02 2.535362628848489805e+02
3.193193193193193113e-02 2.535374352256471298e+02
3.203203203203203175e-02 2.535386075664452505e+02
3.213213213213213237e-02 2.535397799072434282e+02
3.223223223223223299e-02 2.535409522480415774e+02
3.233233233233233361e-02 2.535421245888397550e+02
3.243243243243243423e-02 2.535432969296378758e+02
3.253253253253253485e-02 2.535444692704360818e+02
3.263263263263263547e-02 2.535456416112342310e+02
3.273273273273273609e-02 2.535468139520323518e+02
3.283283283283283671e-02 2.535479862928305579e+02
3.293293293293293733e-02 2.535491586336287071e+02
3.303303303303303795e-02 2.535503309744268279e+02
3.313313313313313163e-02 2.535515033152250055e+02
3.323323323323323225e-02 2.535526756560231263e+02
3.333333333333333287e-02 2.535538479968213039e+02
3.343343343343343349e-02 2.535550203376194816e+02
3.353353353353353411e-02 2.535561926784176308e+02
3.363363363363363473e-02 2.535573650192157800e+02
3.373373373373373535e-02 2.535585373600139576e+02
3.383383383383383597e-02 2.535597097008121068e+02
3.393393393393393659e-02 2.535608820416102560e+02
3.403403403403403721e-02 2.535620543824084336e+02
3.413413413413413783e-02 2.535632267232065828e+02
3.423423423423423845e-02 2.535643990640047321e+02
3.433433433433433907e-02 2.535655714048029097e+02
3.443443443443443275e-02 2.535667437456010305e+02
3.453453453453453337e-02 2.535679160863991797e+02
3.463463463463463399e-02 2.535690884271973573e+02
3.473473473473473461e-02 2.535702634878945503e+02
3.483483483483483523e-02 2.535714396529966166e+02
3.493493493493493585e-02 2.535726158180987397e+02
3.503503503503503647e-02 2.535737919832008060e+02
3.513513513513513709e-02 2.535749676870473763e+02
3.523523523523523771e-02 2.535761430798991682e+02
3.533533533533533832e-02 2.535772811840643328e+02
3.543543543543543894e-02 2.535783372224292975e+02
3.553553553553553956e-02 2.535793470316130538e+02
3.563563563563564018e-02 2.535803568407967248e+02
3.573573573573574080e-02 2.535813666499804242e+02
3.583583583583583448e-02 2.535823764591640952e+02
3.593593593593593510e-02 2.535833862683477946e+02
3.603603603603603572e-02 2.535843960775315225e+02
3.613613613613613634e-02 2.535854058867152219e+02
3.623623623623623696e-02 2.535864156958989213e+02
3.633633633633633758e-02 2.535874255050825923e+02
3.643643643643643820e-02 2.535884353142663770e+02
3.653653653653653882e-02 2.535894451234500480e+02
3.663663663663663944e-02 2.535904549326337474e+02
3.673673673673674006e-02 2.535914647418174184e+02
3.683683683683684068e-02 2.535924745510011746e+02
3.693693693693694130e-02 2.535934843601848740e+02
3.703703703703704192e-02 2.535944941693685450e+02
3.713713713713713560e-02 2.535955039785522445e+02
3.723723723723723622e-02 2.535965137877359155e+02
3.733733733733733684e-02 2.535975235969196717e+02
3.743743743743743746e-02 2.535985334061033427e+02
3.753753753753753808e-02 2.535995432152870421e+02
3.763763763763763870e-02 2.536005530244707415e+02
3.773773773773773932e-02 2.536015628336544694e+02
3.783783783783783994e-02 2.536025726428381688e+02
3.793793793793794056e-02 2.536035824520218682e+02
3.803803803803804118e-02 2.536045922612055676e+02
3.813813813813814180e-02 2.536056020703892955e+02
3.823823823823824242e-02 2.536066118795729949e+02
3.833833833833834304e-02 2.536076216887566659e+02
3.843843843843844366e-02 2.536086314979403653e+02
3.853853853853853734e-02 2.536096413071240931e+02
3.863863863863863796e-02 2.536106511163077926e+02
3.873873873873873858e-02 2.536116609254914920e+02
3.883883883883883920e-02 2.536126707346751630e+02
3.893893893893893982e-02 2.536136805438588908e+02
3.903903903903904044e-02 2.536146903530425902e+02
3.913913913913914105e-02 2.536157001622262896e+02
3.923923923923924167e-02 2.536167099714099891e+02
3.933933933933934229e-02 2.536177197805936885e+02
3.943943943943944291e-02 2.536187295897774447e+02
3.953953953953954353e-02 2.536197393989611157e+02
3.963963963963964415e-02 2.536207492081447867e+02
3.973973973973974477e-02 2.536217590173284862e+02
3.983983983983983845e-02 2.536227688265122140e+02
3.993993993993993907e-02 2.536237786356959134e+02
4.004004004004003969e-02 2.536247884448796128e+02
4.014014014014014031e-02 2.536257982540633122e+02
4.024024024024024093e-02 2.536268080632470117e+02
4.034034034034034155e-02 2.536278178724307111e+02
4.044044044044044217e-02 2.536288276816144105e+02
4.054054054054054279e-02 2.536298374907981099e+02
4.064064064064064341e-02 2.536308472999817809e+02
4.074074074074074403e-02 2.536318571091655372e+02
4.084084084084084465e-02 2.536328669183492650e+02
4.094094094094094527e-02 2.536338767275329360e+02
4.104104104104104589e-02 2.536348865367166638e+02
4.114114114114113957e-02 2.536358963459003348e+02
4.124124124124124019e-02 2.536369061550840627e+02
4.134134134134134081e-02 2.536379159642677337e+02
4.144144144144144143e-02 2.536389257734514047e+02
4.154154154154154205e-02 2.536399355826351325e+02
4.164164164164164267e-02 2.536409453918188603e+02
4.174174174174174329e-02 2.536419552010025313e+02
4.184184184184184391e-02 2.536429650101862308e+02
4.194194194194194453e-02 2.536439748193699302e+02
4.204204204204204515e-02 2.536449846285536580e+02
4.214214214214214577e-02 2.536459944377373574e+02
4.224224224224224639e-02 2.536470042469210568e+02
4.234234234234234701e-02 2.536480140561047847e+02
4.244244244244244763e-02 2.536490238652884841e+02
4.254254254254254131e-02 2.536500336744721551e+02
4.264264264264264193e-02 2.536510434836558829e+02
4.274274274274274255e-02 2.536520532928395539e+02
4.284284284284284317e-02 2.536530631020232818e+02
4.294294294294294378e-02 2.536540729112069528e+02
4.304304304304304440e-02 2.536550827203906806e+02
4.314314314314314502e-02 2.536560925295743516e+02
4.324324324324324564e-02 2.536571023387580794e+02
4.334334334334334626e-02 2.536581121479417504e+02
4.344344344344344688e-02 2.536591219571254783e+02
4.354354354354354750e-02 2.536601317663091777e+02
4.364364364364364812e-02 2.536611415754929055e+02
4.374374374374374874e-02 2.536621513846766334e+02
4.384384384384384242e-02 2.536631611938603044e+02
4.394394394394394304e-02 2.536641710030440322e+02
4.404404404404404366e-02 2.536651808122277032e+02
4.414414414414414428e-02 2.536661906214114026e+02
4.424424424424424490e-02 2.536672004305951020e+02
4.434434434434434552e-02 2.536682102397788299e+02
4.444444444444444614e-02 2.536692200489625009e+02
4.454454454454454676e-02 2.536702298581462003e+02
4.464464464464464738e-02 2.536712396673298997e+02
4.474474474474474800e-02 2.536722494765135991e+02
4.484484484484484862e-02 2.536732592856973270e+02
4.494494494494494924e-02 2.536742690948809980e+02
4.504504504504504986e-02 2.536752789040647258e+02
4.514514514514515048e-02 2.536762887132483968e+02
4.524524524524524416e-02 2.536772985224321246e+02
4.534534534534534478e-02 2.536783083316158525e+02
4.544544544544544540e-02 2.536793181407995235e+02
4.554554554554554602e-02 2.536803279499832513e+02
4.564564564564564664e-02 2.536813377591669223e+02
4.574574574574574726e-02 2.536823475683506501e+02
4.584584584584584788e-02 2.536833573775343211e+02
4.594594594594594850e-02 2.536843671867180490e+02
4.604604604604604912e-02 2.536853769959017200e+02
4.614614614614614974e-02 2.536863868050854478e+02
4.624624624624625036e-02 2.536873966142691188e+02
4.634634634634635098e-02 2.536884064234528466e+02
4.644644644644645159e-02 2.536894162326365745e+02
4.654654654654654528e-02 2.536904260418202739e+02
4.664664664664664590e-02 2.536914358510039449e+02
4.674674674674674651e-02 2.536924456601876443e+02
4.684684684684684713e-02 2.536934554693713721e+02
4.694694694694694775e-02 2.536944652785550716e+02
4.704704704704704837e-02 2.536954750877387710e+02
4.714714714714714899e-02 2.536964848969224704e+02
4.724724724724724961e-02 2.536974947061061698e+02
4.734734734734735023e-02 2.536985045152898692e+02
4.744744744744745085e-02 2.536995143244735402e+02
4.754754754754755147e-02 2.537005241336572681e+02
4.764764764764765209e-02 2.537015339428409391e+02
4.774774774774775271e-02 2.537025437520246953e+02
4.784784784784785333e-02 2.537035535612083947e+02
4.794794794794794701e-02 2.537045633703920942e+02
4.804804804804804763e-02 2.537055731795757936e+02
4.814814814814814825e-02 2.537065829887594930e+02
4.824824824824824887e-02 2.537075927979431924e+02
4.834834834834834949e-02 2.537086026071268918e+02
4.844844844844845011e-02 2.537096124163105912e+02
4.854854854854855073e-02 2.537106222254942907e+02
4.864864864864865135e-02 2.537116320346779901e+02
4.874874874874875197e-02 2.537126418438616895e+02
4.884884884884885259e-02 2.537136516530453889e+02
4.894894894894895321e-02 2.537146614622291168e+02
4.904904904904905383e-02 2.537156712714127877e+02
4.914914914914915445e-02 2.537166810805965156e+02
4.924924924924924813e-02 2.537176908897802150e+02
4.934934934934934875e-02 2.537187006989639144e+02
4.944944944944944937e-02 2.537197105081476423e+02
4.954954954954954999e-02 2.537207203173313133e+02
4.964964964964965061e-02 2.537217301265150411e+02
4.974974974974975123e-02 2.537227399356987121e+02
4.984984984984985185e-02 2.537237497448824399e+02
4.994994994994995247e-02 2.537247595540661109e+02
5.005005005005005309e-02 2.537257693632498388e+02
5.015015015015015371e-02 2.537266651240951205e+02
5.025025025025025432e-02 2.537274539575838901e+02
5.035035035035035494e-02 2.537282427910726028e+02
5.045045045045045556e-02 2.537290316245613724e+02
5.055055055055055618e-02 2.537298204580501420e+02
5.065065065065064986e-02 2.537306092915389115e+02
5.075075075075075048e-02 2.537313981250276527e+02
5.085085085085085110e-02 2.537321869585163938e+02
5.095095095095095172e-02 2.537329757920051350e+02
5.105105105105105234e-02 2.537337646254939045e+02
5.115115115115115296e-02 2.537345534589826741e+02
5.125125125125125358e-02 2.537353422924714437e+02
5.135135135135135420e-02 2.537361311259601848e+02
5.145145145145145482e-02 2.537369199594489544e+02
5.155155155155155544e-02 2.537377087929376955e+02
5.165165165165165606e-02 2.537384976264264367e+02
5.175175175175175668e-02 2.537392864599151778e+02
5.185185185185185730e-02 2.537400752934039474e+02
5.195195195195195098e-02 2.537408641268926885e+02
5.205205205205205160e-02 2.537416529603814865e+02
5.215215215215215222e-02 2.537424417938702277e+02
5.225225225225225284e-02 2.537432306273589973e+02
5.235235235235235346e-02 2.537440194608477384e+02
5.245245245245245408e-02 2.537448082943364795e+02
5.255255255255255470e-02 2.537455971278252491e+02
5.265265265265265532e-02 2.537463859613139618e+02
5.275275275275275594e-02 2.537471747948027598e+02
5.285285285285285656e-02 2.537479636282915294e+02
5.295295295295295718e-02 2.537487524617802706e+02
5.305305305305305780e-02 2.537495412952690117e+02
5.315315315315315842e-02 2.537503301287577528e+02
5.325325325325325904e-02 2.537511189622465508e+02
5.335335335335335272e-02 2.537519077957352636e+02
5.345345345345345334e-02 2.537526966292240331e+02
5.355355355355355396e-02 2.537534854627127743e+02
5.365365365365365458e-02 2.537542742962015723e+02
5.375375375375375520e-02 2.537550631296903134e+02
5.385385385385385582e-02 2.537558519631790546e+02
5.395395395395395644e-02 2.537566407966677957e+02
5.405405405405405705e-02 2.537574296301565369e+02
5.415415415415415767e-02 2.537582184636453349e+02
5.425425425425425829e-02 2.537590072971340760e+02
5.435435435435435891e-02 2.537597961306227887e+02
5.445445445445445953e-02 2.537605849641115583e+02
5.455455455455456015e-02 2.537613737976003563e+02
5.465465465465465383e-02 2.537621626310890406e+02
5.475475475475475445e-02 2.537629514645778386e+02
5.485485485485485507e-02 2.537637402980666081e+02
5.495495495495495569e-02 2.537645291315553209e+02
5.505505505505505631e-02 2.537653179650440904e+02
5.515515515515515693e-02 2.537661067985328600e+02
5.525525525525525755e-02 2.537668956320215727e+02
5.535535535535535817e-02 2.537676844655103423e+02
5.545545545545545879e-02 2.537684732989991403e+02
5.555555555555555941e-02 2.537692621324878814e+02
5.565565565565566003e-02 2.537700509659766226e+02
5.575575575575576065e-02 2.537708397994653922e+02
5.585585585585586127e-02 2.537716286329541333e+02
5.595595595595596189e-02 2.537724174664428745e+02
5.605605605605605557e-02 2.537732062999316440e+02
5.615615615615615619e-02 2.537739951334203852e+02
5.625625625625625681e-02 2.537747839669091263e+02
5.635635635635635743e-02 2.537755728003979243e+02
5.645645645645645805e-02 2.537763616338866655e+02
5.655655655655655867e-02 2.537771504673754350e+02
5.665665665665665929e-02 2.537779393008641762e+02
5.675675675675675991e-02 2.537787281343529173e+02
5.685685685685686053e-02 2.537795169678416869e+02
5.695695695695696115e-02 2.537803058013304280e+02
5.705705705705706177e-02 2.537810946348191692e+02
5.715715715715716239e-02 2.537818834683079672e+02
5.725725725725726301e-02 2.537826723017967083e+02
5.735735735735735669e-02 2.537834611352854495e+02
5.745745745745745731e-02 2.537842499687742190e+02
5.755755755755755793e-02 2.537850388022629602e+02
5.765765765765765855e-02 2.537858276357517013e+02
5.775775775775775916e-02 2.537866164692404709e+02
5.785785785785785978e-02 2.537874053027292121e+02
5.795795795795796040e-02 2.537881941362179816e+02
5.805805805805806102e-02 2.537889829697067512e+02
5.815815815815816164e-02 2.537897718031954923e+02
5.825825825825826226e-02 2.537905606366842335e+02
5.835835835835836288e-02 2.537913463960406375e+02
5.845845845845846350e-02 2.537920544667607032e+02
5.855855855855856412e-02 2.537927625374807690e+02
5.865865865865866474e-02 2.537934706082008631e+02
5.875875875875875842e-02 2.537941786789209857e+02
5.885885885885885904e-02 2.537948867496410514e+02
5.895895895895895966e-02 2.537955948203611456e+02
5.905905905905906028e-02 2.537963028910812113e+02
5.915915915915916090e-02 2.537970109618013339e+02
5.925925925925926152e-02 2.537977190325213996e+02
5.935935935935936214e-02 2.537984271032414654e+02
5.945945945945946276e-02 2.537991351739615595e+02
5.955955955955956338e-02 2.537998432446816537e+02
5.965965965965966400e-02 2.538005513154017194e+02
5.975975975975976462e-02 2.538012593861218136e+02
5.985985985985986524e-02 2.538019674568419077e+02
5.995995995995996586e-02 2.538026755275619735e+02
6.006006006006005954e-02 2.538033835982820676e+02
6.016016016016016016e-02 2.538040916690021618e+02
6.026026026026026078e-02 2.538047997397222559e+02
6.036036036036036140e-02 2.538055078104423501e+02
6.046046046046046202e-02 2.538062158811623874e+02
6.056056056056056264e-02 2.538069239518825100e+02
6.066066066066066326e-02 2.538076320226026041e+02
6.076076076076076388e-02 2.538083400933226699e+02
6.086086086086086450e-02 2.538090481640427356e+02
6.096096096096096512e-02 2.538097562347628582e+02
6.106106106106106574e-02 2.538104643054829239e+02
6.116116116116116636e-02 2.538111569208461162e+02
6.126126126126126697e-02 2.538118468366188836e+02
6.136136136136136759e-02 2.538125367523916793e+02
6.146146146146146128e-02 2.538132266681644182e+02
6.156156156156156189e-02 2.538139165839371856e+02
6.166166166166166251e-02 2.538146064997099529e+02
6.176176176176176313e-02 2.538152964154827487e+02
6.186186186186186375e-02 2.538159863312554876e+02
6.196196196196196437e-02 2.538166762470282833e+02
6.206206206206206499e-02 2.538173661628010223e+02
6.216216216216216561e-02 2.538180560785738180e+02
6.226226226226226623e-02 2.538187459943465569e+02
6.236236236236236685e-02 2.538194359101193527e+02
6.246246246246246747e-02 2.538201258258920916e+02
6.256256256256256809e-02 2.538208157416648589e+02
6.266266266266266871e-02 2.538215056574376547e+02
6.276276276276276933e-02 2.538221955732104220e+02
6.286286286286286995e-02 2.538228854889832178e+02
6.296296296296297057e-02 2.538235754047559567e+02
6.306306306306307119e-02 2.538242653205287240e+02
6.316316316316317181e-02 2.538249552363014914e+02
6.326326326326327243e-02 2.538256451520742587e+02
6.336336336336337305e-02 2.538263350678470260e+02
6.346346346346345979e-02 2.538270249836198218e+02
6.356356356356356041e-02 2.538277148993925607e+02
6.366366366366366103e-02 2.538284048151653565e+02
6.376376376376376165e-02 2.538290947309381238e+02
6.386386386386386227e-02 2.538297846467108911e+02
6.396396396396396289e-02 2.538304745624836585e+02
6.406406406406406351e-02 2.538311644782564258e+02
6.416416416416416413e-02 2.538318543940291931e+02
6.426426426426426475e-02 2.538325443098019605e+02
6.436436436436436537e-02 2.538332318576632929e+02
6.446446446446446599e-02 2.538339148929216549e+02
6.456456456456456661e-02 2.538345979281799600e+02
6.466466466466466723e-02 2.538352809634382936e+02
6.476476476476476785e-02 2.538359639986966272e+02
6.486486486486486847e-02 2.538366470339549892e+02
6.496496496496496909e-02 2.538373300692133228e+02
6.506506506506506970e-02 2.538380131044716563e+02
6.516516516516517032e-02 2.538386961397299899e+02
6.526526526526527094e-02 2.538393791749883235e+02
6.536536536536537156e-02 2.538400622102466286e+02
6.546546546546547218e-02 2.538407452455049622e+02
6.556556556556557280e-02 2.538414282807633526e+02
6.566566566566567342e-02 2.538421113160216578e+02
6.576576576576577404e-02 2.538427943512799629e+02
6.586586586586587466e-02 2.538434773865383249e+02
6.596596596596597528e-02 2.538441604217966301e+02
6.606606606606607590e-02 2.538447369943558272e+02
6.616616616616616264e-02 2.538452756050754715e+02
6.626626626626626326e-02 2.538457900363935380e+02
6.636636636636636388e-02 2.538462918666981238e+02
6.646646646646646450e-02 2.538467936970027097e+02
6.656656656656656512e-02 2.538472955273072955e+02
6.666666666666666574e-02 2.538477973576118814e+02
6.676676676676676636e-02 2.538482991879164956e+02
6.686686686686686698e-02 2.538488010182210814e+02
6.696696696696696760e-02 2.538493028485256673e+02
6.706706706706706822e-02 2.538498046788302531e+02
6.716716716716716884e-02 2.538503065091348390e+02
6.726726726726726946e-02 2.538507586795596183e+02
6.736736736736737008e-02 2.538511525743095945e+02
6.746746746746747070e-02 2.538515464690595422e+02
6.756756756756757132e-02 2.538519403638094616e+02
6.766766766766767194e-02 2.538523342585594094e+02
6.776776776776777256e-02 2.538527281533093571e+02
6.786786786786787318e-02 2.538531220480593049e+02
6.796796796796797380e-02 2.538535159428092527e+02
6.806806806806807442e-02 2.538539098375592005e+02
6.816816816816817504e-02 2.538543037323091198e+02
6.826826826826827566e-02 2.538546976270590676e+02
6.836836836836837628e-02 2.538550915218089585e+02
6.846846846846847690e-02 2.538554854165589063e+02
6.856856856856857751e-02 2.538558793113088541e+02
6.866866866866867813e-02 2.538562732060588587e+02
6.876876876876877875e-02 2.538566671008087496e+02
6.886886886886886550e-02 2.538570609955586974e+02
6.896896896896896612e-02 2.538574548903086452e+02
6.906906906906906674e-02 2.538578487850585645e+02
6.916916916916916735e-02 2.538582426798085123e+02
6.926926926926926797e-02 2.538586365745584885e+02
6.936936936936936859e-02 2.538590304693084363e+02
6.946946946946946921e-02 2.538594243640583556e+02
6.956956956956956983e-02 2.538598182588083034e+02
6.966966966966967045e-02 2.538602121535582512e+02
6.976976976976977107e-02 2.538606060483081706e+02
6.986986986986987169e-02 2.538609999430581183e+02
6.996996996996997231e-02 2.538613938378080661e+02
7.007007007007007293e-02 2.538617877325580139e+02
7.017017017017017355e-02 2.538621816273079332e+02
7.027027027027027417e-02 2.538625755220578810e+02
7.037037037037037479e-02 2.538629694168078288e+02
7.047047047047047541e-02 2.538633633115577481e+02
7.057057057057057603e-02 2.538637572063077243e+02
7.067067067067067665e-02 2.538641511010576721e+02
7.077077077077077727e-02 2.538645449958076199e+02
7.087087087087087789e-02 2.538649388905575393e+02
7.097097097097097851e-02 2.538653327853075155e+02
7.107107107107107913e-02 2.538657266800574348e+02
7.117117117117117975e-02 2.538661205748073826e+02
7.127127127127128037e-02 2.538665144695573304e+02
7.137137137137138099e-02 2.538668988241441582e+02
7.147147147147148161e-02 2.538672793082904775e+02
7.157157157157156835e-02 2.538676597924367968e+02
7.167167167167166897e-02 2.538680402765831730e+02
7.177177177177176959e-02 2.538684207607294638e+02
7.187187187187187021e-02 2.538688012448757831e+02
7.197197197197197083e-02 2.538691817290220740e+02
7.207207207207207145e-02 2.538695622131683933e+02
7.217217217217217207e-02 2.538699426973147411e+02
7.227227227227227269e-02 2.538703231814610604e+02
7.237237237237237331e-02 2.538707036656074081e+02
7.247247247247247393e-02 2.538710841497537274e+02
7.257257257257257455e-02 2.538714646339000183e+02
7.267267267267267516e-02 2.538718451180463376e+02
7.277277277277277578e-02 2.538722256021926569e+02
7.287287287287287640e-02 2.538726060863390046e+02
7.297297297297297702e-02 2.538729865704853239e+02
7.307307307307307764e-02 2.538733670546316432e+02
7.317317317317317826e-02 2.538737475387779625e+02
7.327327327327327888e-02 2.538741280229242250e+02
7.337337337337337950e-02 2.538745085070706295e+02
7.347347347347348012e-02 2.538748889912169204e+02
7.357357357357358074e-02 2.538752694753632397e+02
7.367367367367368136e-02 2.538756499595095590e+02
7.377377377377378198e-02 2.538760304436558783e+02
7.387387387387388260e-02 2.538764109278021976e+02
7.397397397397398322e-02 2.538767914119484885e+02
7.407407407407408384e-02 2.538771718960948363e+02
7.417417417417418446e-02 2.538775573186365762e+02
7.427427427427427120e-02 2.538779461317740811e+02
7.437437437437437182e-02 2.538783349449115860e+02
7.447447447447447244e-02 2.538787237580491194e+02
7.457457457457457306e-02 2.538791125711866528e+02
7.467467467467467368e-02 2.538795013843241577e+02
7.477477477477477430e-02 2.538798901974616626e+02
7.487487487487487492e-02 2.538802790105991676e+02
7.497497497497497554e-02 2.538806678237367009e+02
7.507507507507507616e-02 2.538810566368742059e+02
7.517517517517517678e-02 2.538814454500117108e+02
7.527527527527527740e-02 2.538818342631492158e+02
7.537537537537537802e-02 2.538822230762867491e+02
7.547547547547547864e-02 2.538826118894242825e+02
7.557557557557557926e-02 2.538830007025617874e+02
7.567567567567567988e-02 2.538833895156993208e+02
7.577577577577578050e-02 2.538837783288368541e+02
7.587587587587588112e-02 2.538841671419743307e+02
7.597597597597598174e-02 2.538845559551118640e+02
7.607607607607608236e-02 2.538849447682493690e+02
7.617617617617618297e-02 2.538853335813869023e+02
7.627627627627628359e-02 2.538857223945244073e+02
7.637637637637638421e-02 2.538861112076619406e+02
7.647647647647648483e-02 2.538865000207994740e+02
7.657657657657658545e-02 2.538868888339369789e+02
7.667667667667668607e-02 2.538872776470745123e+02
7.677677677677678669e-02 2.538876664602120172e+02
7.687687687687688731e-02 2.538880552733495506e+02
7.697697697697697405e-02 2.538884440864870555e+02
7.707707707707707467e-02 2.538888085534065624e+02
7.717717717717717529e-02 2.538891428290000931e+02
7.727727727727727591e-02 2.538894771045936523e+02
7.737737737737737653e-02 2.538898113801872114e+02
7.747747747747747715e-02 2.538901456557807421e+02
7.757757757757757777e-02 2.538904799313743013e+02
7.767767767767767839e-02 2.538908142069678888e+02
7.777777777777777901e-02 2.538911484825614480e+02
7.787787787787787963e-02 2.538914827581549503e+02
7.797797797797798025e-02 2.538918170337485378e+02
7.807807807807808087e-02 2.538921513093420685e+02
7.817817817817818149e-02 2.538924855849356277e+02
7.827827827827828211e-02 2.538927212218585225e+02
7.837837837837838273e-02 2.538929100647523285e+02
7.847847847847848335e-02 2.538930989076461344e+02
7.857857857857858397e-02 2.538932877505399404e+02
7.867867867867868459e-02 2.538934601788486134e+02
7.877877877877878521e-02 2.538936257437476058e+02
7.887887887887888583e-02 2.538937913086466835e+02
7.897897897897898645e-02 2.538939568735457044e+02
7.907907907907908707e-02 2.538941224384447821e+02
7.917917917917918769e-02 2.538942880033438030e+02
7.927927927927928831e-02 2.538944535682428523e+02
7.937937937937938893e-02 2.538946191331419016e+02
7.947947947947948955e-02 2.538947846980409224e+02
7.957957957957957629e-02 2.538949502629399717e+02
7.967967967967967691e-02 2.538951158278390210e+02
7.977977977977977753e-02 2.538952813927380703e+02
7.987987987987987815e-02 2.538954469576370911e+02
7.997997997997997877e-02 2.538956125225361404e+02
8.008008008008007939e-02 2.538957780874351613e+02
8.018018018018018001e-02 2.538959436523342390e+02
8.028028028028028062e-02 2.538961092172332599e+02
8.038038038038038124e-02 2.538962739958694499e+02
8.048048048048048186e-02 2.538964358086869026e+02
8.058058058058058248e-02 2.538965976215043270e+02
8.068068068068068310e-02 2.538967594343217797e+02
8.078078078078078372e-02 2.538969212471392609e+02
8.088088088088088434e-02 2.538970830599566852e+02
8.098098098098098496e-02 2.538972448727741380e+02
8.108108108108108558e-02 2.538974066855915623e+02
8.118118118118118620e-02 2.538975684984090151e+02
8.128128128128128682e-02 2.538977303112264678e+02
8.138138138138138744e-02 2.538978921240438922e+02
8.148148148148148806e-02 2.538980539368613449e+02
8.158158158158158868e-02 2.538982157496788261e+02
8.168168168168168930e-02 2.538983775624962504e+02
8.178178178178178992e-02 2.538985393753137032e+02
8.188188188188189054e-02 2.538987011881311560e+02
8.198198198198199116e-02 2.538988630009486087e+02
8.208208208208209178e-02 2.538990248137660330e+02
8.218218218218219240e-02 2.538991866265835142e+02
8.228228228228227914e-02 2.538993484394009670e+02
8.238238238238237976e-02 2.538995102522184197e+02
8.248248248248248038e-02 2.538996720650358156e+02
8.258258258258258100e-02 2.538998338778532684e+02
8.268268268268268162e-02 2.538999956906707212e+02
8.278278278278278224e-02 2.539001575034881739e+02
8.288288288288288286e-02 2.539003193163055982e+02
8.298298298298298348e-02 2.539004811291230794e+02
8.308308308308308410e-02 2.539006429419405322e+02
8.318318318318318472e-02 2.539008047547579849e+02
8.328328328328328534e-02 2.539009665675754093e+02
8.338338338338338596e-02 2.539011283803928620e+02
8.348348348348348658e-02 2.539012901932102864e+02
8.358358358358358720e-02 2.539014520060277391e+02
8.368368368368368782e-02 2.539016138188451919e+02
8.378378378378378843e-02 2.539017756316626730e+02
8.388388388388388905e-02 2.539019374444800974e+02
8.398398398398398967e-02 2.539020992572975501e+02
8.408408408408409029e-02 2.539022610701150029e+02
8.418418418418419091e-02 2.539024228829324557e+02
8.428428428428429153e-02 2.539025846957498800e+02
8.438438438438439215e-02 2.539027465085673612e+02
8.448448448448449277e-02 2.539029083213847571e+02
8.458458458458459339e-02 2.539030701342022383e+02
8.468468468468469401e-02 2.539032319470196626e+02
8.478478478478479463e-02 2.539033937598371153e+02
8.488488488488489525e-02 2.539035555726545681e+02
8.498498498498498199e-02 2.539037173854720209e+02
8.508508508508508261e-02 2.539038791982894736e+02
8.518518518518518323e-02 2.539040410111069264e+02
8.528528528528528385e-02 2.539042028239243791e+02
8.538538538538538447e-02 2.539043646367418319e+02
8.548548548548548509e-02 2.539045264495592562e+02
8.558558558558558571e-02 2.539046882623767090e+02
8.568568568568568633e-02 2.539048500751941901e+02
8.578578578578578695e-02 2.539050118880115861e+02
8.588588588588588757e-02 2.539051737008290672e+02
8.598598598598598819e-02 2.539053355136464916e+02
8.608608608608608881e-02 2.539054973264639727e+02
8.618618618618618943e-02 2.539056591392813971e+02
8.628628628628629005e-02 2.539058209520988498e+02
8.638638638638639067e-02 2.539059827649163026e+02
8.648648648648649129e-02 2.539061445777337553e+02
8.658658658658659191e-02 2.539063063905512081e+02
8.668668668668669253e-02 2.539064682033686609e+02
8.678678678678679315e-02 2.539066300161860852e+02
8.688688688688689377e-02 2.539067918290035379e+02
8.698698698698699439e-02 2.539069536418209623e+02
8.708708708708709501e-02 2.539071154546384150e+02
8.718718718718719562e-02 2.539072772674558678e+02
8.728728728728729624e-02 2.539074390802733205e+02
8.738738738738739686e-02 2.539076008930907733e+02
8.748748748748749748e-02 2.539077627059082261e+02
8.758758758758759810e-02 2.539079245187256788e+02
8.768768768768768485e-02 2.539080863315431031e+02
8.778778778778778547e-02 2.539082481443605559e+02
8.788788788788788608e-02 2.539084099571779802e+02
8.798798798798798670e-02 2.539085717699954330e+02
8.808808808808808732e-02 2.539087335828128857e+02
8.818818818818818794e-02 2.539088953956303385e+02
8.828828828828828856e-02 2.539090572084477913e+02
8.838838838838838918e-02 2.539092190212652440e+02
8.848848848848848980e-02 2.539093808340826968e+02
8.858858858858859042e-02 2.539095426469001211e+02
8.868868868868869104e-02 2.539097044597176023e+02
8.878878878878879166e-02 2.539098662725350550e+02
8.888888888888889228e-02 2.539100280853525078e+02
8.898898898898899290e-02 2.539101898981699037e+02
8.908908908908909352e-02 2.539103517109873849e+02
8.918918918918919414e-02 2.539105135238048092e+02
8.928928928928929476e-02 2.539106753366222620e+02
8.938938938938939538e-02 2.539108371494397147e+02
8.948948948948949600e-02 2.539109989622571675e+02
8.958958958958959662e-02 2.539109517809523027e+02
8.968968968968969724e-02 2.539108856224369788e+02
8.978978978978979786e-02 2.539108194639216833e+02
8.988988988988989848e-02 2.539107533054063310e+02
8.998998998998999910e-02 2.539106871468910072e+02
9.009009009009009972e-02 2.539106209883756833e+02
9.019019019019020034e-02 2.539105548298603594e+02
9.029029029029030096e-02 2.539104886713450355e+02
9.039039039039038770e-02 2.539104225128297116e+02
9.049049049049048832e-02 2.539103563543143878e+02
9.059059059059058894e-02 2.539102901957990639e+02
9.069069069069068956e-02 2.539102240372837400e+02
9.079079079079079018e-02 2.539101578787683877e+02
9.089089089089089080e-02 2.539100917202530923e+02
9.099099099099099142e-02 2.539100255617377684e+02
9.109109109109109204e-02 2.539099594032224445e+02
9.119119119119119266e-02 2.539098932447071206e+02
9.129129129129129328e-02 2.539098270861917968e+02
9.139139139139139389e-02 2.539097609276764445e+02
9.149149149149149451e-02 2.539096947691611490e+02
9.159159159159159513e-02 2.539096286106457967e+02
9.169169169169169575e-02 2.539095624521305012e+02
9.179179179179179637e-02 2.539094962936151774e+02
9.189189189189189699e-02 2.539094297561602502e+02
9.199199199199199761e-02 2.539093628086102967e+02
9.209209209209209823e-02 2.539092958610603432e+02
9.219219219219219885e-02 2.539092289135104465e+02
9.229229229229229947e-02 2.539091619659604930e+02
9.239239239239240009e-02 2.539090950184105395e+02
9.249249249249250071e-02 2.539090280708605860e+02
9.259259259259260133e-02 2.539089611233106609e+02
9.269269269269270195e-02 2.539088941757607358e+02
9.279279279279280257e-02 2.539088272282108107e+02
9.289289289289290319e-02 2.539087602806608572e+02
9.299299299299300381e-02 2.539086933331109037e+02
9.309309309309309055e-02 2.539086263855609786e+02
9.319319319319319117e-02 2.539085594380110251e+02
9.329329329329329179e-02 2.539084924904610716e+02
9.339339339339339241e-02 2.539084255429111749e+02
9.349349349349349303e-02 2.539083585953612214e+02
9.359359359359359365e-02 2.539082916478112679e+02
9.369369369369369427e-02 2.539082247002613713e+02
9.379379379379379489e-02 2.539081577527114177e+02
9.389389389389389551e-02 2.539080908051614642e+02
9.399399399399399613e-02 2.539080238576115107e+02
9.409409409409409675e-02 2.539079569100615856e+02
9.419419419419419737e-02 2.539078899625116605e+02
9.429429429429429799e-02 2.539078230149617355e+02
9.439439439439439861e-02 2.539077560674118104e+02
9.449449449449449923e-02 2.539076891198618569e+02
9.459459459459459985e-02 2.539076221723119033e+02
9.469469469469470047e-02 2.539075552247619498e+02
9.479479479479480108e-02 2.539074882772120532e+02
9.489489489489490170e-02 2.539074213296620997e+02
9.499499499499500232e-02 2.539073543821121177e+02
9.509509509509510294e-02 2.539072874345622211e+02
9.519519519519520356e-02 2.539072204870122675e+02
9.529529529529530418e-02 2.539071535394623425e+02
9.539539539539540480e-02 2.539070865919124174e+02
9.549549549549550542e-02 2.539070196443624639e+02
9.559559559559560604e-02 2.539069526968125388e+02
9.569569569569570666e-02 2.539068857492625853e+02
9.579579579579579340e-02 2.539068188017126317e+02
9.589589589589589402e-02 2.539067518541627351e+02
9.599599599599599464e-02 2.539066849066127816e+02
9.609609609609609526e-02 2.539066179590628280e+02
9.619619619619619588e-02 2.539065510115128745e+02
9.629629629629629650e-02 2.539064840639629494e+02
9.639639639639639712e-02 2.539064171164130244e+02
9.649649649649649774e-02 2.539063501688630993e+02
9.659659659659659836e-02 2.539062832213131458e+02
9.669669669669669898e-02 2.539062162737632207e+02
9.679679679679679960e-02 2.539061493262132672e+02
9.689689689689690022e-02 2.539060823786633421e+02
9.699699699699700084e-02 2.539060154311134170e+02
9.709709709709710146e-02 2.539059484835634635e+02
9.719719719719720208e-02 2.539058815360135100e+02
9.729729729729730270e-02 2.539058145884635564e+02
9.739739739739740332e-02 2.539057476409136314e+02
9.749749749749750394e-02 2.539056806933637063e+02
9.759759759759760456e-02 2.539056137458137528e+02
9.769769769769770518e-02 2.539055467982637992e+02
9.779779779779780580e-02 2.539054798507138742e+02
9.789789789789790642e-02 2.539054129031639491e+02
9.799799799799800704e-02 2.539053459556140240e+02
9.809809809809810766e-02 2.539052790080640989e+02
9.819819819819820828e-02 2.539052120605141454e+02
9.829829829829830889e-02 2.539051451129641919e+02
9.839839839839840951e-02 2.539050601313956008e+02
9.849849849849849626e-02 2.539049669063811336e+02
9.859859859859859688e-02 2.539048736813666665e+02
9.869869869869869750e-02 2.539047804563522845e+02
9.879879879879879812e-02 2.539046872313377889e+02
9.889889889889889873e-02 2.539045940063234070e+02
9.899899899899899935e-02 2.539045007813089683e+02
9.909909909909909997e-02 2.539044075562945011e+02
9.919919919919920059e-02 2.539043143312800908e+02
9.929929929929930121e-02 2.539042211062655952e+02
9.939939939939940183e-02 2.539041278812512132e+02
9.949949949949950245e-02 2.539040346562367461e+02
9.959959959959960307e-02 2.539039414312223357e+02
9.969969969969970369e-02 2.539038482062078970e+02
9.979979979979980431e-02 2.539037549811934582e+02
9.989989989989990493e-02 2.539036617561790194e+02
1.000000000000000056e-01 2.539035685311645807e+02
