LineProbe
number of points: 1000 (fixed)
point 0: [0.045 0.045 0.   ]
point 1: [0.045 0.045 0.1  ]
-----

# T 1000
0.000000000000000000e+00 2.531499999999999773e+02
1.001001001001001047e-04 2.531498859151975864e+02
2.002002002002002093e-04 2.531497718303951387e+02
3.003003003003003411e-04 2.531496577455926911e+02
4.004004004004004186e-04 2.531495436607902434e+02
5.005005005005004962e-04 2.531494295759878241e+02
6.006006006006006821e-04 2.531493154911854333e+02
7.007007007007007597e-04 2.531492014063829856e+02
8.008008008008008372e-04 2.531490873215805379e+02
9.009009009009009148e-04 2.531489732367781471e+02
1.001001001001000992e-03 2.531488591519756994e+02
1.101101101101101178e-03 2.531487450671732518e+02
1.201201201201201364e-03 2.531486309823708041e+02
1.301301301301301333e-03 2.531485168975683848e+02
1.401401401401401519e-03 2.531484028127659656e+02
1.501501501501501488e-03 2.531482887279634895e+02
1.601601601601601674e-03 2.531481746431610418e+02
1.701701701701701860e-03 2.531480605583586794e+02
1.801801801801801830e-03 2.531479464735562033e+02
1.901901901901902016e-03 2.531478323887538124e+02
2.002002002002001985e-03 2.531477166295819643e+02
2.102102102102102171e-03 2.531476002471252968e+02
2.202202202202202357e-03 2.531474838646686578e+02
2.302302302302302543e-03 2.531473674822119904e+02
2.402402402402402729e-03 2.531472510997553513e+02
2.502502502502502481e-03 2.531471347172987123e+02
2.602602602602602667e-03 2.531470183348420449e+02
2.702702702702702853e-03 2.531469019523853774e+02
2.802802802802803039e-03 2.531467855699287384e+02
2.902902902902903225e-03 2.531466691874720709e+02
3.003003003003002977e-03 2.531465528050154035e+02
3.103103103103103163e-03 2.531464364225587644e+02
3.203203203203203349e-03 2.531463200401021254e+02
3.303303303303303535e-03 2.531462036576454580e+02
3.403403403403403721e-03 2.531460872751888189e+02
3.503503503503503473e-03 2.531459708927321515e+02
3.603603603603603659e-03 2.531458545102754840e+02
3.703703703703703845e-03 2.531457381278188450e+02
3.803803803803804031e-03 2.531456217453621775e+02
3.903903903903904217e-03 2.531455053629055101e+02
4.004004004004003969e-03 2.531453889804488711e+02
4.104104104104104589e-03 2.531452725979922320e+02
4.204204204204204341e-03 2.531451562155355646e+02
4.304304304304304093e-03 2.531450398330789255e+02
4.404404404404404713e-03 2.531449234506222865e+02
4.504504504504504465e-03 2.531448070681656191e+02
4.604604604604605085e-03 2.531446906857089516e+02
4.704704704704704837e-03 2.531445743032523126e+02
4.804804804804805457e-03 2.531444579207956451e+02
4.904904904904905209e-03 2.531443415383389777e+02
5.005005005005004962e-03 2.531442251558823386e+02
5.105105105105105581e-03 2.531441087734256712e+02
5.205205205205205334e-03 2.531439923909690322e+02
5.305305305305305953e-03 2.531438760085123931e+02
5.405405405405405705e-03 2.531437596260557257e+02
5.505505505505505458e-03 2.531436432435990582e+02
5.605605605605606077e-03 2.531435268611424192e+02
5.705705705705705830e-03 2.531434104786857517e+02
5.805805805805806449e-03 2.531432940962290843e+02
5.905905905905906202e-03 2.531431777137724453e+02
6.006006006006005954e-03 2.531430613313157778e+02
6.106106106106106574e-03 2.531429438546008726e+02
6.206206206206206326e-03 2.531428262476516409e+02
6.306306306306306945e-03 2.531427086407023808e+02
6.406406406406406698e-03 2.531425910337531207e+02
6.506506506506506450e-03 2.531424734268038890e+02
6.606606606606607070e-03 2.531423558198546289e+02
6.706706706706706822e-03 2.531422382129053403e+02
6.806806806806807442e-03 2.531421206059560802e+02
6.906906906906907194e-03 2.531420029990068770e+02
7.007007007007006946e-03 2.531418853920575316e+02
7.107107107107107566e-03 2.531417677851082999e+02
7.207207207207207318e-03 2.531416501781590682e+02
7.307307307307307938e-03 2.531415325712098365e+02
7.407407407407407690e-03 2.531414149642605196e+02
7.507507507507507442e-03 2.531412973573112879e+02
7.607607607607608062e-03 2.531411797503620278e+02
7.707707707707707814e-03 2.531410621434127677e+02
7.807807807807808434e-03 2.531409445364635076e+02
7.907907907907909054e-03 2.531408269295142475e+02
8.008008008008007939e-03 2.531407093225649874e+02
8.108108108108108558e-03 2.531405917156157557e+02
8.208208208208209178e-03 2.531404741086665240e+02
8.308308308308308063e-03 2.531403565017172355e+02
8.408408408408408682e-03 2.531402388947679754e+02
8.508508508508509302e-03 2.531401212878187437e+02
8.608608608608608187e-03 2.531400036808694267e+02
8.708708708708708807e-03 2.531398860739201950e+02
8.808808808808809426e-03 2.531397684669709633e+02
8.908908908908910046e-03 2.531396508600217317e+02
9.009009009009008931e-03 2.531395332530724431e+02
9.109109109109109551e-03 2.531394156461232114e+02
9.209209209209210170e-03 2.531392980391739229e+02
9.309309309309309055e-03 2.531391804322246912e+02
9.409409409409409675e-03 2.531390628252754027e+02
9.509509509509510294e-03 2.531389452183261710e+02
9.609609609609610914e-03 2.531388276113769109e+02
9.709709709709709799e-03 2.531387100044276224e+02
9.809809809809810419e-03 2.531385923974783907e+02
9.909909909909911038e-03 2.531384747905291306e+02
1.001001001001000992e-02 2.531383571835798705e+02
1.011011011011011054e-02 2.531382395766306388e+02
1.021021021021021116e-02 2.531381219696813787e+02
1.031031031031031005e-02 2.531380043627321186e+02
1.041041041041041067e-02 2.531378867557828585e+02
1.051051051051051129e-02 2.531377691488335699e+02
1.061061061061061191e-02 2.531376515418843383e+02
1.071071071071071079e-02 2.531375339349351066e+02
1.081081081081081141e-02 2.531374169475795100e+02
1.091091091091091203e-02 2.531373010216108241e+02
1.101101101101101092e-02 2.531371850956421099e+02
1.111111111111111154e-02 2.531370691696734241e+02
1.121121121121121215e-02 2.531369532437047383e+02
1.131131131131131104e-02 2.531368373177359956e+02
1.141141141141141166e-02 2.531367213917672814e+02
1.151151151151151228e-02 2.531366054657985671e+02
1.161161161161161290e-02 2.531364895398298813e+02
1.171171171171171178e-02 2.531363736138611671e+02
1.181181181181181240e-02 2.531362576878924813e+02
1.191191191191191302e-02 2.531361417619237670e+02
1.201201201201201191e-02 2.531360258359550244e+02
1.211211211211211253e-02 2.531359137514442637e+02
1.221221221221221315e-02 2.531358098918570931e+02
1.231231231231231203e-02 2.531357060322698942e+02
1.241241241241241265e-02 2.531356021726827237e+02
1.251251251251251327e-02 2.531354983130955816e+02
1.261261261261261389e-02 2.531353944535083542e+02
1.271271271271271278e-02 2.531352905939211837e+02
1.281281281281281340e-02 2.531351867343339848e+02
1.291291291291291402e-02 2.531350828747468142e+02
1.301301301301301290e-02 2.531349790151596437e+02
1.311311311311311352e-02 2.531348751555724164e+02
1.321321321321321414e-02 2.531347712959852458e+02
1.331331331331331476e-02 2.531346674363980469e+02
1.341341341341341364e-02 2.531345635768109048e+02
1.351351351351351426e-02 2.531344597172237343e+02
1.361361361361361488e-02 2.531343558576365353e+02
1.371371371371371377e-02 2.531342530542353302e+02
1.381381381381381439e-02 2.531341504872122528e+02
1.391391391391391501e-02 2.531340479201891185e+02
1.401401401401401389e-02 2.531339453531660411e+02
1.411411411411411451e-02 2.531338427861429068e+02
1.421421421421421513e-02 2.531337402191198294e+02
1.431431431431431575e-02 2.531336376520966951e+02
1.441441441441441464e-02 2.531335350850736177e+02
1.451451451451451526e-02 2.531334325180504834e+02
1.461461461461461588e-02 2.531333299510274060e+02
1.471471471471471476e-02 2.531332273840043285e+02
1.481481481481481538e-02 2.531331248169811943e+02
1.491491491491491600e-02 2.531330222499581168e+02
1.501501501501501488e-02 2.531329196829350110e+02
1.511511511511511550e-02 2.531328171159119051e+02
1.521521521521521612e-02 2.531327145488887709e+02
1.531531531531531674e-02 2.531326119818656935e+02
1.541541541541541563e-02 2.531325094148425592e+02
1.551551551551551625e-02 2.531324068478194818e+02
1.561561561561561687e-02 2.531323042807963759e+02
1.571571571571571749e-02 2.531322017137732701e+02
1.581581581581581811e-02 2.531320991467501358e+02
1.591591591591591526e-02 2.531319965797270584e+02
1.601601601601601588e-02 2.531318940127039809e+02
1.611611611611611650e-02 2.531317914456808751e+02
1.621621621621621712e-02 2.531316888786577692e+02
1.631631631631631774e-02 2.531315863116346634e+02
1.641641641641641836e-02 2.531314837446115575e+02
1.651651651651651898e-02 2.531313811775884517e+02
1.661661661661661613e-02 2.531312786105653458e+02
1.671671671671671675e-02 2.531311760435422684e+02
1.681681681681681736e-02 2.531310734765191341e+02
1.691691691691691798e-02 2.531309709094960283e+02
1.701701701701701860e-02 2.531308683424729509e+02
1.711711711711711922e-02 2.531307657754498450e+02
1.721721721721721637e-02 2.531306632084267392e+02
1.731731731731731699e-02 2.531305606414036333e+02
1.741741741741741761e-02 2.531304580743805275e+02
1.751751751751751823e-02 2.531303555073574216e+02
1.761761761761761885e-02 2.531302529403343442e+02
1.771771771771771947e-02 2.531301503733112099e+02
1.781781781781782009e-02 2.531300478062881041e+02
1.791791791791791724e-02 2.531299452392649982e+02
1.801801801801801786e-02 2.531298426722419208e+02
1.811811811811811848e-02 2.531297401052187865e+02
1.821821821821821910e-02 2.531296375381956807e+02
1.831831831831831972e-02 2.531295349711725748e+02
1.841841841841842034e-02 2.531294324041494974e+02
1.851851851851852096e-02 2.531293298371264200e+02
1.861861861861861811e-02 2.531292272701032857e+02
1.871871871871871873e-02 2.531291247030802083e+02
1.881881881881881935e-02 2.531290221360571309e+02
1.891891891891891997e-02 2.531289195690339966e+02
1.901901901901902059e-02 2.531288170020108623e+02
1.911911911911912121e-02 2.531287144349878133e+02
1.921921921921922183e-02 2.531286118679646506e+02
1.931931931931931898e-02 2.531285093009415732e+02
1.941941941941941960e-02 2.531284067339184958e+02
1.951951951951952022e-02 2.531283041668953615e+02
1.961961961961962084e-02 2.531282015998722272e+02
1.971971971971972146e-02 2.531280990328491782e+02
1.981981981981982208e-02 2.531279964658260724e+02
1.991991991991991923e-02 2.531278938988029381e+02
2.002002002002001985e-02 2.531277913317798607e+02
2.012012012012012047e-02 2.531276887647567548e+02
2.022022022022022109e-02 2.531275861977336490e+02
2.032032032032032171e-02 2.531274836307105431e+02
2.042042042042042232e-02 2.531273810636874373e+02
2.052052052052052294e-02 2.531272784966643599e+02
2.062062062062062009e-02 2.531271759296412540e+02
2.072072072072072071e-02 2.531270733626181482e+02
2.082082082082082133e-02 2.531269707955950423e+02
2.092092092092092195e-02 2.531268682285719365e+02
2.102102102102102257e-02 2.531267656615488306e+02
2.112112112112112319e-02 2.531266630945257532e+02
2.122122122122122381e-02 2.531265605275026473e+02
2.132132132132132096e-02 2.531264579604795415e+02
2.142142142142142158e-02 2.531263553934563788e+02
2.152152152152152220e-02 2.531262528264333298e+02
2.162162162162162282e-02 2.531261502594101955e+02
2.172172172172172344e-02 2.531260476923871181e+02
2.182182182182182406e-02 2.531259451253639838e+02
2.192192192192192121e-02 2.531258425583409064e+02
2.202202202202202183e-02 2.531257399913177721e+02
2.212212212212212245e-02 2.531256374242946947e+02
2.222222222222222307e-02 2.531255348572715889e+02
2.232232232232232369e-02 2.531254322902485114e+02
2.242242242242242431e-02 2.531253297232254056e+02
2.252252252252252493e-02 2.531252271562022997e+02
2.262262262262262208e-02 2.531251245891791939e+02
2.272272272272272270e-02 2.531250225988472664e+02
2.282282282282282332e-02 2.531249216758605485e+02
2.292292292292292394e-02 2.531248207528738590e+02
2.302302302302302456e-02 2.531247198298871695e+02
2.312312312312312518e-02 2.531246179965135070e+02
2.322322322322322580e-02 2.531245152462950045e+02
2.332332332332332295e-02 2.531244228377775585e+02
2.342342342342342357e-02 2.531243388080003172e+02
2.352352352352352419e-02 2.531242547782230758e+02
2.362362362362362481e-02 2.531241707484458061e+02
2.372372372372372543e-02 2.531240867186685932e+02
2.382382382382382605e-02 2.531240026888913235e+02
2.392392392392392667e-02 2.531239186591140538e+02
2.402402402402402382e-02 2.531238346293368124e+02
2.412412412412412444e-02 2.531237505995595711e+02
2.422422422422422505e-02 2.531236665697823298e+02
2.432432432432432567e-02 2.531235825400050885e+02
2.442442442442442629e-02 2.531234985102278756e+02
2.452452452452452691e-02 2.531234144804505490e+02
2.462462462462462406e-02 2.531233304506733077e+02
2.472472472472472468e-02 2.531232464208960664e+02
2.482482482482482530e-02 2.531231623911188251e+02
2.492492492492492592e-02 2.531230783613415838e+02
2.502502502502502654e-02 2.531229943315643425e+02
2.512512512512512716e-02 2.531229103017870727e+02
2.522522522522522778e-02 2.531228262720097746e+02
2.532532532532532493e-02 2.531227422422325617e+02
2.542542542542542555e-02 2.531226582124552920e+02
2.552552552552552617e-02 2.531225741826780222e+02
2.562562562562562679e-02 2.531224901529008093e+02
2.572572572572572741e-02 2.531224061231235964e+02
2.582582582582582803e-02 2.531223220933462983e+02
2.592592592592592865e-02 2.531222380635690570e+02
2.602602602602602580e-02 2.531221540337918157e+02
2.612612612612612642e-02 2.531220700040145459e+02
2.622622622622622704e-02 2.531219859742373046e+02
2.632632632632632766e-02 2.531219019444600917e+02
2.642642642642642828e-02 2.531218179146828220e+02
2.652652652652652890e-02 2.531217338849055523e+02
2.662662662662662952e-02 2.531216498551283109e+02
2.672672672672672667e-02 2.531215658253510696e+02
2.682682682682682729e-02 2.531214817955737999e+02
2.692692692692692791e-02 2.531213977657965870e+02
2.702702702702702853e-02 2.531213137360193741e+02
2.712712712712712915e-02 2.531212297062420191e+02
2.722722722722722977e-02 2.531211456764647778e+02
2.732732732732732692e-02 2.531210616466875365e+02
2.742742742742742754e-02 2.531209776169102668e+02
2.752752752752752816e-02 2.531208935871330254e+02
2.762762762762762878e-02 2.531208095573558126e+02
2.772772772772772940e-02 2.531207255275785428e+02
2.782782782782783002e-02 2.531206414978013015e+02
2.792792792792793063e-02 2.531205574680240602e+02
2.802802802802802778e-02 2.531204734382467905e+02
2.812812812812812840e-02 2.531203894084695207e+02
2.822822822822822902e-02 2.531203053786923078e+02
2.832832832832832964e-02 2.531202213489150949e+02
2.842842842842843026e-02 2.531201373191377968e+02
2.852852852852853088e-02 2.531200532893605271e+02
2.862862862862863150e-02 2.531199692595833142e+02
2.872872872872872865e-02 2.531198852298060444e+02
2.882882882882882927e-02 2.531198012000288031e+02
2.892892892892892989e-02 2.531197171702515902e+02
2.902902902902903051e-02 2.531196331404742921e+02
2.912912912912913113e-02 2.531195491106970223e+02
2.922922922922923175e-02 2.531194650809197810e+02
2.932932932932933237e-02 2.531193810511425397e+02
2.942942942942942952e-02 2.531192970213652984e+02
2.952952952952953014e-02 2.531192129915880571e+02
2.962962962962963076e-02 2.531191289618108158e+02
2.972972972972973138e-02 2.531190449320335745e+02
2.982982982982983200e-02 2.531189609022563047e+02
2.992992992992993262e-02 2.531188768724790350e+02
3.003003003003002977e-02 2.531187928427017937e+02
3.013013013013013039e-02 2.531187088129245524e+02
3.023023023023023101e-02 2.531186247831473111e+02
3.033033033033033163e-02 2.531185407533700413e+02
3.043043043043043225e-02 2.531184567235928000e+02
3.053053053053053287e-02 2.531183726938155303e+02
3.063063063063063349e-02 2.531182886640382890e+02
3.073073073073073064e-02 2.531182046342610192e+02
3.083083083083083126e-02 2.531181206044838063e+02
3.093093093093093188e-02 2.531180365747065650e+02
3.103103103103103250e-02 2.531179525392759331e+02
3.113113113113113312e-02 2.531178682307195231e+02
3.123123123123123374e-02 2.531177839221630563e+02
3.133133133133133436e-02 2.531176996136066464e+02
3.143143143143143498e-02 2.531176153050502080e+02
3.153153153153153559e-02 2.531175309964937696e+02
3.163163163163163621e-02 2.531174466879373881e+02
3.173173173173172990e-02 2.531173623793809213e+02
3.183183183183183051e-02 2.531172780708245114e+02
3.193193193193193113e-02 2.531171937622680730e+02
3.203203203203203175e-02 2.531171094537116346e+02
3.213213213213213237e-02 2.531170251451552247e+02
3.223223223223223299e-02 2.531169408365987863e+02
3.233233233233233361e-02 2.531168565280424048e+02
3.243243243243243423e-02 2.531167722194859380e+02
3.253253253253253485e-02 2.531166879109295280e+02
3.263263263263263547e-02 2.531166036023731181e+02
3.273273273273273609e-02 2.531165192938167081e+02
3.283283283283283671e-02 2.531164349852602697e+02
3.293293293293293733e-02 2.531163506767038598e+02
3.303303303303303795e-02 2.531162663681473930e+02
3.313313313313313163e-02 2.531161820595909830e+02
3.323323323323323225e-02 2.531160977510345447e+02
3.333333333333333287e-02 2.531160134424781063e+02
3.343343343343343349e-02 2.531159291339217248e+02
3.353353353353353411e-02 2.531158448253652864e+02
3.363363363363363473e-02 2.531157605168088480e+02
3.373373373373373535e-02 2.531156762082524097e+02
3.383383383383383597e-02 2.531155918996959713e+02
3.393393393393393659e-02 2.531155075911395897e+02
3.403403403403403721e-02 2.531154232825831798e+02
3.413413413413413783e-02 2.531153389740267414e+02
3.423423423423423845e-02 2.531152546654703031e+02
3.433433433433433907e-02 2.531151703569138647e+02
3.443443443443443275e-02 2.531150860483574547e+02
3.453453453453453337e-02 2.531150017398010448e+02
3.463463463463463399e-02 2.531149174312446064e+02
3.473473473473473461e-02 2.531148329592257369e+02
3.483483483483483523e-02 2.531147484208336209e+02
3.493493493493493585e-02 2.531146638824415049e+02
3.503503503503503647e-02 2.531145793440493605e+02
3.513513513513513709e-02 2.531144937029238235e+02
3.523523523523523771e-02 2.531144073182963723e+02
3.533533533533533832e-02 2.531143219234230344e+02
3.543543543543543894e-02 2.531142401009548450e+02
3.553553553553553956e-02 2.531141627764372686e+02
3.563563563563564018e-02 2.531140854519196353e+02
3.573573573573574080e-02 2.531140081274020019e+02
3.583583583583583448e-02 2.531139308028843402e+02
3.593593593593593510e-02 2.531138534783667069e+02
3.603603603603603572e-02 2.531137761538491304e+02
3.613613613613613634e-02 2.531136988293314971e+02
3.623623623623623696e-02 2.531136215048138638e+02
3.633633633633633758e-02 2.531135441802962021e+02
3.643643643643643820e-02 2.531134668557785972e+02
3.653653653653653882e-02 2.531133895312609923e+02
3.663663663663663944e-02 2.531133122067433590e+02
3.673673673673674006e-02 2.531132348822257256e+02
3.683683683683684068e-02 2.531131575577080639e+02
3.693693693693694130e-02 2.531130802331904590e+02
3.703703703703704192e-02 2.531130029086728541e+02
3.713713713713713560e-02 2.531129255841552208e+02
3.723723723723723622e-02 2.531128482596375591e+02
3.733733733733733684e-02 2.531127709351199258e+02
3.743743743743743746e-02 2.531126936106022924e+02
3.753753753753753808e-02 2.531126162860846875e+02
3.763763763763763870e-02 2.531125389615670542e+02
3.773773773773773932e-02 2.531124616370493925e+02
3.783783783783783994e-02 2.531123843125317876e+02
3.793793793793794056e-02 2.531123069880141543e+02
3.803803803803804118e-02 2.531122296634965494e+02
3.813813813813814180e-02 2.531121523389789161e+02
3.823823823823824242e-02 2.531120750144612828e+02
3.833833833833834304e-02 2.531119976899436494e+02
3.843843843843844366e-02 2.531119203654260161e+02
3.853853853853853734e-02 2.531118430409084112e+02
3.863863863863863796e-02 2.531117657163908063e+02
3.873873873873873858e-02 2.531116883918731446e+02
3.883883883883883920e-02 2.531116110673555113e+02
3.893893893893893982e-02 2.531115337428378780e+02
3.903903903903904044e-02 2.531114564183202731e+02
3.913913913913914105e-02 2.531113790938026682e+02
3.923923923923924167e-02 2.531113017692850065e+02
3.933933933933934229e-02 2.531112244447673731e+02
3.943943943943944291e-02 2.531111471202497398e+02
3.953953953953954353e-02 2.531110697957321349e+02
3.963963963963964415e-02 2.531109924712145300e+02
3.973973973973974477e-02 2.531109151466968683e+02
3.983983983983983845e-02 2.531108378221792350e+02
3.993993993993993907e-02 2.531107604976616017e+02
4.004004004004003969e-02 2.531106831731439684e+02
4.014014014014014031e-02 2.531106058486263066e+02
4.024024024024024093e-02 2.531105285241087017e+02
4.034034034034034155e-02 2.531104511995910684e+02
4.044044044044044217e-02 2.531103738750734919e+02
4.054054054054054279e-02 2.531102965505558302e+02
4.064064064064064341e-02 2.531102192260381969e+02
4.074074074074074403e-02 2.531101419015205636e+02
4.084084084084084465e-02 2.531100645770029303e+02
4.094094094094094527e-02 2.531099872524853538e+02
4.104104104104104589e-02 2.531099099279676921e+02
4.114114114114113957e-02 2.531098326034500303e+02
4.124124124124124019e-02 2.531097552789324254e+02
4.134134134134134081e-02 2.531096779544148205e+02
4.144144144144144143e-02 2.531096006298972156e+02
4.154154154154154205e-02 2.531095233053795539e+02
4.164164164164164267e-02 2.531094459808619206e+02
4.174174174174174329e-02 2.531093686563443157e+02
4.184184184184184391e-02 2.531092913318266824e+02
4.194194194194194453e-02 2.531092140073090775e+02
4.204204204204204515e-02 2.531091366827914158e+02
4.214214214214214577e-02 2.531090593582737824e+02
4.224224224224224639e-02 2.531089820337561775e+02
4.234234234234234701e-02 2.531089047092385442e+02
4.244244244244244763e-02 2.531088273847209393e+02
4.254254254254254131e-02 2.531087500602032776e+02
4.264264264264264193e-02 2.531086727356856727e+02
4.274274274274274255e-02 2.531085954111680110e+02
4.284284284284284317e-02 2.531085180866503777e+02
4.294294294294294378e-02 2.531084407621327159e+02
4.304304304304304440e-02 2.531083634376151394e+02
4.314314314314314502e-02 2.531082861130975061e+02
4.324324324324324564e-02 2.531082087885798728e+02
4.334334334334334626e-02 2.531081314640622395e+02
4.344344344344344688e-02 2.531080541395446062e+02
4.354354354354354750e-02 2.531079768150269729e+02
4.364364364364364812e-02 2.531078994905093680e+02
4.374374374374374874e-02 2.531078221659917347e+02
4.384384384384384242e-02 2.531077448414741013e+02
4.394394394394394304e-02 2.531076675169564680e+02
4.404404404404404366e-02 2.531075901924388631e+02
4.414414414414414428e-02 2.531075128679212298e+02
4.424424424424424490e-02 2.531074355434035965e+02
4.434434434434434552e-02 2.531073582188859632e+02
4.444444444444444614e-02 2.531072808943683299e+02
4.454454454454454676e-02 2.531072035698506966e+02
4.464464464464464738e-02 2.531071262453330917e+02
4.474474474474474800e-02 2.531070489208154868e+02
4.484484484484484862e-02 2.531069715962978250e+02
4.494494494494494924e-02 2.531068942717801917e+02
4.504504504504504986e-02 2.531068169472626153e+02
4.514514514514515048e-02 2.531067396227449535e+02
4.524524524524524416e-02 2.531066622982273202e+02
4.534534534534534478e-02 2.531065849737096585e+02
4.544544544544544540e-02 2.531065076491920536e+02
4.554554554554554602e-02 2.531064303246743918e+02
4.564564564564564664e-02 2.531063530001567869e+02
4.574574574574574726e-02 2.531062756756391821e+02
4.584584584584584788e-02 2.531061983511215203e+02
4.594594594594594850e-02 2.531061210266039154e+02
4.604604604604604912e-02 2.531060437020862537e+02
4.614614614614614974e-02 2.531059663775686488e+02
4.624624624624625036e-02 2.531058890530510439e+02
4.634634634634635098e-02 2.531058117285333822e+02
4.644644644644645159e-02 2.531057344040157773e+02
4.654654654654654528e-02 2.531056570794981724e+02
4.664664664664664590e-02 2.531055797549805106e+02
4.674674674674674651e-02 2.531055024304629057e+02
4.684684684684684713e-02 2.531054251059452724e+02
4.694694694694694775e-02 2.531053477814276391e+02
4.704704704704704837e-02 2.531052704569100058e+02
4.714714714714714899e-02 2.531051931323923725e+02
4.724724724724724961e-02 2.531051158078747676e+02
4.734734734734735023e-02 2.531050384833571059e+02
4.744744744744745085e-02 2.531049611588395010e+02
4.754754754754755147e-02 2.531048838343218961e+02
4.764764764764765209e-02 2.531048065098042628e+02
4.774774774774775271e-02 2.531047291852866294e+02
4.784784784784785333e-02 2.531046518607689961e+02
4.794794794794794701e-02 2.531045745362513344e+02
4.804804804804804763e-02 2.531044972117337011e+02
4.814814814814814825e-02 2.531044198872160962e+02
4.824824824824824887e-02 2.531043425626984629e+02
4.834834834834834949e-02 2.531042652381808296e+02
4.844844844844845011e-02 2.531041879136631962e+02
4.854854854854855073e-02 2.531041105891455629e+02
4.864864864864865135e-02 2.531040332646279580e+02
4.874874874874875197e-02 2.531039559401103247e+02
4.884884884884885259e-02 2.531038786155926914e+02
4.894894894894895321e-02 2.531038012910750581e+02
4.904904904904905383e-02 2.531037239665574532e+02
4.914914914914915445e-02 2.531036466420398199e+02
4.924924924924924813e-02 2.531035693175221866e+02
4.934934934934934875e-02 2.531034919930045533e+02
4.944944944944944937e-02 2.531034146684869199e+02
4.954954954954954999e-02 2.531033373439692866e+02
4.964964964964965061e-02 2.531032600194516817e+02
4.974974974974975123e-02 2.531031826949340484e+02
4.984984984984985185e-02 2.531031053704164151e+02
4.994994994994995247e-02 2.531030280458987818e+02
5.005005005005005309e-02 2.531029507213811769e+02
5.015015015015015371e-02 2.531028696258767070e+02
5.025025025025025432e-02 2.531027849948392827e+02
5.035035035035035494e-02 2.531027003638019153e+02
5.045045045045045556e-02 2.531026157327644626e+02
5.055055055055055618e-02 2.531025311017270951e+02
5.065065065065064986e-02 2.531024464706897277e+02
5.075075075075075048e-02 2.531023618396523318e+02
5.085085085085085110e-02 2.531022772086149359e+02
5.095095095095095172e-02 2.531021925775775117e+02
5.105105105105105234e-02 2.531021079465401442e+02
5.115115115115115296e-02 2.531020233155027768e+02
5.125125125125125358e-02 2.531019386844653525e+02
5.135135135135135420e-02 2.531018540534279566e+02
5.145145145145145482e-02 2.531017694223905323e+02
5.155155155155155544e-02 2.531016847913531649e+02
5.165165165165165606e-02 2.531016001603157690e+02
5.175175175175175668e-02 2.531015155292784016e+02
5.185185185185185730e-02 2.531014308982409773e+02
5.195195195195195098e-02 2.531013462672036098e+02
5.205205205205205160e-02 2.531012616361661856e+02
5.215215215215215222e-02 2.531011770051287613e+02
5.225225225225225284e-02 2.531010923740914222e+02
5.235235235235235346e-02 2.531010077430539980e+02
5.245245245245245408e-02 2.531009231120166305e+02
5.255255255255255470e-02 2.531008384809792062e+02
5.265265265265265532e-02 2.531007538499418388e+02
5.275275275275275594e-02 2.531006692189044713e+02
5.285285285285285656e-02 2.531005845878670470e+02
5.295295295295295718e-02 2.531004999568296512e+02
5.305305305305305780e-02 2.531004153257922269e+02
5.315315315315315842e-02 2.531003306947548879e+02
5.325325325325325904e-02 2.531002460637174636e+02
5.335335335335335272e-02 2.531001614326800677e+02
5.345345345345345334e-02 2.531000768016427003e+02
5.355355355355355396e-02 2.530999921706052760e+02
5.365365365365365458e-02 2.530999075395678801e+02
5.375375375375375520e-02 2.530998229085304843e+02
5.385385385385385582e-02 2.530997382774930884e+02
5.395395395395395644e-02 2.530996536464556925e+02
5.405405405405405705e-02 2.530995690154182967e+02
5.415415415415415767e-02 2.530994843843809292e+02
5.425425425425425829e-02 2.530993997533435049e+02
5.435435435435435891e-02 2.530993151223061659e+02
5.445445445445445953e-02 2.530992304912687132e+02
5.455455455455456015e-02 2.530991458602313742e+02
5.465465465465465383e-02 2.530990612291939215e+02
5.475475475475475445e-02 2.530989765981565824e+02
5.485485485485485507e-02 2.530988919671191866e+02
5.495495495495495569e-02 2.530988073360817623e+02
5.505505505505505631e-02 2.530987227050443948e+02
5.515515515515515693e-02 2.530986380740069706e+02
5.525525525525525755e-02 2.530985534429696031e+02
5.535535535535535817e-02 2.530984688119321788e+02
5.545545545545545879e-02 2.530983841808948114e+02
5.555555555555555941e-02 2.530982995498574155e+02
5.565565565565566003e-02 2.530982149188199912e+02
5.575575575575576065e-02 2.530981302877826238e+02
5.585585585585586127e-02 2.530980456567452279e+02
5.595595595595596189e-02 2.530979610257078321e+02
5.605605605605605557e-02 2.530978763946704362e+02
5.615615615615615619e-02 2.530977917636330403e+02
5.625625625625625681e-02 2.530977071325956445e+02
5.635635635635635743e-02 2.530976225015582486e+02
5.645645645645645805e-02 2.530975378705208527e+02
5.655655655655655867e-02 2.530974532394834569e+02
5.665665665665665929e-02 2.530973686084460610e+02
5.675675675675675991e-02 2.530972839774086651e+02
5.685685685685686053e-02 2.530971993463712693e+02
5.695695695695696115e-02 2.530971147153338734e+02
5.705705705705706177e-02 2.530970300842964775e+02
5.715715715715716239e-02 2.530969454532590817e+02
5.725725725725726301e-02 2.530968608222217426e+02
5.735735735735735669e-02 2.530967761911842899e+02
5.745745745745745731e-02 2.530966915601469509e+02
5.755755755755755793e-02 2.530966069291095266e+02
5.765765765765765855e-02 2.530965222980721308e+02
5.775775775775775916e-02 2.530964376670347349e+02
5.785785785785785978e-02 2.530963530359973390e+02
5.795795795795796040e-02 2.530962684049599432e+02
5.805805805805806102e-02 2.530961837739225473e+02
5.815815815815816164e-02 2.530960991428851798e+02
5.825825825825826226e-02 2.530960145118477840e+02
5.835835835835836288e-02 2.530959306156127582e+02
5.845845845845846350e-02 2.530958652891038980e+02
5.855855855855856412e-02 2.530957999625950379e+02
5.865865865865866474e-02 2.530957346360861209e+02
5.875875875875875842e-02 2.530956693095772607e+02
5.885885885885885904e-02 2.530956039830683721e+02
5.895895895895895966e-02 2.530955386565594836e+02
5.905905905905906028e-02 2.530954733300506234e+02
5.915915915915916090e-02 2.530954080035417633e+02
5.925925925925926152e-02 2.530953426770328747e+02
5.935935935935936214e-02 2.530952773505240145e+02
5.945945945945946276e-02 2.530952120240151260e+02
5.955955955955956338e-02 2.530951466975062658e+02
5.965965965965966400e-02 2.530950813709973772e+02
5.975975975975976462e-02 2.530950160444884887e+02
5.985985985985986524e-02 2.530949507179796285e+02
5.995995995995996586e-02 2.530948853914707684e+02
6.006006006006005954e-02 2.530948200649618798e+02
6.016016016016016016e-02 2.530947547384529912e+02
6.026026026026026078e-02 2.530946894119441311e+02
6.036036036036036140e-02 2.530946240854352425e+02
6.046046046046046202e-02 2.530945587589263823e+02
6.056056056056056264e-02 2.530944934324175222e+02
6.066066066066066326e-02 2.530944281059086336e+02
6.076076076076076388e-02 2.530943627793997450e+02
6.086086086086086450e-02 2.530942974528908849e+02
6.096096096096096512e-02 2.530942321263819963e+02
6.106106106106106574e-02 2.530941667998731077e+02
6.116116116116116636e-02 2.530940956165952684e+02
6.126126126126126697e-02 2.530940234103142927e+02
6.136136136136136759e-02 2.530939512040333739e+02
6.146146146146146128e-02 2.530938789977524550e+02
6.156156156156156189e-02 2.530938067914715361e+02
6.166166166166166251e-02 2.530937345851905889e+02
6.176176176176176313e-02 2.530936623789096416e+02
6.186186186186186375e-02 2.530935901726286943e+02
6.196196196196196437e-02 2.530935179663477470e+02
6.206206206206206499e-02 2.530934457600668566e+02
6.216216216216216561e-02 2.530933735537858809e+02
6.226226226226226623e-02 2.530933013475049620e+02
6.236236236236236685e-02 2.530932291412240431e+02
6.246246246246246747e-02 2.530931569349430674e+02
6.256256256256256809e-02 2.530930847286621486e+02
6.266266266266266871e-02 2.530930125223812297e+02
6.276276276276276933e-02 2.530929403161002824e+02
6.286286286286286995e-02 2.530928681098193351e+02
6.296296296296297057e-02 2.530927959035383878e+02
6.306306306306307119e-02 2.530927236972574690e+02
6.316316316316317181e-02 2.530926514909764933e+02
6.326326326326327243e-02 2.530925792846956028e+02
6.336336336336337305e-02 2.530925070784146556e+02
6.346346346346345979e-02 2.530924348721337367e+02
6.356356356356356041e-02 2.530923626658528178e+02
6.366366366366366103e-02 2.530922904595718705e+02
6.376376376376376165e-02 2.530922182532909233e+02
6.386386386386386227e-02 2.530921460470099760e+02
6.396396396396396289e-02 2.530920738407290571e+02
6.406406406406406351e-02 2.530920016344481382e+02
6.416416416416416413e-02 2.530919294281671625e+02
6.426426426426426475e-02 2.530918572218862437e+02
6.436436436436436537e-02 2.530917807228790366e+02
6.446446446446446599e-02 2.530916960430887457e+02
6.456456456456456661e-02 2.530916113632984832e+02
6.466466466466466723e-02 2.530915266835082207e+02
6.476476476476476785e-02 2.530914420037179866e+02
6.486486486486486847e-02 2.530913573239277525e+02
6.496496496496496909e-02 2.530912726441375185e+02
6.506506506506506970e-02 2.530911879643471991e+02
6.516516516516517032e-02 2.530911032845569650e+02
6.526526526526527094e-02 2.530910186047667310e+02
6.536536536536537156e-02 2.530909339249764400e+02
6.546546546546547218e-02 2.530908492451862060e+02
6.556556556556557280e-02 2.530907645653959435e+02
6.566566566566567342e-02 2.530906798856056810e+02
6.576576576576577404e-02 2.530905952058154753e+02
6.586586586586587466e-02 2.530905105260252128e+02
6.596596596596597528e-02 2.530904258462349503e+02
6.606606606606607590e-02 2.530903342787327404e+02
6.616616616616616264e-02 2.530902402552509045e+02
6.626626626626626326e-02 2.530901442891097588e+02
6.636636636636636388e-02 2.530900473105583615e+02
6.646646646646646450e-02 2.530899503320069357e+02
6.656656656656656512e-02 2.530898533534554815e+02
6.666666666666666574e-02 2.530897563749040557e+02
6.676676676676676636e-02 2.530896593963526300e+02
6.686686686686686698e-02 2.530895624178012042e+02
6.696696696696696760e-02 2.530894654392497500e+02
6.706706706706706822e-02 2.530893684606983527e+02
6.716716716716716884e-02 2.530892714821468985e+02
6.726726726726726946e-02 2.530891767227045932e+02
6.736736736736737008e-02 2.530890845673781087e+02
6.746746746746747070e-02 2.530889924120516525e+02
6.756756756756757132e-02 2.530889002567251680e+02
6.766766766766767194e-02 2.530888081013986550e+02
6.776776776776777256e-02 2.530887159460721989e+02
6.786786786786787318e-02 2.530886237907457144e+02
6.796796796796797380e-02 2.530885316354192298e+02
6.806806806806807442e-02 2.530884394800927737e+02
6.816816816816817504e-02 2.530883473247662607e+02
6.826826826826827566e-02 2.530882551694398330e+02
6.836836836836837628e-02 2.530881630141133201e+02
6.846846846846847690e-02 2.530880708587868355e+02
6.856856856856857751e-02 2.530879787034603510e+02
6.866866866866867813e-02 2.530878865481338948e+02
6.876876876876877875e-02 2.530877943928073535e+02
6.886886886886886550e-02 2.530877022374809258e+02
6.896896896896896612e-02 2.530876100821544128e+02
6.906906906906906674e-02 2.530875179268279567e+02
6.916916916916916735e-02 2.530874257715014721e+02
6.926926926926926797e-02 2.530873336161750160e+02
6.936936936936936859e-02 2.530872414608484746e+02
6.946946946946946921e-02 2.530871493055220469e+02
6.956956956956956983e-02 2.530870571501955624e+02
6.966966966966967045e-02 2.530869649948690778e+02
6.976976976976977107e-02 2.530868728395425933e+02
6.986986986986987169e-02 2.530867806842160803e+02
6.996996996996997231e-02 2.530866885288896242e+02
7.007007007007007293e-02 2.530865963735631681e+02
7.017017017017017355e-02 2.530865042182366551e+02
7.027027027027027417e-02 2.530864120629101990e+02
7.037037037037037479e-02 2.530863199075837144e+02
7.047047047047047541e-02 2.530862277522572299e+02
7.057057057057057603e-02 2.530861355969307454e+02
7.067067067067067665e-02 2.530860434416042608e+02
7.077077077077077727e-02 2.530859512862777763e+02
7.087087087087087789e-02 2.530858591309512917e+02
7.097097097097097851e-02 2.530857669756248072e+02
7.107107107107107913e-02 2.530856748202983511e+02
7.117117117117117975e-02 2.530855826649718665e+02
7.127127127127128037e-02 2.530854905096453535e+02
7.137137137137138099e-02 2.530853902345434108e+02
7.147147147147148161e-02 2.530852866652516013e+02
7.157157157157156835e-02 2.530851830959597919e+02
7.167167167167166897e-02 2.530850795266680109e+02
7.177177177177176959e-02 2.530849759573761730e+02
7.187187187187187021e-02 2.530848723880843920e+02
7.197197197197197083e-02 2.530847688187925826e+02
7.207207207207207145e-02 2.530846652495007731e+02
7.217217217217217207e-02 2.530845616802089921e+02
7.227227227227227269e-02 2.530844581109171827e+02
7.237237237237237331e-02 2.530843545416253733e+02
7.247247247247247393e-02 2.530842509723335922e+02
7.257257257257257455e-02 2.530841474030418112e+02
7.267267267267267516e-02 2.530840438337499734e+02
7.277277277277277578e-02 2.530839402644581639e+02
7.287287287287287640e-02 2.530838366951664113e+02
7.297297297297297702e-02 2.530837331258745735e+02
7.307307307307307764e-02 2.530836295565827925e+02
7.317317317317317826e-02 2.530835259872909546e+02
7.327327327327327888e-02 2.530834224179991452e+02
7.337337337337337950e-02 2.530833188487073642e+02
7.347347347347348012e-02 2.530832152794155263e+02
7.357357357357358074e-02 2.530831117101237453e+02
7.367367367367368136e-02 2.530830081408319643e+02
7.377377377377378198e-02 2.530829045715401548e+02
7.387387387387388260e-02 2.530828010022483454e+02
7.397397397397398322e-02 2.530826974329565076e+02
7.407407407407408384e-02 2.530825938636647550e+02
7.417417417417418446e-02 2.530824892843342013e+02
7.427427427427427120e-02 2.530823840115328380e+02
7.437437437437437182e-02 2.530822787387314747e+02
7.447447447447447244e-02 2.530821734659300546e+02
7.457457457457457306e-02 2.530820681931286913e+02
7.467467467467467368e-02 2.530819629203273280e+02
7.477477477477477430e-02 2.530818576475259363e+02
7.487487487487487492e-02 2.530817523747245446e+02
7.497497497497497554e-02 2.530816471019232097e+02
7.507507507507507616e-02 2.530815418291218180e+02
7.517517517517517678e-02 2.530814365563204547e+02
7.527527527527527740e-02 2.530813312835190629e+02
7.537537537537537802e-02 2.530812260107176996e+02
7.547547547547547864e-02 2.530811207379163363e+02
7.557557557557557926e-02 2.530810154651149730e+02
7.567567567567567988e-02 2.530809101923135813e+02
7.577577577577578050e-02 2.530808049195122180e+02
7.587587587587588112e-02 2.530806996467108547e+02
7.597597597597598174e-02 2.530805943739094346e+02
7.607607607607608236e-02 2.530804891011080713e+02
7.617617617617618297e-02 2.530803838283066796e+02
7.627627627627628359e-02 2.530802785555053163e+02
7.637637637637638421e-02 2.530801732827039530e+02
7.647647647647648483e-02 2.530800680099025612e+02
7.657657657657658545e-02 2.530799627371011979e+02
7.667667667667668607e-02 2.530798574642998346e+02
7.677677677677678669e-02 2.530797521914984429e+02
7.687687687687688731e-02 2.530796469186970796e+02
7.697697697697697405e-02 2.530795416458956879e+02
7.707707707707707467e-02 2.530794436397944196e+02
7.717717717717717529e-02 2.530793546450028089e+02
7.727727727727727591e-02 2.530792656502112266e+02
7.737737737737737653e-02 2.530791766554196442e+02
7.747747747747747715e-02 2.530790876606280619e+02
7.757757757757757777e-02 2.530789986658364512e+02
7.767767767767767839e-02 2.530789096710448973e+02
7.777777777777777901e-02 2.530788206762533434e+02
7.787787787787787963e-02 2.530787316814617611e+02
7.797797797797798025e-02 2.530786426866701504e+02
7.807807807807808087e-02 2.530785536918785681e+02
7.817817817817818149e-02 2.530784646970869858e+02
7.827827827827828211e-02 2.530783643103549139e+02
7.837837837837838273e-02 2.530782585193043417e+02
7.847847847847848335e-02 2.530781527282537411e+02
7.857857857857858397e-02 2.530780469372031689e+02
7.867867867867868459e-02 2.530779365489900101e+02
7.877877877877878521e-02 2.530778242385710826e+02
7.887887887887888583e-02 2.530777119281521834e+02
7.897897897897898645e-02 2.530775996177333127e+02
7.907907907907908707e-02 2.530774873073144136e+02
7.917917917917918769e-02 2.530773749968954860e+02
7.927927927927928831e-02 2.530772626864765869e+02
7.937937937937938893e-02 2.530771503760576593e+02
7.947947947947948955e-02 2.530770380656387886e+02
7.957957957957957629e-02 2.530769257552198894e+02
7.967967967967967691e-02 2.530768134448009619e+02
7.977977977977977753e-02 2.530767011343820343e+02
7.987987987987987815e-02 2.530765888239631352e+02
7.997997997997997877e-02 2.530764765135442644e+02
8.008008008008007939e-02 2.530763642031253369e+02
8.018018018018018001e-02 2.530762518927064377e+02
8.028028028028028062e-02 2.530761395822875386e+02
8.038038038038038124e-02 2.530760260414648997e+02
8.048048048048048186e-02 2.530759078595042979e+02
8.058058058058058248e-02 2.530757896775437530e+02
8.068068068068068310e-02 2.530756714955831796e+02
8.078078078078078372e-02 2.530755533136225779e+02
8.088088088088088434e-02 2.530754351316620046e+02
8.098098098098098496e-02 2.530753169497014028e+02
8.108108108108108558e-02 2.530751987677408295e+02
8.118118118118118620e-02 2.530750805857802845e+02
8.128128128128128682e-02 2.530749624038196544e+02
8.138138138138138744e-02 2.530748442218591094e+02
8.148148148148148806e-02 2.530747260398985077e+02
8.158158158158158868e-02 2.530746078579379343e+02
8.168168168168168930e-02 2.530744896759773326e+02
8.178178178178178992e-02 2.530743714940167592e+02
8.188188188188189054e-02 2.530742533120562143e+02
8.198198198198199116e-02 2.530741351300956126e+02
8.208208208208209178e-02 2.530740169481350108e+02
8.218218218218219240e-02 2.530738987661744375e+02
8.228228228228227914e-02 2.530737805842139210e+02
8.238238238238237976e-02 2.530736624022532908e+02
8.248248248248248038e-02 2.530735442202927175e+02
8.258258258258258100e-02 2.530734260383321157e+02
8.268268268268268162e-02 2.530733078563715708e+02
8.278278278278278224e-02 2.530731896744109690e+02
8.288288288288288286e-02 2.530730714924503957e+02
8.298298298298298348e-02 2.530729533104898223e+02
8.308308308308308410e-02 2.530728351285292206e+02
8.318318318318318472e-02 2.530727169465686188e+02
8.328328328328328534e-02 2.530725987646080739e+02
8.338338338338338596e-02 2.530724805826475290e+02
8.348348348348348658e-02 2.530723624006868704e+02
8.358358358358358720e-02 2.530722442187263255e+02
8.368368368368368782e-02 2.530721260367657237e+02
8.378378378378378843e-02 2.530720078548051788e+02
8.388388388388388905e-02 2.530718896728445770e+02
8.398398398398398967e-02 2.530717714908840037e+02
8.408408408408409029e-02 2.530716533089234304e+02
8.418418418418419091e-02 2.530715351269628286e+02
8.428428428428429153e-02 2.530714169450022837e+02
8.438438438438439215e-02 2.530712987630416819e+02
8.448448448448449277e-02 2.530711805810811370e+02
8.458458458458459339e-02 2.530710623991205352e+02
8.468468468468469401e-02 2.530709442171599335e+02
8.478478478478479463e-02 2.530708260351993601e+02
8.488488488488489525e-02 2.530707078532387868e+02
8.498498498498498199e-02 2.530705896712781851e+02
8.508508508508508261e-02 2.530704714893176401e+02
8.518518518518518323e-02 2.530703533073570384e+02
8.528528528528528385e-02 2.530702351253964650e+02
8.538538538538538447e-02 2.530701169434358917e+02
8.548548548548548509e-02 2.530699987614752899e+02
8.558558558558558571e-02 2.530698805795147166e+02
8.568568568568568633e-02 2.530697623975541433e+02
8.578578578578578695e-02 2.530696442155935983e+02
8.588588588588588757e-02 2.530695260336329966e+02
8.598598598598598819e-02 2.530694078516723948e+02
8.608608608608608881e-02 2.530692896697118215e+02
8.618618618618618943e-02 2.530691714877512482e+02
8.628628628628629005e-02 2.530690533057906464e+02
8.638638638638639067e-02 2.530689351238300446e+02
8.648648648648649129e-02 2.530688169418694997e+02
8.658658658658659191e-02 2.530686987599089264e+02
8.668668668668669253e-02 2.530685805779483246e+02
8.678678678678679315e-02 2.530684623959877513e+02
8.688688688688689377e-02 2.530683442140272064e+02
8.698698698698699439e-02 2.530682260320666046e+02
8.708708708708709501e-02 2.530681078501060028e+02
8.718718718718719562e-02 2.530679896681454579e+02
8.728728728728729624e-02 2.530678714861848562e+02
8.738738738738739686e-02 2.530677533042242544e+02
8.748748748748749748e-02 2.530676351222637095e+02
8.758758758758759810e-02 2.530675169403031077e+02
8.768768768768768485e-02 2.530673987583425628e+02
8.778778778778778547e-02 2.530672805763819611e+02
8.788788788788788608e-02 2.530671623944213877e+02
8.798798798798798670e-02 2.530670442124607860e+02
8.808808808808808732e-02 2.530669260305002126e+02
8.818818818818818794e-02 2.530668078485396109e+02
8.828828828828828856e-02 2.530666896665790659e+02
8.838838838838838918e-02 2.530665714846184642e+02
8.848848848848848980e-02 2.530664533026578908e+02
8.858858858858859042e-02 2.530663351206973175e+02
8.868868868868869104e-02 2.530662169387367157e+02
8.878878878878879166e-02 2.530660987567761708e+02
8.888888888888889228e-02 2.530659805748155691e+02
8.898898898898899290e-02 2.530658623928549673e+02
8.908908908908909352e-02 2.530657442108944224e+02
8.918918918918919414e-02 2.530656260289338491e+02
8.928928928928929476e-02 2.530655078469732473e+02
8.938938938938939538e-02 2.530653896650126740e+02
8.948948948948949600e-02 2.530652714830520722e+02
8.958958958958959662e-02 2.530651415989940460e+02
8.968968968968969724e-02 2.530650106523551131e+02
8.978978978978979786e-02 2.530648797057161801e+02
8.988988988988989848e-02 2.530647487590772471e+02
8.998998998998999910e-02 2.530646178124382573e+02
9.009009009009009972e-02 2.530644868657993243e+02
9.019019019019020034e-02 2.530643559191603629e+02
9.029029029029030096e-02 2.530642249725214015e+02
9.039039039039038770e-02 2.530640940258824969e+02
9.049049049049048832e-02 2.530639630792435355e+02
9.059059059059058894e-02 2.530638321326046025e+02
9.069069069069068956e-02 2.530637011859656695e+02
9.079079079079079018e-02 2.530635702393266797e+02
9.089089089089089080e-02 2.530634392926877467e+02
9.099099099099099142e-02 2.530633083460488137e+02
9.109109109109109204e-02 2.530631773994098239e+02
9.119119119119119266e-02 2.530630464527708909e+02
9.129129129129129328e-02 2.530629155061319580e+02
9.139139139139139389e-02 2.530627845594929966e+02
9.149149149149149451e-02 2.530626536128540920e+02
9.159159159159159513e-02 2.530625226662151306e+02
9.169169169169169575e-02 2.530623917195761692e+02
9.179179179179179637e-02 2.530622607729372362e+02
9.189189189189189699e-02 2.530621280178878010e+02
9.199199199199199761e-02 2.530619933057452045e+02
9.209209209209209823e-02 2.530618585936026079e+02
9.219219219219219885e-02 2.530617238814599546e+02
9.229229229229229947e-02 2.530615891693173580e+02
9.239239239239240009e-02 2.530614544571747615e+02
9.249249249249250071e-02 2.530613197450321366e+02
9.259259259259260133e-02 2.530611850328895400e+02
9.269269269269270195e-02 2.530610503207469435e+02
9.279279279279280257e-02 2.530609156086043185e+02
9.289289289289290319e-02 2.530607808964616936e+02
9.299299299299300381e-02 2.530606461843191255e+02
9.309309309309309055e-02 2.530605114721764721e+02
9.319319319319319117e-02 2.530603767600338756e+02
9.329329329329329179e-02 2.530602420478912791e+02
9.339339339339339241e-02 2.530601073357486257e+02
9.349349349349349303e-02 2.530599726236060576e+02
9.359359359359359365e-02 2.530598379114634326e+02
9.369369369369369427e-02 2.530597031993208077e+02
9.379379379379379489e-02 2.530595684871781827e+02
9.389389389389389551e-02 2.530594337750355862e+02
9.399399399399399613e-02 2.530592990628929897e+02
9.409409409409409675e-02 2.530591643507503932e+02
9.419419419419419737e-02 2.530590296386077398e+02
9.429429429429429799e-02 2.530588949264651433e+02
9.439439439439439861e-02 2.530587602143224899e+02
9.449449449449449923e-02 2.530586255021799218e+02
9.459459459459459985e-02 2.530584907900373253e+02
9.469469469469470047e-02 2.530583560778946719e+02
9.479479479479480108e-02 2.530582213657520754e+02
9.489489489489490170e-02 2.530580866536094788e+02
9.499499499499500232e-02 2.530579519414668539e+02
9.509509509509510294e-02 2.530578172293242574e+02
9.519519519519520356e-02 2.530576825171816608e+02
9.529529529529530418e-02 2.530575478050390643e+02
9.539539539539540480e-02 2.530574130928964109e+02
9.549549549549550542e-02 2.530572783807538144e+02
9.559559559559560604e-02 2.530571436686112179e+02
9.569569569569570666e-02 2.530570089564685645e+02
9.579579579579579340e-02 2.530568742443259680e+02
9.589589589589589402e-02 2.530567395321833430e+02
9.599599599599599464e-02 2.530566048200407749e+02
9.609609609609609526e-02 2.530564701078981216e+02
9.619619619619619588e-02 2.530563353957555250e+02
9.629629629629629650e-02 2.530562006836129285e+02
9.639639639639639712e-02 2.530560659714703036e+02
9.649649649649649774e-02 2.530559312593277070e+02
9.659659659659659836e-02 2.530557965471850821e+02
9.669669669669669898e-02 2.530556618350424571e+02
9.679679679679679960e-02 2.530555271228998606e+02
9.689689689689690022e-02 2.530553924107572357e+02
9.699699699699700084e-02 2.530552576986146107e+02
9.709709709709710146e-02 2.530551229864720426e+02
9.719719719719720208e-02 2.530549882743293892e+02
9.729729729729730270e-02 2.530548535621868211e+02
9.739739739739740332e-02 2.530547188500441962e+02
9.749749749749750394e-02 2.530545841379015997e+02
9.759759759759760456e-02 2.530544494257589463e+02
9.769769769769770518e-02 2.530543147136163498e+02
9.779779779779780580e-02 2.530541800014737248e+02
9.789789789789790642e-02 2.530540452893310999e+02
9.799799799799800704e-02 2.530539105771885602e+02
9.809809809809810766e-02 2.530537758650459068e+02
9.819819819819820828e-02 2.530536411529033103e+02
9.829829829829830889e-02 2.530535064407606853e+02
9.839839839839840951e-02 2.530533685268718500e+02
9.849849849849849626e-02 2.530532291494478727e+02
9.859859859859859688e-02 2.530530897720238386e+02
9.869869869869869750e-02 2.530529503945997476e+02
9.879879879879879812e-02 2.530528110171757703e+02
9.889889889889889873e-02 2.530526716397517362e+02
9.899899899899899935e-02 2.530525322623276736e+02
9.909909909909909997e-02 2.530523928849036679e+02
9.919919919919920059e-02 2.530522535074796338e+02
9.929929929929930121e-02 2.530521141300555996e+02
9.939939939939940183e-02 2.530519747526315655e+02
9.949949949949950245e-02 2.530518353752075598e+02
9.959959959959960307e-02 2.530516959977834972e+02
9.969969969969970369e-02 2.530515566203594631e+02
9.979979979979980431e-02 2.530514172429354574e+02
9.989989989989990493e-02 2.530512778655113948e+02
1.000000000000000056e-01 2.530511384880873891e+02
