LineProbe
number of points: 1000 (fixed)
point 0: [0.045 0.045 0.   ]
point 1: [0.045 0.045 0.1  ]
-----

# T 1000
0.000000000000000000e+00 2.531499999999999773e+02
1.001001001001001047e-04 2.531833222685465898e+02
2.002002002002002093e-04 2.532166445370931456e+02
3.003003003003003411e-04 2.532499668056397297e+02
4.004004004004004186e-04 2.532832890741862855e+02
5.005005005005004962e-04 2.533166113427328696e+02
6.006006006006006821e-04 2.533499336112794538e+02
7.007007007007007597e-04 2.533832558798260379e+02
8.008008008008008372e-04 2.534165781483725937e+02
9.009009009009009148e-04 2.534499004169192062e+02
1.001001001001000992e-03 2.534832226854657620e+02
1.101101101101101178e-03 2.535165449540123177e+02
1.201201201201201364e-03 2.535498672225589019e+02
1.301301301301301333e-03 2.535831894911054860e+02
1.401401401401401519e-03 2.536165117596520702e+02
1.501501501501501488e-03 2.536498340281985975e+02
1.601601601601601674e-03 2.536831562967451532e+02
1.701701701701701860e-03 2.537164785652917942e+02
1.801801801801801830e-03 2.537498008338383499e+02
1.901901901901902016e-03 2.537831231023849341e+02
2.002002002002001985e-03 2.538165881784927080e+02
2.102102102102102171e-03 2.538501064147850457e+02
2.202202202202202357e-03 2.538836246510773833e+02
2.302302302302302543e-03 2.539171428873697494e+02
2.402402402402402729e-03 2.539506611236621154e+02
2.502502502502502481e-03 2.539841793599544530e+02
2.602602602602602667e-03 2.540176975962468191e+02
2.702702702702702853e-03 2.540512158325391567e+02
2.802802802802803039e-03 2.540847340688314944e+02
2.902902902902903225e-03 2.541182523051238888e+02
3.003003003003002977e-03 2.541517705414161981e+02
3.103103103103103163e-03 2.541852887777085925e+02
3.203203203203203349e-03 2.542188070140009302e+02
3.303303303303303535e-03 2.542523252502932678e+02
3.403403403403403721e-03 2.542858434865856623e+02
3.503503503503503473e-03 2.543193617228779999e+02
3.603603603603603659e-03 2.543528799591703375e+02
3.703703703703703845e-03 2.543863981954627036e+02
3.803803803803804031e-03 2.544199164317550412e+02
3.903903903903904217e-03 2.544534346680473789e+02
4.004004004004003969e-03 2.544869529043397733e+02
4.104104104104104589e-03 2.545204711406321110e+02
4.204204204204204341e-03 2.545539893769244486e+02
4.304304304304304093e-03 2.545875076132168715e+02
4.404404404404404713e-03 2.546210258495091807e+02
4.504504504504504465e-03 2.546545440858015468e+02
4.604604604604605085e-03 2.546880623220938844e+02
4.704704704704704837e-03 2.547215805583862505e+02
4.804804804804805457e-03 2.547550987946785881e+02
4.904904904904905209e-03 2.547886170309709541e+02
5.005005005005004962e-03 2.548221352672633202e+02
5.105105105105105581e-03 2.548556535035556863e+02
5.205205205205205334e-03 2.548891717398480239e+02
5.305305305305305953e-03 2.549226899761403615e+02
5.405405405405405705e-03 2.549562082124327276e+02
5.505505505505505458e-03 2.549897264487250936e+02
5.605605605605606077e-03 2.550232446850174597e+02
5.705705705705705830e-03 2.550567629213097973e+02
5.805805805805806449e-03 2.550902811576021350e+02
5.905905905905906202e-03 2.551237993938945010e+02
6.006006006006005954e-03 2.551573176301868671e+02
6.106106106106106574e-03 2.551907578275729520e+02
6.206206206206206326e-03 2.552241887370725806e+02
6.306306306306306945e-03 2.552576196465721807e+02
6.406406406406406698e-03 2.552910505560717525e+02
6.506506506506506450e-03 2.553244814655713810e+02
6.606606606606607070e-03 2.553579123750709527e+02
6.706706706706706822e-03 2.553913432845705245e+02
6.806806806806807442e-03 2.554247741940701246e+02
6.906906906906907194e-03 2.554582051035697532e+02
7.007007007007006946e-03 2.554916360130692965e+02
7.107107107107107566e-03 2.555250669225688966e+02
7.207207207207207318e-03 2.555584978320685252e+02
7.307307307307307938e-03 2.555919287415681254e+02
7.407407407407407690e-03 2.556253596510676971e+02
7.507507507507507442e-03 2.556587905605672972e+02
7.607607607607608062e-03 2.556922214700668974e+02
7.707707707707707814e-03 2.557256523795664407e+02
7.807807807807808434e-03 2.557590832890660408e+02
7.907907907907909054e-03 2.557925141985656410e+02
8.008008008008007939e-03 2.558259451080652411e+02
8.108108108108108558e-03 2.558593760175648413e+02
8.208208208208209178e-03 2.558928069270644414e+02
8.308308308308308063e-03 2.559262378365640416e+02
8.408408408408408682e-03 2.559596687460636417e+02
8.508508508508509302e-03 2.559930996555632134e+02
8.608608608608608187e-03 2.560265305650627852e+02
8.708708708708708807e-03 2.560599614745624422e+02
8.808808808808809426e-03 2.560933923840619855e+02
8.908908908908910046e-03 2.561268232935616425e+02
9.009009009009008931e-03 2.561602542030611858e+02
9.109109109109109551e-03 2.561936851125607859e+02
9.209209209209210170e-03 2.562271160220603861e+02
9.309309309309309055e-03 2.562605469315599862e+02
9.409409409409409675e-03 2.562939778410595864e+02
9.509509509509510294e-03 2.563274087505591297e+02
9.609609609609610914e-03 2.563608396600587298e+02
9.709709709709709799e-03 2.563942705695583300e+02
9.809809809809810419e-03 2.564277014790579869e+02
9.909909909909911038e-03 2.564611323885575302e+02
1.001001001001000992e-02 2.564945632980571304e+02
1.011011011011011054e-02 2.565279942075567305e+02
1.021021021021021116e-02 2.565614251170562738e+02
1.031031031031031005e-02 2.565948560265558740e+02
1.041041041041041067e-02 2.566282869360554741e+02
1.051051051051051129e-02 2.566617178455550743e+02
1.061061061061061191e-02 2.566951487550546744e+02
1.071071071071071079e-02 2.567285796645542746e+02
1.081081081081081141e-02 2.567599443556368328e+02
1.091091091091091203e-02 2.567877695385379866e+02
1.101101101101101092e-02 2.568155947214391404e+02
1.111111111111111154e-02 2.568434199043402941e+02
1.121121121121121215e-02 2.568712450872415047e+02
1.131131131131131104e-02 2.568990702701426585e+02
1.141141141141141166e-02 2.569268954530438123e+02
1.151151151151151228e-02 2.569547206359449660e+02
1.161161161161161290e-02 2.569825458188461198e+02
1.171171171171171178e-02 2.570103710017473304e+02
1.181181181181181240e-02 2.570381961846484842e+02
1.191191191191191302e-02 2.570660213675496379e+02
1.201201201201201191e-02 2.570938465504508486e+02
1.211211211211211253e-02 2.571217438412283514e+02
1.221221221221221315e-02 2.571497955217674871e+02
1.231231231231231203e-02 2.571778472023065660e+02
1.241241241241241265e-02 2.572058988828457586e+02
1.251251251251251327e-02 2.572339505633848944e+02
1.261261261261261389e-02 2.572620022439239733e+02
1.271271271271271278e-02 2.572900539244631091e+02
1.281281281281281340e-02 2.573181056050022448e+02
1.291291291291291402e-02 2.573461572855413806e+02
1.301301301301301290e-02 2.573742089660804595e+02
1.311311311311311352e-02 2.574022606466195953e+02
1.321321321321321414e-02 2.574303123271587310e+02
1.331331331331331476e-02 2.574583640076978668e+02
1.341341341341341364e-02 2.574864156882370025e+02
1.351351351351351426e-02 2.575144673687761383e+02
1.361361361361361488e-02 2.575425190493152172e+02
1.371371371371371377e-02 2.575704477686691689e+02
1.381381381381381439e-02 2.575983489688815098e+02
1.391391391391391501e-02 2.576262501690939644e+02
1.401401401401401389e-02 2.576541513693063052e+02
1.411411411411411451e-02 2.576820525695187030e+02
1.421421421421421513e-02 2.577099537697311007e+02
1.431431431431431575e-02 2.577378549699434984e+02
1.441441441441441464e-02 2.577657561701558393e+02
1.451451451451451526e-02 2.577936573703682370e+02
1.461461461461461588e-02 2.578215585705806348e+02
1.471471471471471476e-02 2.578494597707930325e+02
1.481481481481481538e-02 2.578773609710053734e+02
1.491491491491491600e-02 2.579052621712177711e+02
1.501501501501501488e-02 2.579331633714301688e+02
1.511511511511511550e-02 2.579610645716425665e+02
1.521521521521521612e-02 2.579889657718549074e+02
1.531531531531531674e-02 2.580168669720673051e+02
1.541541541541541563e-02 2.580447681722797029e+02
1.551551551551551625e-02 2.580726693724921006e+02
1.561561561561561687e-02 2.581005705727044415e+02
1.571571571571571749e-02 2.581284717729168392e+02
1.581581581581581811e-02 2.581563729731292369e+02
1.591591591591591526e-02 2.581842741733415778e+02
1.601601601601601588e-02 2.582121753735539755e+02
1.611611611611611650e-02 2.582400765737663733e+02
1.621621621621621712e-02 2.582679777739787710e+02
1.631631631631631774e-02 2.582958789741911687e+02
1.641641641641641836e-02 2.583237801744035096e+02
1.651651651651651898e-02 2.583516813746159073e+02
1.661661661661661613e-02 2.583795825748283050e+02
1.671671671671671675e-02 2.584074837750406459e+02
1.681681681681681736e-02 2.584353849752530436e+02
1.691691691691691798e-02 2.584632861754654414e+02
1.701701701701701860e-02 2.584911873756777823e+02
1.711711711711711922e-02 2.585190885758902368e+02
1.721721721721721637e-02 2.585469897761025777e+02
1.731731731731731699e-02 2.585748909763149754e+02
1.741741741741741761e-02 2.586027921765273732e+02
1.751751751751751823e-02 2.586306933767397140e+02
1.761761761761761885e-02 2.586585945769521118e+02
1.771771771771771947e-02 2.586864957771645095e+02
1.781781781781782009e-02 2.587143969773768504e+02
1.791791791791791724e-02 2.587422981775892481e+02
1.801801801801801786e-02 2.587701993778016458e+02
1.811811811811811848e-02 2.587981005780140435e+02
1.821821821821821910e-02 2.588260017782264413e+02
1.831831831831831972e-02 2.588539029784387822e+02
1.841841841841842034e-02 2.588818041786511799e+02
1.851851851851852096e-02 2.589097053788635776e+02
1.861861861861861811e-02 2.589376065790759185e+02
1.871871871871871873e-02 2.589655077792883162e+02
1.881881881881881935e-02 2.589934089795007139e+02
1.891891891891891997e-02 2.590213101797131117e+02
1.901901901901902059e-02 2.590492113799255094e+02
1.911911911911912121e-02 2.590771125801378503e+02
1.921921921921922183e-02 2.591050137803502480e+02
1.931931931931931898e-02 2.591329149805626457e+02
1.941941941941941960e-02 2.591608161807749866e+02
1.951951951951952022e-02 2.591887173809873843e+02
1.961961961961962084e-02 2.592166185811997821e+02
1.971971971971972146e-02 2.592445197814121229e+02
1.981981981981982208e-02 2.592724209816245775e+02
1.991991991991991923e-02 2.593003221818369184e+02
2.002002002002001985e-02 2.593282233820493161e+02
2.012012012012012047e-02 2.593561245822617138e+02
2.022022022022022109e-02 2.593840257824740547e+02
2.032032032032032171e-02 2.594119269826864524e+02
2.042042042042042232e-02 2.594398281828988502e+02
2.052052052052052294e-02 2.594677293831112479e+02
2.062062062062062009e-02 2.594956305833235888e+02
2.072072072072072071e-02 2.595235317835360433e+02
2.082082082082082133e-02 2.595514329837483842e+02
2.092092092092092195e-02 2.595793341839607820e+02
2.102102102102102257e-02 2.596072353841731228e+02
2.112112112112112319e-02 2.596351365843855774e+02
2.122122122122122381e-02 2.596630377845979183e+02
2.132132132132132096e-02 2.596909389848103729e+02
2.142142142142142158e-02 2.597188401850227137e+02
2.152152152152152220e-02 2.597467413852350546e+02
2.162162162162162282e-02 2.597746425854474523e+02
2.172172172172172344e-02 2.598025437856598501e+02
2.182182182182182406e-02 2.598304449858721910e+02
2.192192192192192121e-02 2.598583461860845887e+02
2.202202202202202183e-02 2.598862473862969864e+02
2.212212212212212245e-02 2.599141485865093841e+02
2.222222222222222307e-02 2.599420497867217250e+02
2.232232232232232369e-02 2.599699509869341796e+02
2.242242242242242431e-02 2.599978521871465205e+02
2.252252252252252493e-02 2.600257533873589182e+02
2.262262262262262208e-02 2.600536545875713159e+02
2.272272272272272270e-02 2.600815415339510537e+02
2.282282282282282332e-02 2.601094020992094897e+02
2.292292292292292394e-02 2.601372626644679258e+02
2.302302302302302456e-02 2.601651232297263050e+02
2.312312312312312518e-02 2.601933804844734368e+02
2.322322322322322580e-02 2.602220372426800168e+02
2.332332332332332295e-02 2.602465492352066008e+02
2.342342342342342357e-02 2.602677031810854942e+02
2.352352352352352419e-02 2.602888571269644444e+02
2.362362362362362481e-02 2.603100110728433947e+02
2.372372372372372543e-02 2.603311650187222881e+02
2.382382382382382605e-02 2.603523189646011815e+02
2.392392392392392667e-02 2.603734729104801318e+02
2.402402402402402382e-02 2.603946268563590252e+02
2.412412412412412444e-02 2.604157808022380323e+02
2.422422422422422505e-02 2.604369347481169257e+02
2.432432432432432567e-02 2.604580886939958191e+02
2.442442442442442629e-02 2.604792426398747693e+02
2.452452452452452691e-02 2.605003965857536059e+02
2.462462462462462406e-02 2.605215505316325562e+02
2.472472472472472468e-02 2.605427044775115064e+02
2.482482482482482530e-02 2.605638584233904567e+02
2.492492492492492592e-02 2.605850123692693501e+02
2.502502502502502654e-02 2.606061663151483003e+02
2.512512512512512716e-02 2.606273202610271937e+02
2.522522522522522778e-02 2.606484742069062008e+02
2.532532532532532493e-02 2.606696281527850942e+02
2.542542542542542555e-02 2.606907820986639877e+02
2.552552552552552617e-02 2.607119360445428811e+02
2.562562562562562679e-02 2.607330899904218313e+02
2.572572572572572741e-02 2.607542439363007247e+02
2.582582582582582803e-02 2.607753978821797318e+02
2.592592592592592865e-02 2.607965518280586252e+02
2.602602602602602580e-02 2.608177057739375186e+02
2.612612612612612642e-02 2.608388597198164121e+02
2.622622622622622704e-02 2.608600136656953623e+02
2.632632632632632766e-02 2.608811676115743126e+02
2.642642642642642828e-02 2.609023215574532628e+02
2.652652652652652890e-02 2.609234755033321562e+02
2.662662662662662952e-02 2.609446294492110496e+02
2.672672672672672667e-02 2.609657833950899999e+02
2.682682682682682729e-02 2.609869373409688933e+02
2.692692692692692791e-02 2.610080912868478435e+02
2.702702702702702853e-02 2.610292452327268506e+02
2.712712712712712915e-02 2.610503991786056872e+02
2.722722722722722977e-02 2.610715531244846375e+02
2.732732732732732692e-02 2.610927070703634740e+02
2.742742742742742754e-02 2.611138610162424243e+02
2.752752752752752816e-02 2.611350149621213745e+02
2.762762762762762878e-02 2.611561689080003816e+02
2.772772772772772940e-02 2.611773228538792182e+02
2.782782782782783002e-02 2.611984767997581685e+02
2.792792792792793063e-02 2.612196307456370619e+02
2.802802802802802778e-02 2.612407846915159553e+02
2.812812812812812840e-02 2.612619386373949624e+02
2.822822822822822902e-02 2.612830925832739126e+02
2.832832832832832964e-02 2.613042465291528060e+02
2.842842842842843026e-02 2.613254004750316994e+02
2.852852852852853088e-02 2.613465544209105929e+02
2.862862862862863150e-02 2.613677083667895431e+02
2.872872872872872865e-02 2.613888623126684934e+02
2.882882882882882927e-02 2.614100162585473868e+02
2.892892892892892989e-02 2.614311702044263370e+02
2.902902902902903051e-02 2.614523241503052304e+02
2.912912912912913113e-02 2.614734780961841807e+02
2.922922922922923175e-02 2.614946320420630741e+02
2.932932932932933237e-02 2.615157859879420243e+02
2.942942942942942952e-02 2.615369399338209746e+02
2.952952952952953014e-02 2.615580938796998680e+02
2.962962962962963076e-02 2.615792478255787614e+02
2.972972972972973138e-02 2.616004017714577117e+02
2.982982982982983200e-02 2.616215557173366619e+02
2.992992992992993262e-02 2.616427096632155553e+02
3.003003003003002977e-02 2.616638636090945056e+02
3.013013013013013039e-02 2.616850175549733422e+02
3.023023023023023101e-02 2.617061715008522924e+02
3.033033033033033163e-02 2.617273254467312995e+02
3.043043043043043225e-02 2.617484793926102498e+02
3.053053053053053287e-02 2.617696333384891432e+02
3.063063063063063349e-02 2.617907872843680366e+02
3.073073073073073064e-02 2.618119412302469300e+02
3.083083083083083126e-02 2.618330951761258802e+02
3.093093093093093188e-02 2.618542491220048305e+02
3.103103103103103250e-02 2.618754037478988721e+02
3.113113113113113312e-02 2.618965912266864962e+02
3.123123123123123374e-02 2.619177787054740065e+02
3.133133133133133436e-02 2.619389661842616306e+02
3.143143143143143498e-02 2.619601536630492546e+02
3.153153153153153559e-02 2.619813411418368219e+02
3.163163163163163621e-02 2.620025286206243891e+02
3.173173173173172990e-02 2.620237160994120131e+02
3.183183183183183051e-02 2.620449035781995235e+02
3.193193193193193113e-02 2.620660910569871476e+02
3.203203203203203175e-02 2.620872785357747148e+02
3.213213213213213237e-02 2.621084660145623388e+02
3.223223223223223299e-02 2.621296534933499061e+02
3.233233233233233361e-02 2.621508409721375301e+02
3.243243243243243423e-02 2.621720284509250973e+02
3.253253253253253485e-02 2.621932159297126645e+02
3.263263263263263547e-02 2.622144034085002318e+02
3.273273273273273609e-02 2.622355908872878558e+02
3.283283283283283671e-02 2.622567783660754230e+02
3.293293293293293733e-02 2.622779658448630471e+02
3.303303303303303795e-02 2.622991533236506143e+02
3.313313313313313163e-02 2.623203408024381815e+02
3.323323323323323225e-02 2.623415282812257487e+02
3.333333333333333287e-02 2.623627157600133728e+02
3.343343343343343349e-02 2.623839032388009969e+02
3.353353353353353411e-02 2.624050907175885641e+02
3.363363363363363473e-02 2.624262781963761881e+02
3.373373373373373535e-02 2.624474656751636985e+02
3.383383383383383597e-02 2.624686531539513226e+02
3.393393393393393659e-02 2.624898406327389466e+02
3.403403403403403721e-02 2.625110281115264570e+02
3.413413413413413783e-02 2.625322155903140811e+02
3.423423423423423845e-02 2.625534030691016483e+02
3.433433433433433907e-02 2.625745905478892723e+02
3.443443443443443275e-02 2.625957780266767827e+02
3.453453453453453337e-02 2.626169655054644068e+02
3.463463463463463399e-02 2.626381529842519740e+02
3.473473473473473461e-02 2.626595537722870404e+02
3.483483483483483523e-02 2.626810411737503159e+02
3.493493493493493585e-02 2.627025285752135915e+02
3.503503503503503647e-02 2.627240159766769239e+02
3.513513513513513709e-02 2.627455638873094586e+02
3.523523523523523771e-02 2.627671525953714990e+02
3.533533533533533832e-02 2.627863596983928574e+02
3.543543543543543894e-02 2.628009188313110371e+02
3.553553553553553956e-02 2.628140230704906912e+02
3.563563563563564018e-02 2.628271273096702885e+02
3.573573573573574080e-02 2.628402315488498857e+02
3.583583583583583448e-02 2.628533357880294830e+02
3.593593593593593510e-02 2.628664400272091370e+02
3.603603603603603572e-02 2.628795442663886774e+02
3.613613613613613634e-02 2.628926485055683315e+02
3.623623623623623696e-02 2.629057527447479288e+02
3.633633633633633758e-02 2.629188569839275260e+02
3.643643643643643820e-02 2.629319612231071233e+02
3.653653653653653882e-02 2.629450654622867773e+02
3.663663663663663944e-02 2.629581697014664314e+02
3.673673673673674006e-02 2.629712739406459718e+02
3.683683683683684068e-02 2.629843781798256259e+02
3.693693693693694130e-02 2.629974824190052232e+02
3.703703703703704192e-02 2.630105866581848204e+02
3.713713713713713560e-02 2.630236908973644177e+02
3.723723723723723622e-02 2.630367951365440717e+02
3.733733733733733684e-02 2.630498993757236121e+02
3.743743743743743746e-02 2.630630036149032662e+02
3.753753753753753808e-02 2.630761078540828635e+02
3.763763763763763870e-02 2.630892120932624607e+02
3.773773773773773932e-02 2.631023163324420580e+02
3.783783783783783994e-02 2.631154205716217120e+02
3.793793793793794056e-02 2.631285248108012524e+02
3.803803803803804118e-02 2.631416290499809065e+02
3.813813813813814180e-02 2.631547332891605038e+02
3.823823823823824242e-02 2.631678375283401010e+02
3.833833833833834304e-02 2.631809417675196983e+02
3.843843843843844366e-02 2.631940460066993523e+02
3.853853853853853734e-02 2.632071502458788927e+02
3.863863863863863796e-02 2.632202544850585468e+02
3.873873873873873858e-02 2.632333587242381441e+02
3.883883883883883920e-02 2.632464629634177413e+02
3.893893893893893982e-02 2.632595672025973954e+02
3.903903903903904044e-02 2.632726714417769927e+02
3.913913913913914105e-02 2.632857756809565899e+02
3.923923923923924167e-02 2.632988799201361871e+02
3.933933933933934229e-02 2.633119841593158412e+02
3.943943943943944291e-02 2.633250883984954385e+02
3.953953953953954353e-02 2.633381926376750926e+02
3.963963963963964415e-02 2.633512968768546898e+02
3.973973973973974477e-02 2.633644011160342302e+02
3.983983983983983845e-02 2.633775053552138274e+02
3.993993993993993907e-02 2.633906095943934815e+02
4.004004004004003969e-02 2.634037138335730788e+02
4.014014014014014031e-02 2.634168180727526760e+02
4.024024024024024093e-02 2.634299223119322733e+02
4.034034034034034155e-02 2.634430265511119273e+02
4.044044044044044217e-02 2.634561307902914677e+02
4.054054054054054279e-02 2.634692350294711218e+02
4.064064064064064341e-02 2.634823392686507191e+02
4.074074074074074403e-02 2.634954435078303732e+02
4.084084084084084465e-02 2.635085477470099704e+02
4.094094094094094527e-02 2.635216519861895677e+02
4.104104104104104589e-02 2.635347562253691081e+02
4.114114114114113957e-02 2.635478604645487621e+02
4.124124124124124019e-02 2.635609647037284162e+02
4.134134134134134081e-02 2.635740689429079566e+02
4.144144144144144143e-02 2.635871731820876107e+02
4.154154154154154205e-02 2.636002774212672080e+02
4.164164164164164267e-02 2.636133816604468052e+02
4.174174174174174329e-02 2.636264858996264024e+02
4.184184184184184391e-02 2.636395901388060565e+02
4.194194194194194453e-02 2.636526943779856538e+02
4.204204204204204515e-02 2.636657986171653079e+02
4.214214214214214577e-02 2.636789028563448483e+02
4.224224224224224639e-02 2.636920070955244455e+02
4.234234234234234701e-02 2.637051113347040427e+02
4.244244244244244763e-02 2.637182155738836968e+02
4.254254254254254131e-02 2.637313198130632941e+02
4.264264264264264193e-02 2.637444240522429482e+02
4.274274274274274255e-02 2.637575282914224317e+02
4.284284284284284317e-02 2.637706325306021427e+02
4.294294294294294378e-02 2.637837367697816831e+02
4.304304304304304440e-02 2.637968410089613371e+02
4.314314314314314502e-02 2.638099452481409344e+02
4.324324324324324564e-02 2.638230494873205885e+02
4.334334334334334626e-02 2.638361537265001289e+02
4.344344344344344688e-02 2.638492579656797830e+02
4.354354354354354750e-02 2.638623622048593802e+02
4.364364364364364812e-02 2.638754664440389774e+02
4.374374374374374874e-02 2.638885706832186315e+02
4.384384384384384242e-02 2.639016749223982288e+02
4.394394394394394304e-02 2.639147791615778829e+02
4.404404404404404366e-02 2.639278834007574233e+02
4.414414414414414428e-02 2.639409876399370205e+02
4.424424424424424490e-02 2.639540918791166177e+02
4.434434434434434552e-02 2.639671961182962718e+02
4.444444444444444614e-02 2.639803003574758691e+02
4.454454454454454676e-02 2.639934045966554663e+02
4.464464464464464738e-02 2.640065088358350636e+02
4.474474474474474800e-02 2.640196130750146608e+02
4.484484484484484862e-02 2.640327173141942581e+02
4.494494494494494924e-02 2.640458215533739121e+02
4.504504504504504986e-02 2.640589257925534525e+02
4.514514514514515048e-02 2.640720300317331635e+02
4.524524524524524416e-02 2.640851342709127039e+02
4.534534534534534478e-02 2.640982385100923580e+02
4.544544544544544540e-02 2.641113427492718984e+02
4.554554554554554602e-02 2.641244469884515524e+02
4.564564564564564664e-02 2.641375512276311497e+02
4.574574574574574726e-02 2.641506554668108038e+02
4.584584584584584788e-02 2.641637597059904010e+02
4.594594594594594850e-02 2.641768639451699983e+02
4.604604604604604912e-02 2.641899681843495955e+02
4.614614614614614974e-02 2.642030724235291927e+02
4.624624624624625036e-02 2.642161766627088468e+02
4.634634634634635098e-02 2.642292809018883872e+02
4.644644644644645159e-02 2.642423851410680413e+02
4.654654654654654528e-02 2.642554893802476386e+02
4.664664664664664590e-02 2.642685936194272358e+02
4.674674674674674651e-02 2.642816978586068331e+02
4.684684684684684713e-02 2.642948020977864871e+02
4.694694694694694775e-02 2.643079063369660844e+02
4.704704704704704837e-02 2.643210105761456816e+02
4.714714714714714899e-02 2.643341148153252789e+02
4.724724724724724961e-02 2.643472190545048761e+02
4.734734734734735023e-02 2.643603232936844734e+02
4.744744744744745085e-02 2.643734275328641274e+02
4.754754754754755147e-02 2.643865317720437247e+02
4.764764764764765209e-02 2.643996360112233219e+02
4.774774774774775271e-02 2.644127402504029192e+02
4.784784784784785333e-02 2.644258444895825733e+02
4.794794794794794701e-02 2.644389487287621705e+02
4.804804804804804763e-02 2.644520529679417677e+02
4.814814814814814825e-02 2.644651572071213650e+02
4.824824824824824887e-02 2.644782614463009622e+02
4.834834834834834949e-02 2.644913656854806163e+02
4.844844844844845011e-02 2.645044699246602136e+02
4.854854854854855073e-02 2.645175741638398677e+02
4.864864864864865135e-02 2.645306784030194081e+02
4.874874874874875197e-02 2.645437826421990621e+02
4.884884884884885259e-02 2.645568868813786594e+02
4.894894894894895321e-02 2.645699911205582566e+02
4.904904904904905383e-02 2.645830953597378539e+02
4.914914914914915445e-02 2.645961995989174511e+02
4.924924924924924813e-02 2.646093038380970484e+02
4.934934934934934875e-02 2.646224080772767024e+02
4.944944944944944937e-02 2.646355123164562997e+02
4.954954954954954999e-02 2.646486165556358969e+02
4.964964964964965061e-02 2.646617207948154942e+02
4.974974974974975123e-02 2.646748250339950914e+02
4.984984984984985185e-02 2.646879292731746887e+02
4.994994994994995247e-02 2.647010335123543427e+02
5.005005005005005309e-02 2.647141377515338831e+02
5.015015015015015371e-02 2.647237045882681628e+02
5.025025025025025432e-02 2.647299548918744563e+02
5.035035035035035494e-02 2.647362051954806930e+02
5.045045045045045556e-02 2.647424554990869865e+02
5.055055055055055618e-02 2.647487058026932232e+02
5.065065065065064986e-02 2.647549561062994599e+02
5.075075075075075048e-02 2.647612064099057534e+02
5.085085085085085110e-02 2.647674567135120469e+02
5.095095095095095172e-02 2.647737070171182836e+02
5.105105105105105234e-02 2.647799573207245203e+02
5.115115115115115296e-02 2.647862076243307570e+02
5.125125125125125358e-02 2.647924579279370505e+02
5.135135135135135420e-02 2.647987082315433440e+02
5.145145145145145482e-02 2.648049585351495239e+02
5.155155155155155544e-02 2.648112088387558174e+02
5.165165165165165606e-02 2.648174591423621109e+02
5.175175175175175668e-02 2.648237094459683476e+02
5.185185185185185730e-02 2.648299597495746411e+02
5.195195195195195098e-02 2.648362100531808778e+02
5.205205205205205160e-02 2.648424603567871145e+02
5.215215215215215222e-02 2.648487106603934080e+02
5.225225225225225284e-02 2.648549609639996447e+02
5.235235235235235346e-02 2.648612112676058814e+02
5.245245245245245408e-02 2.648674615712121749e+02
5.255255255255255470e-02 2.648737118748184116e+02
5.265265265265265532e-02 2.648799621784247051e+02
5.275275275275275594e-02 2.648862124820309418e+02
5.285285285285285656e-02 2.648924627856371785e+02
5.295295295295295718e-02 2.648987130892434720e+02
5.305305305305305780e-02 2.649049633928497087e+02
5.315315315315315842e-02 2.649112136964560023e+02
5.325325325325325904e-02 2.649174640000622389e+02
5.335335335335335272e-02 2.649237143036684756e+02
5.345345345345345334e-02 2.649299646072747692e+02
5.355355355355355396e-02 2.649362149108810058e+02
5.365365365365365458e-02 2.649424652144872425e+02
5.375375375375375520e-02 2.649487155180935360e+02
5.385385385385385582e-02 2.649549658216997727e+02
5.395395395395395644e-02 2.649612161253060663e+02
5.405405405405405705e-02 2.649674664289123029e+02
5.415415415415415767e-02 2.649737167325185965e+02
5.425425425425425829e-02 2.649799670361248332e+02
5.435435435435435891e-02 2.649862173397310698e+02
5.445445445445445953e-02 2.649924676433373634e+02
5.455455455455456015e-02 2.649987179469436001e+02
5.465465465465465383e-02 2.650049682505498367e+02
5.475475475475475445e-02 2.650112185541561303e+02
5.485485485485485507e-02 2.650174688577623670e+02
5.495495495495495569e-02 2.650237191613686036e+02
5.505505505505505631e-02 2.650299694649748972e+02
5.515515515515515693e-02 2.650362197685811907e+02
5.525525525525525755e-02 2.650424700721874274e+02
5.535535535535535817e-02 2.650487203757937209e+02
5.545545545545545879e-02 2.650549706793999576e+02
5.555555555555555941e-02 2.650612209830061943e+02
5.565565565565566003e-02 2.650674712866124310e+02
5.575575575575576065e-02 2.650737215902187245e+02
5.585585585585586127e-02 2.650799718938249612e+02
5.595595595595596189e-02 2.650862221974312547e+02
5.605605605605605557e-02 2.650924725010374914e+02
5.615615615615615619e-02 2.650987228046437849e+02
5.625625625625625681e-02 2.651049731082500216e+02
5.635635635635635743e-02 2.651112234118563151e+02
5.645645645645645805e-02 2.651174737154625518e+02
5.655655655655655867e-02 2.651237240190687885e+02
5.665665665665665929e-02 2.651299743226750820e+02
5.675675675675675991e-02 2.651362246262813187e+02
5.685685685685686053e-02 2.651424749298876122e+02
5.695695695695696115e-02 2.651487252334938489e+02
5.705705705705706177e-02 2.651549755371000856e+02
5.715715715715716239e-02 2.651612258407063791e+02
5.725725725725726301e-02 2.651674761443126158e+02
5.735735735735735669e-02 2.651737264479188525e+02
5.745745745745745731e-02 2.651799767515251460e+02
5.755755755755755793e-02 2.651862270551314396e+02
5.765765765765765855e-02 2.651924773587376194e+02
5.775775775775775916e-02 2.651987276623439129e+02
5.785785785785785978e-02 2.652049779659502065e+02
5.795795795795796040e-02 2.652112282695564431e+02
5.805805805805806102e-02 2.652174785731626798e+02
5.815815815815816164e-02 2.652237288767689734e+02
5.825825825825826226e-02 2.652299791803752100e+02
5.835835835835836288e-02 2.652361913919854715e+02
5.845845845845846350e-02 2.652414409530426838e+02
5.855855855855856412e-02 2.652466905141000098e+02
5.865865865865866474e-02 2.652519400751573357e+02
5.875875875875875842e-02 2.652571896362145480e+02
5.885885885885885904e-02 2.652624391972718740e+02
5.895895895895895966e-02 2.652676887583291432e+02
5.905905905905906028e-02 2.652729383193864123e+02
5.915915915915916090e-02 2.652781878804436815e+02
5.925925925925926152e-02 2.652834374415009506e+02
5.935935935935936214e-02 2.652886870025582766e+02
5.945945945945946276e-02 2.652939365636155458e+02
5.955955955955956338e-02 2.652991861246728149e+02
5.965965965965966400e-02 2.653044356857301409e+02
5.975975975975976462e-02 2.653096852467873532e+02
5.985985985985986524e-02 2.653149348078446792e+02
5.995995995995996586e-02 2.653201843689019483e+02
6.006006006006005954e-02 2.653254339299592175e+02
6.016016016016016016e-02 2.653306834910165435e+02
6.026026026026026078e-02 2.653359330520737558e+02
6.036036036036036140e-02 2.653411826131310818e+02
6.046046046046046202e-02 2.653464321741883509e+02
6.056056056056056264e-02 2.653516817352456201e+02
6.066066066066066326e-02 2.653569312963029461e+02
6.076076076076076388e-02 2.653621808573602152e+02
6.086086086086086450e-02 2.653674304184174844e+02
6.096096096096096512e-02 2.653726799794747535e+02
6.106106106106106574e-02 2.653779295405320227e+02
6.116116116116116636e-02 2.653824387633429751e+02
6.126126126126126697e-02 2.653868186711168846e+02
6.136136136136136759e-02 2.653911985788907941e+02
6.146146146146146128e-02 2.653955784866647036e+02
6.156156156156156189e-02 2.653999583944386131e+02
6.166166166166166251e-02 2.654043383022124658e+02
6.176176176176176313e-02 2.654087182099863753e+02
6.186186186186186375e-02 2.654130981177602848e+02
6.196196196196196437e-02 2.654174780255341375e+02
6.206206206206206499e-02 2.654218579333080470e+02
6.216216216216216561e-02 2.654262378410819565e+02
6.226226226226226623e-02 2.654306177488558660e+02
6.236236236236236685e-02 2.654349976566297755e+02
6.246246246246246747e-02 2.654393775644036282e+02
6.256256256256256809e-02 2.654437574721774808e+02
6.266266266266266871e-02 2.654481373799514472e+02
6.276276276276276933e-02 2.654525172877252999e+02
6.286286286286286995e-02 2.654568971954992094e+02
6.296296296296297057e-02 2.654612771032731189e+02
6.306306306306307119e-02 2.654656570110469715e+02
6.316316316316317181e-02 2.654700369188209379e+02
6.326326326326327243e-02 2.654744168265947906e+02
6.336336336336337305e-02 2.654787967343686432e+02
6.346346346346345979e-02 2.654831766421425527e+02
6.356356356356356041e-02 2.654875565499164622e+02
6.366366366366366103e-02 2.654919364576903149e+02
6.376376376376376165e-02 2.654963163654642813e+02
6.386386386386386227e-02 2.655006962732381908e+02
6.396396396396396289e-02 2.655050761810120434e+02
6.406406406406406351e-02 2.655094560887859529e+02
6.416416416416416413e-02 2.655138359965598056e+02
6.426426426426426475e-02 2.655182159043337151e+02
6.436436436436436537e-02 2.655224473444664568e+02
6.446446446446446599e-02 2.655263958451649842e+02
6.456456456456456661e-02 2.655303443458635115e+02
6.466466466466466723e-02 2.655342928465620389e+02
6.476476476476476785e-02 2.655382413472606231e+02
6.486486486486486847e-02 2.655421898479591505e+02
6.496496496496496909e-02 2.655461383486576210e+02
6.506506506506506970e-02 2.655500868493562052e+02
6.516516516516517032e-02 2.655540353500547326e+02
6.526526526526527094e-02 2.655579838507532600e+02
6.536536536536537156e-02 2.655619323514517873e+02
6.546546546546547218e-02 2.655658808521503147e+02
6.556556556556557280e-02 2.655698293528488989e+02
6.566566566566567342e-02 2.655737778535473694e+02
6.576576576576577404e-02 2.655777263542458968e+02
6.586586586586587466e-02 2.655816748549444810e+02
6.596596596596597528e-02 2.655856233556430084e+02
6.606606606606607590e-02 2.655868703243685900e+02
6.616616616616616264e-02 2.655871539968028969e+02
6.626626626626626326e-02 2.655868457102023967e+02
6.636636636636636388e-02 2.655862289261494880e+02
6.646646646646646450e-02 2.655856121420966360e+02
6.656656656656656512e-02 2.655849953580437841e+02
6.666666666666666574e-02 2.655843785739908753e+02
6.676676676676676636e-02 2.655837617899380803e+02
6.686686686686686698e-02 2.655831450058851715e+02
6.696696696696696760e-02 2.655825282218323196e+02
6.706706706706706822e-02 2.655819114377794676e+02
6.716716716716716884e-02 2.655812946537266157e+02
6.726726726726726946e-02 2.655802098709693837e+02
6.736736736736737008e-02 2.655785758935617764e+02
6.746746746746747070e-02 2.655769419161541691e+02
6.756756756756757132e-02 2.655753079387465618e+02
6.766766766766767194e-02 2.655736739613389545e+02
6.776776776776777256e-02 2.655720399839312904e+02
6.786786786786787318e-02 2.655704060065237400e+02
6.796796796796797380e-02 2.655687720291160758e+02
6.806806806806807442e-02 2.655671380517084685e+02
6.816816816816817504e-02 2.655655040743008612e+02
6.826826826826827566e-02 2.655638700968932540e+02
6.836836836836837628e-02 2.655622361194856467e+02
6.846846846846847690e-02 2.655606021420780394e+02
6.856856856856857751e-02 2.655589681646704321e+02
6.866866866866867813e-02 2.655573341872627680e+02
6.876876876876877875e-02 2.655557002098551607e+02
6.886886886886886550e-02 2.655540662324475534e+02
6.896896896896896612e-02 2.655524322550399461e+02
6.906906906906906674e-02 2.655507982776323388e+02
6.916916916916916735e-02 2.655491643002246747e+02
6.926926926926926797e-02 2.655475303228170674e+02
6.936936936936936859e-02 2.655458963454094601e+02
6.946946946946946921e-02 2.655442623680019096e+02
6.956956956956956983e-02 2.655426283905942455e+02
6.966966966966967045e-02 2.655409944131866382e+02
6.976976976976977107e-02 2.655393604357790309e+02
6.986986986986987169e-02 2.655377264583713668e+02
6.996996996996997231e-02 2.655360924809638163e+02
7.007007007007007293e-02 2.655344585035561522e+02
7.017017017017017355e-02 2.655328245261485449e+02
7.027027027027027417e-02 2.655311905487409376e+02
7.037037037037037479e-02 2.655295565713333303e+02
7.047047047047047541e-02 2.655279225939257230e+02
7.057057057057057603e-02 2.655262886165180589e+02
7.067067067067067665e-02 2.655246546391104516e+02
7.077077077077077727e-02 2.655230206617028443e+02
7.087087087087087789e-02 2.655213866842952370e+02
7.097097097097097851e-02 2.655197527068875729e+02
7.107107107107107913e-02 2.655181187294800225e+02
7.117117117117117975e-02 2.655164847520723583e+02
7.127127127127128037e-02 2.655148507746647510e+02
7.137137137137138099e-02 2.655125114314776624e+02
7.147147147147148161e-02 2.655098859216626579e+02
7.157157157157156835e-02 2.655072604118476534e+02
7.167167167167166897e-02 2.655046349020326488e+02
7.177177177177176959e-02 2.655020093922176443e+02
7.187187187187187021e-02 2.654993838824026398e+02
7.197197197197197083e-02 2.654967583725876352e+02
7.207207207207207145e-02 2.654941328627725738e+02
7.217217217217217207e-02 2.654915073529576262e+02
7.227227227227227269e-02 2.654888818431426216e+02
7.237237237237237331e-02 2.654862563333276171e+02
7.247247247247247393e-02 2.654836308235126126e+02
7.257257257257257455e-02 2.654810053136976080e+02
7.267267267267267516e-02 2.654783798038825466e+02
7.277277277277277578e-02 2.654757542940675989e+02
7.287287287287287640e-02 2.654731287842525944e+02
7.297297297297297702e-02 2.654705032744375899e+02
7.307307307307307764e-02 2.654678777646225853e+02
7.317317317317317826e-02 2.654652522548075808e+02
7.327327327327327888e-02 2.654626267449925763e+02
7.337337337337337950e-02 2.654600012351775717e+02
7.347347347347348012e-02 2.654573757253625672e+02
7.357357357357358074e-02 2.654547502155475627e+02
7.367367367367368136e-02 2.654521247057325581e+02
7.377377377377378198e-02 2.654494991959175536e+02
7.387387387387388260e-02 2.654468736861025491e+02
7.397397397397398322e-02 2.654442481762875445e+02
7.407407407407408384e-02 2.654416226664725400e+02
7.417417417417418446e-02 2.654390318324985856e+02
7.427427427427427120e-02 2.654364648062095284e+02
7.437437437437437182e-02 2.654338977799204145e+02
7.447447447447447244e-02 2.654313307536313005e+02
7.457457457457457306e-02 2.654287637273421865e+02
7.467467467467467368e-02 2.654261967010530725e+02
7.477477477477477430e-02 2.654236296747639585e+02
7.487487487487487492e-02 2.654210626484749014e+02
7.497497497497497554e-02 2.654184956221857306e+02
7.507507507507507616e-02 2.654159285958966734e+02
7.517517517517517678e-02 2.654133615696075594e+02
7.527527527527527740e-02 2.654107945433184454e+02
7.537537537537537802e-02 2.654082275170293315e+02
7.547547547547547864e-02 2.654056604907402175e+02
7.557557557557557926e-02 2.654030934644511035e+02
7.567567567567567988e-02 2.654005264381620464e+02
7.577577577577578050e-02 2.653979594118728755e+02
7.587587587587588112e-02 2.653953923855838184e+02
7.597597597597598174e-02 2.653928253592947044e+02
7.607607607607608236e-02 2.653902583330056473e+02
7.617617617617618297e-02 2.653876913067164764e+02
7.627627627627628359e-02 2.653851242804273625e+02
7.637637637637638421e-02 2.653825572541383053e+02
7.647647647647648483e-02 2.653799902278491913e+02
7.657657657657658545e-02 2.653774232015600774e+02
7.667667667667668607e-02 2.653748561752709634e+02
7.677677677677678669e-02 2.653722891489818494e+02
7.687687687687688731e-02 2.653697221226927923e+02
7.697697697697697405e-02 2.653671550964036783e+02
7.707707707707707467e-02 2.653650985872257593e+02
7.717717717717717529e-02 2.653636751615316030e+02
7.727727727727727591e-02 2.653622517358374466e+02
7.737737737737737653e-02 2.653608283101432903e+02
7.747747747747747715e-02 2.653594048844491340e+02
7.757757757757757777e-02 2.653579814587549208e+02
7.767767767767767839e-02 2.653565580330608213e+02
7.777777777777777901e-02 2.653551346073666650e+02
7.787787787787787963e-02 2.653537111816725087e+02
7.797797797797798025e-02 2.653522877559782955e+02
7.807807807807808087e-02 2.653508643302841392e+02
7.817817817817818149e-02 2.653494409045899829e+02
7.827827827827828211e-02 2.653457428036093120e+02
7.837837837837838273e-02 2.653409656002773431e+02
7.847847847847848335e-02 2.653361883969453743e+02
7.857857857857858397e-02 2.653314111936133486e+02
7.867867867867868459e-02 2.653260525051901482e+02
7.877877877877878521e-02 2.653204506811453030e+02
7.887887887887888583e-02 2.653148488571005146e+02
7.897897897897898645e-02 2.653092470330556694e+02
7.907907907907908707e-02 2.653036452090108810e+02
7.917917917917918769e-02 2.652980433849660358e+02
7.927927927927928831e-02 2.652924415609212474e+02
7.937937937937938893e-02 2.652868397368764022e+02
7.947947947947948955e-02 2.652812379128316138e+02
7.957957957957957629e-02 2.652756360887867686e+02
7.967967967967967691e-02 2.652700342647419802e+02
7.977977977977977753e-02 2.652644324406971350e+02
7.987987987987987815e-02 2.652588306166523466e+02
7.997997997997997877e-02 2.652532287926075014e+02
8.008008008008007939e-02 2.652476269685627130e+02
8.018018018018018001e-02 2.652420251445178678e+02
8.028028028028028062e-02 2.652364233204730226e+02
8.038038038038038124e-02 2.652307648796773947e+02
8.048048048048048186e-02 2.652248928779629864e+02
8.058058058058058248e-02 2.652190208762485781e+02
8.068068068068068310e-02 2.652131488745341699e+02
8.078078078078078372e-02 2.652072768728198184e+02
8.088088088088088434e-02 2.652014048711054102e+02
8.098098098098098496e-02 2.651955328693910019e+02
8.108108108108108558e-02 2.651896608676765936e+02
8.118118118118118620e-02 2.651837888659621854e+02
8.128128128128128682e-02 2.651779168642478339e+02
8.138138138138138744e-02 2.651720448625334257e+02
8.148148148148148806e-02 2.651661728608190174e+02
8.158158158158158868e-02 2.651603008591046660e+02
8.168168168168168930e-02 2.651544288573902008e+02
8.178178178178178992e-02 2.651485568556757926e+02
8.188188188188189054e-02 2.651426848539614411e+02
8.198198198198199116e-02 2.651368128522470329e+02
8.208208208208209178e-02 2.651309408505326246e+02
8.218218218218219240e-02 2.651250688488182163e+02
8.228228228228227914e-02 2.651191968471038649e+02
8.238238238238237976e-02 2.651133248453894566e+02
8.248248248248248038e-02 2.651074528436751052e+02
8.258258258258258100e-02 2.651015808419606401e+02
8.268268268268268162e-02 2.650957088402462887e+02
8.278278278278278224e-02 2.650898368385318804e+02
8.288288288288288286e-02 2.650839648368174721e+02
8.298298298298298348e-02 2.650780928351030639e+02
8.308308308308308410e-02 2.650722208333886556e+02
8.318318318318318472e-02 2.650663488316743042e+02
8.328328328328328534e-02 2.650604768299598959e+02
8.338338338338338596e-02 2.650546048282454876e+02
8.348348348348348658e-02 2.650487328265310794e+02
8.358358358358358720e-02 2.650428608248166711e+02
8.368368368368368782e-02 2.650369888231023197e+02
8.378378378378378843e-02 2.650311168213879114e+02
8.388388388388388905e-02 2.650252448196735031e+02
8.398398398398398967e-02 2.650193728179590948e+02
8.408408408408409029e-02 2.650135008162446866e+02
8.418418418418419091e-02 2.650076288145303351e+02
8.428428428428429153e-02 2.650017568128159269e+02
8.438438438438439215e-02 2.649958848111015186e+02
8.448448448448449277e-02 2.649900128093871103e+02
8.458458458458459339e-02 2.649841408076727021e+02
8.468468468468469401e-02 2.649782688059583506e+02
8.478478478478479463e-02 2.649723968042439424e+02
8.488488488488489525e-02 2.649665248025295341e+02
8.498498498498498199e-02 2.649606528008151258e+02
8.508508508508508261e-02 2.649547807991007744e+02
8.518518518518518323e-02 2.649489087973863661e+02
8.528528528528528385e-02 2.649430367956719579e+02
8.538538538538538447e-02 2.649371647939575496e+02
8.548548548548548509e-02 2.649312927922431413e+02
8.558558558558558571e-02 2.649254207905287899e+02
8.568568568568568633e-02 2.649195487888143816e+02
8.578578578578578695e-02 2.649136767870999734e+02
8.588588588588588757e-02 2.649078047853855651e+02
8.598598598598598819e-02 2.649019327836712137e+02
8.608608608608608881e-02 2.648960607819568054e+02
8.618618618618618943e-02 2.648901887802423971e+02
8.628628628628629005e-02 2.648843167785280457e+02
8.638638638638639067e-02 2.648784447768135806e+02
8.648648648648649129e-02 2.648725727750992291e+02
8.658658658658659191e-02 2.648667007733847640e+02
8.668668668668669253e-02 2.648608287716704126e+02
8.678678678678679315e-02 2.648549567699560043e+02
8.688688688688689377e-02 2.648490847682415961e+02
8.698698698698699439e-02 2.648432127665272446e+02
8.708708708708709501e-02 2.648373407648128364e+02
8.718718718718719562e-02 2.648314687630984281e+02
8.728728728728729624e-02 2.648255967613840198e+02
8.738738738738739686e-02 2.648197247596696684e+02
8.748748748748749748e-02 2.648138527579552601e+02
8.758758758758759810e-02 2.648079807562408519e+02
8.768768768768768485e-02 2.648021087545264436e+02
8.778778778778778547e-02 2.647962367528120922e+02
8.788788788788788608e-02 2.647903647510976839e+02
8.798798798798798670e-02 2.647844927493832756e+02
8.808808808808808732e-02 2.647786207476688674e+02
8.818818818818818794e-02 2.647727487459544591e+02
8.828828828828828856e-02 2.647668767442401077e+02
8.838838838838838918e-02 2.647610047425256994e+02
8.848848848848848980e-02 2.647551327408112911e+02
8.858858858858859042e-02 2.647492607390968828e+02
8.868868868868869104e-02 2.647433887373824746e+02
8.878878878878879166e-02 2.647375167356681231e+02
8.888888888888889228e-02 2.647316447339536580e+02
8.898898898898899290e-02 2.647257727322393066e+02
8.908908908908909352e-02 2.647199007305248983e+02
8.918918918918919414e-02 2.647140287288104901e+02
8.928928928928929476e-02 2.647081567270961386e+02
8.938938938938939538e-02 2.647022847253817304e+02
8.948948948948949600e-02 2.646964127236673221e+02
8.958958958958959662e-02 2.646875116615185561e+02
8.968968968968969724e-02 2.646783355527953745e+02
8.978978978978979786e-02 2.646691594440720792e+02
8.988988988988989848e-02 2.646599833353488975e+02
8.998998998998999910e-02 2.646508072266256590e+02
9.009009009009009972e-02 2.646416311179024206e+02
9.019019019019020034e-02 2.646324550091791821e+02
9.029029029029030096e-02 2.646232789004559436e+02
9.039039039039038770e-02 2.646141027917327051e+02
9.049049049049048832e-02 2.646049266830094666e+02
9.059059059059058894e-02 2.645957505742862281e+02
9.069069069069068956e-02 2.645865744655629896e+02
9.079079079079079018e-02 2.645773983568397512e+02
9.089089089089089080e-02 2.645682222481165127e+02
9.099099099099099142e-02 2.645590461393932742e+02
9.109109109109109204e-02 2.645498700306700357e+02
9.119119119119119266e-02 2.645406939219467972e+02
9.129129129129129328e-02 2.645315178132235587e+02
9.139139139139139389e-02 2.645223417045003202e+02
9.149149149149149451e-02 2.645131655957770818e+02
9.159159159159159513e-02 2.645039894870538433e+02
9.169169169169169575e-02 2.644948133783306048e+02
9.179179179179179637e-02 2.644856372696073663e+02
9.189189189189189699e-02 2.644763779576213665e+02
9.199199199199199761e-02 2.644670286016190630e+02
9.209209209209209823e-02 2.644576792456168164e+02
9.219219219219219885e-02 2.644483298896145698e+02
9.229229229229229947e-02 2.644389805336123231e+02
9.239239239239240009e-02 2.644296311776100765e+02
9.249249249249250071e-02 2.644202818216078299e+02
9.259259259259260133e-02 2.644109324656055833e+02
9.269269269269270195e-02 2.644015831096033367e+02
9.279279279279280257e-02 2.643922337536010900e+02
9.289289289289290319e-02 2.643828843975988434e+02
9.299299299299300381e-02 2.643735350415965968e+02
9.309309309309309055e-02 2.643641856855943502e+02
9.319319319319319117e-02 2.643548363295921035e+02
9.329329329329329179e-02 2.643454869735898569e+02
9.339339339339339241e-02 2.643361376175876103e+02
9.349349349349349303e-02 2.643267882615853068e+02
9.359359359359359365e-02 2.643174389055831170e+02
9.369369369369369427e-02 2.643080895495808704e+02
9.379379379379379489e-02 2.642987401935786238e+02
9.389389389389389551e-02 2.642893908375763772e+02
9.399399399399399613e-02 2.642800414815741306e+02
9.409409409409409675e-02 2.642706921255718839e+02
9.419419419419419737e-02 2.642613427695696373e+02
9.429429429429429799e-02 2.642519934135673338e+02
9.439439439439439861e-02 2.642426440575650872e+02
9.449449449449449923e-02 2.642332947015628406e+02
9.459459459459459985e-02 2.642239453455606508e+02
9.469469469469470047e-02 2.642145959895583474e+02
9.479479479479480108e-02 2.642052466335561007e+02
9.489489489489490170e-02 2.641958972775538541e+02
9.499499499499500232e-02 2.641865479215516643e+02
9.509509509509510294e-02 2.641771985655494177e+02
9.519519519519520356e-02 2.641678492095471711e+02
9.529529529529530418e-02 2.641584998535448676e+02
9.539539539539540480e-02 2.641491504975426210e+02
9.549549549549550542e-02 2.641398011415403744e+02
9.559559559559560604e-02 2.641304517855381846e+02
9.569569569569570666e-02 2.641211024295358811e+02
9.579579579579579340e-02 2.641117530735336345e+02
9.589589589589589402e-02 2.641024037175313879e+02
9.599599599599599464e-02 2.640930543615291981e+02
9.609609609609609526e-02 2.640837050055268946e+02
9.619619619619619588e-02 2.640743556495246480e+02
9.629629629629629650e-02 2.640650062935224014e+02
9.639639639639639712e-02 2.640556569375201548e+02
9.649649649649649774e-02 2.640463075815179081e+02
9.659659659659659836e-02 2.640369582255156615e+02
9.669669669669669898e-02 2.640276088695134149e+02
9.679679679679679960e-02 2.640182595135111683e+02
9.689689689689690022e-02 2.640089101575089217e+02
9.699699699699700084e-02 2.639995608015066750e+02
9.709709709709710146e-02 2.639902114455044284e+02
9.719719719719720208e-02 2.639808620895021818e+02
9.729729729729730270e-02 2.639715127334999352e+02
9.739739739739740332e-02 2.639621633774976885e+02
9.749749749749750394e-02 2.639528140214954419e+02
9.759759759759760456e-02 2.639434646654931385e+02
9.769769769769770518e-02 2.639341153094909487e+02
9.779779779779780580e-02 2.639247659534887021e+02
9.789789789789790642e-02 2.639154165974864554e+02
9.799799799799800704e-02 2.639060672414842088e+02
9.809809809809810766e-02 2.638967178854819053e+02
9.819819819819820828e-02 2.638873685294796587e+02
9.829829829829830889e-02 2.638780191734774689e+02
9.839839839839840951e-02 2.638682787193392869e+02
9.849849849849849626e-02 2.638583594921637996e+02
9.859859859859859688e-02 2.638484402649883691e+02
9.869869869869869750e-02 2.638385210378128818e+02
9.879879879879879812e-02 2.638286018106374513e+02
9.889889889889889873e-02 2.638186825834619640e+02
9.899899899899899935e-02 2.638087633562865335e+02
9.909909909909909997e-02 2.637988441291111030e+02
9.919919919919920059e-02 2.637889249019356726e+02
9.929929929929930121e-02 2.637790056747601852e+02
9.939939939939940183e-02 2.637690864475846979e+02
9.949949949949950245e-02 2.637591672204092674e+02
9.959959959959960307e-02 2.637492479932337801e+02
9.969969969969970369e-02 2.637393287660583496e+02
9.979979979979980431e-02 2.637294095388829192e+02
9.989989989989990493e-02 2.637194903117074318e+02
1.000000000000000056e-01 2.637095710845319445e+02
