LineProbe
number of points: 1000 (fixed)
point 0: [0.045 0.045 0.   ]
point 1: [0.045 0.045 0.1  ]
-----

# T 1000
0.000000000000000000e+00 2.531499999999999773e+02
1.001001001001001047e-04 2.531502161410830922e+02
2.002002002002002093e-04 2.531504322821661788e+02
3.003003003003003411e-04 2.531506484232492369e+02
4.004004004004004186e-04 2.531508645643322950e+02
5.005005005005004962e-04 2.531510807054153815e+02
6.006006006006006821e-04 2.531512968464984965e+02
7.007007007007007597e-04 2.531515129875815546e+02
8.008008008008008372e-04 2.531517291286646127e+02
9.009009009009009148e-04 2.531519452697477277e+02
1.001001001001000992e-03 2.531521614108308142e+02
1.101101101101101178e-03 2.531523775519138724e+02
1.201201201201201364e-03 2.531525936929969305e+02
1.301301301301301333e-03 2.531528098340800170e+02
1.401401401401401519e-03 2.531530259751631320e+02
1.501501501501501488e-03 2.531532421162461617e+02
1.601601601601601674e-03 2.531534582573292482e+02
1.701701701701701860e-03 2.531536743984123632e+02
1.801801801801801830e-03 2.531538905394954213e+02
1.901901901901902016e-03 2.531541066805785078e+02
2.002002002002001985e-03 2.531543210069050929e+02
2.102102102102102171e-03 2.531545346576876625e+02
2.202202202202202357e-03 2.531547483084702606e+02
2.302302302302302543e-03 2.531549619592528586e+02
2.402402402402402729e-03 2.531551756100354567e+02
2.502502502502502481e-03 2.531553892608180547e+02
2.602602602602602667e-03 2.531556029116006528e+02
2.702702702702702853e-03 2.531558165623832508e+02
2.802802802802803039e-03 2.531560302131658204e+02
2.902902902902903225e-03 2.531562438639484185e+02
3.003003003003002977e-03 2.531564575147309881e+02
3.103103103103103163e-03 2.531566711655135862e+02
3.203203203203203349e-03 2.531568848162961842e+02
3.303303303303303535e-03 2.531570984670787823e+02
3.403403403403403721e-03 2.531573121178613803e+02
3.503503503503503473e-03 2.531575257686439784e+02
3.603603603603603659e-03 2.531577394194265480e+02
3.703703703703703845e-03 2.531579530702091461e+02
3.803803803803804031e-03 2.531581667209917441e+02
3.903903903903904217e-03 2.531583803717743137e+02
4.004004004004003969e-03 2.531585940225569118e+02
4.104104104104104589e-03 2.531588076733395098e+02
4.204204204204204341e-03 2.531590213241221079e+02
4.304304304304304093e-03 2.531592349749047060e+02
4.404404404404404713e-03 2.531594486256873040e+02
4.504504504504504465e-03 2.531596622764699021e+02
4.604604604604605085e-03 2.531598759272525001e+02
4.704704704704704837e-03 2.531600895780350982e+02
4.804804804804805457e-03 2.531603032288176678e+02
4.904904904904905209e-03 2.531605168796002374e+02
5.005005005005004962e-03 2.531607305303828355e+02
5.105105105105105581e-03 2.531609441811654619e+02
5.205205205205205334e-03 2.531611578319480316e+02
5.305305305305305953e-03 2.531613714827306296e+02
5.405405405405405705e-03 2.531615851335132277e+02
5.505505505505505458e-03 2.531617987842958257e+02
5.605605605605606077e-03 2.531620124350784238e+02
5.705705705705705830e-03 2.531622260858609934e+02
5.805805805805806449e-03 2.531624397366435915e+02
5.905905905905906202e-03 2.531626533874261611e+02
6.006006006006005954e-03 2.531628670382087591e+02
6.106106106106106574e-03 2.531630786321470339e+02
6.206206206206206326e-03 2.531632899812877895e+02
6.306306306306306945e-03 2.531635013304284882e+02
6.406406406406406698e-03 2.531637126795691302e+02
6.506506506506506450e-03 2.531639240287098858e+02
6.606606606606607070e-03 2.531641353778505561e+02
6.706706706706706822e-03 2.531643467269912264e+02
6.806806806806807442e-03 2.531645580761319252e+02
6.906906906906907194e-03 2.531647694252726524e+02
7.007007007007006946e-03 2.531649807744133511e+02
7.107107107107107566e-03 2.531651921235540499e+02
7.207207207207207318e-03 2.531654034726947771e+02
7.307307307307307938e-03 2.531656148218354758e+02
7.407407407407407690e-03 2.531658261709761177e+02
7.507507507507507442e-03 2.531660375201168449e+02
7.607607607607608062e-03 2.531662488692575721e+02
7.707707707707707814e-03 2.531664602183982140e+02
7.807807807807808434e-03 2.531666715675389128e+02
7.907907907907909054e-03 2.531668829166796399e+02
8.008008008008007939e-03 2.531670942658203387e+02
8.108108108108108558e-03 2.531673056149610375e+02
8.208208208208209178e-03 2.531675169641017646e+02
8.308308308308308063e-03 2.531677283132424350e+02
8.408408408408408682e-03 2.531679396623831337e+02
8.508508508508509302e-03 2.531681510115238325e+02
8.608608608608608187e-03 2.531683623606645597e+02
8.708708708708708807e-03 2.531685737098052584e+02
8.808808808808809426e-03 2.531687850589459572e+02
8.908908908908910046e-03 2.531689964080866559e+02
9.009009009009008931e-03 2.531692077572273547e+02
9.109109109109109551e-03 2.531694191063680250e+02
9.209209209209210170e-03 2.531696304555087238e+02
9.309309309309309055e-03 2.531698418046494226e+02
9.409409409409409675e-03 2.531700531537901497e+02
9.509509509509510294e-03 2.531702645029308201e+02
9.609609609609610914e-03 2.531704758520714904e+02
9.709709709709709799e-03 2.531706872012122176e+02
9.809809809809810419e-03 2.531708985503528879e+02
9.909909909909911038e-03 2.531711098994936435e+02
1.001001001001000992e-02 2.531713212486343423e+02
1.011011011011011054e-02 2.531715325977750126e+02
1.021021021021021116e-02 2.531717439469157114e+02
1.031031031031031005e-02 2.531719552960564101e+02
1.041041041041041067e-02 2.531721666451971373e+02
1.051051051051051129e-02 2.531723779943378076e+02
1.061061061061061191e-02 2.531725893434785064e+02
1.071071071071071079e-02 2.531728006926192336e+02
1.081081081081081141e-02 2.531730087033241148e+02
1.091091091091091203e-02 2.531732109951655616e+02
1.101101101101101092e-02 2.531734132870070368e+02
1.111111111111111154e-02 2.531736155788485121e+02
1.121121121121121215e-02 2.531738178706899589e+02
1.131131131131131104e-02 2.531740201625314342e+02
1.141141141141141166e-02 2.531742224543729094e+02
1.151151151151151228e-02 2.531744247462143846e+02
1.161161161161161290e-02 2.531746270380558599e+02
1.171171171171171178e-02 2.531748293298973636e+02
1.181181181181181240e-02 2.531750316217388104e+02
1.191191191191191302e-02 2.531752339135802572e+02
1.201201201201201191e-02 2.531754362054217609e+02
1.211211211211211253e-02 2.531756439650206119e+02
1.221221221221221315e-02 2.531758634316035170e+02
1.231231231231231203e-02 2.531760828981864506e+02
1.241241241241241265e-02 2.531763023647693842e+02
1.251251251251251327e-02 2.531765218313522894e+02
1.261261261261261389e-02 2.531767412979352798e+02
1.271271271271271278e-02 2.531769607645181850e+02
1.281281281281281340e-02 2.531771802311010902e+02
1.291291291291291402e-02 2.531773996976840237e+02
1.301301301301301290e-02 2.531776191642669289e+02
1.311311311311311352e-02 2.531778386308498341e+02
1.321321321321321414e-02 2.531780580974328245e+02
1.331331331331331476e-02 2.531782775640157297e+02
1.341341341341341364e-02 2.531784970305986349e+02
1.351351351351351426e-02 2.531787164971815400e+02
1.361361361361361488e-02 2.531789359637645020e+02
1.371371371371371377e-02 2.531791566065617474e+02
1.381381381381381439e-02 2.531793775125998991e+02
1.391391391391391501e-02 2.531795984186380224e+02
1.401401401401401389e-02 2.531798193246761457e+02
1.411411411411411451e-02 2.531800402307143258e+02
1.421421421421421513e-02 2.531802611367524491e+02
1.431431431431431575e-02 2.531804820427905725e+02
1.441441441441441464e-02 2.531807029488287526e+02
1.451451451451451526e-02 2.531809238548668759e+02
1.461461461461461588e-02 2.531811447609049992e+02
1.471471471471471476e-02 2.531813656669431225e+02
1.481481481481481538e-02 2.531815865729812742e+02
1.491491491491491600e-02 2.531818074790193975e+02
1.501501501501501488e-02 2.531820283850575208e+02
1.511511511511511550e-02 2.531822492910956726e+02
1.521521521521521612e-02 2.531824701971337959e+02
1.531531531531531674e-02 2.531826911031719192e+02
1.541541541541541563e-02 2.531829120092100709e+02
1.551551551551551625e-02 2.531831329152482226e+02
1.561561561561561687e-02 2.531833538212863459e+02
1.571571571571571749e-02 2.531835747273245261e+02
1.581581581581581811e-02 2.531837956333626494e+02
1.591591591591591526e-02 2.531840165394007727e+02
1.601601601601601588e-02 2.531842374454388960e+02
1.611611611611611650e-02 2.531844583514770193e+02
1.621621621621621712e-02 2.531846792575151994e+02
1.631631631631631774e-02 2.531849001635533227e+02
1.641641641641641836e-02 2.531851210695914460e+02
1.651651651651651898e-02 2.531853419756295693e+02
1.661661661661661613e-02 2.531855628816677211e+02
1.671671671671671675e-02 2.531857837877058444e+02
1.681681681681681736e-02 2.531860046937439961e+02
1.691691691691691798e-02 2.531862255997821194e+02
1.701701701701701860e-02 2.531864465058202711e+02
1.711711711711711922e-02 2.531866674118583944e+02
1.721721721721721637e-02 2.531868883178965461e+02
1.731731731731731699e-02 2.531871092239346694e+02
1.741741741741741761e-02 2.531873301299727927e+02
1.751751751751751823e-02 2.531875510360109161e+02
1.761761761761761885e-02 2.531877719420490962e+02
1.771771771771771947e-02 2.531879928480872195e+02
1.781781781781782009e-02 2.531882137541253428e+02
1.791791791791791724e-02 2.531884346601634661e+02
1.801801801801801786e-02 2.531886555662016178e+02
1.811811811811811848e-02 2.531888764722397696e+02
1.821821821821821910e-02 2.531890973782779213e+02
1.831831831831831972e-02 2.531893182843160446e+02
1.841841841841842034e-02 2.531895391903541963e+02
1.851851851851852096e-02 2.531897600963923196e+02
1.861861861861861811e-02 2.531899810024304713e+02
1.871871871871871873e-02 2.531902019084685662e+02
1.881881881881881935e-02 2.531904228145066895e+02
1.891891891891891997e-02 2.531906437205448697e+02
1.901901901901902059e-02 2.531908646265829930e+02
1.911911911911912121e-02 2.531910855326211163e+02
1.921921921921922183e-02 2.531913064386592396e+02
1.931931931931931898e-02 2.531915273446974197e+02
1.941941941941941960e-02 2.531917482507355146e+02
1.951951951951952022e-02 2.531919691567736663e+02
1.961961961961962084e-02 2.531921900628118181e+02
1.971971971971972146e-02 2.531924109688499414e+02
1.981981981981982208e-02 2.531926318748880647e+02
1.991991991991991923e-02 2.531928527809262164e+02
2.002002002002001985e-02 2.531930736869643681e+02
2.012012012012012047e-02 2.531932945930024914e+02
2.022022022022022109e-02 2.531935154990406431e+02
2.032032032032032171e-02 2.531937364050787096e+02
2.042042042042042232e-02 2.531939573111168897e+02
2.052052052052052294e-02 2.531941782171550130e+02
2.062062062062062009e-02 2.531943991231931648e+02
2.072072072072072071e-02 2.531946200292312881e+02
2.082082082082082133e-02 2.531948409352694398e+02
2.092092092092092195e-02 2.531950618413075631e+02
2.102102102102102257e-02 2.531952827473457148e+02
2.112112112112112319e-02 2.531955036533838665e+02
2.122122122122122381e-02 2.531957245594219899e+02
2.132132132132132096e-02 2.531959454654601416e+02
2.142142142142142158e-02 2.531961663714982649e+02
2.152152152152152220e-02 2.531963872775364166e+02
2.162162162162162282e-02 2.531966081835745115e+02
2.172172172172172344e-02 2.531968290896126632e+02
2.182182182182182406e-02 2.531970499956507865e+02
2.192192192192192121e-02 2.531972709016889382e+02
2.202202202202202183e-02 2.531974918077270615e+02
2.212212212212212245e-02 2.531977127137651848e+02
2.222222222222222307e-02 2.531979336198033366e+02
2.232232232232232369e-02 2.531981545258414883e+02
2.242242242242242431e-02 2.531983754318796400e+02
2.252252252252252493e-02 2.531985963379177349e+02
2.262262262262262208e-02 2.531988172439558866e+02
2.272272272272272270e-02 2.531990385868527085e+02
2.282282282282282332e-02 2.531992607382913718e+02
2.292292292292292394e-02 2.531994828897301204e+02
2.302302302302302456e-02 2.531997050411687837e+02
2.312312312312312518e-02 2.531999281875861243e+02
2.322322322322322580e-02 2.532001523360401052e+02
2.332332332332332295e-02 2.532003775157323560e+02
2.342342342342342357e-02 2.532006035309233027e+02
2.352352352352352419e-02 2.532008295461142495e+02
2.362362362362362481e-02 2.532010555613052247e+02
2.372372372372372543e-02 2.532012815764961999e+02
2.382382382382382605e-02 2.532015075916871183e+02
2.392392392392392667e-02 2.532017336068780367e+02
2.402402402402402382e-02 2.532019596220690403e+02
2.412412412412412444e-02 2.532021856372599871e+02
2.422422422422422505e-02 2.532024116524509623e+02
2.432432432432432567e-02 2.532026376676419375e+02
2.442442442442442629e-02 2.532028636828328843e+02
2.452452452452452691e-02 2.532030896980238026e+02
2.462462462462462406e-02 2.532033157132147494e+02
2.472472472472472468e-02 2.532035417284056962e+02
2.482482482482482530e-02 2.532037677435966430e+02
2.492492492492492592e-02 2.532039937587876182e+02
2.502502502502502654e-02 2.532042197739786218e+02
2.512512512512512716e-02 2.532044457891695401e+02
2.522522522522522778e-02 2.532046718043604869e+02
2.532532532532532493e-02 2.532048978195514621e+02
2.542542542542542555e-02 2.532051238347424089e+02
2.552552552552552617e-02 2.532053498499333273e+02
2.562562562562562679e-02 2.532055758651243025e+02
2.572572572572572741e-02 2.532058018803152777e+02
2.582582582582582803e-02 2.532060278955061960e+02
2.592592592592592865e-02 2.532062539106971428e+02
2.602602602602602580e-02 2.532064799258880896e+02
2.612612612612612642e-02 2.532067059410790932e+02
2.622622622622622704e-02 2.532069319562700400e+02
2.632632632632632766e-02 2.532071579714609868e+02
2.642642642642642828e-02 2.532073839866519336e+02
2.652652652652652890e-02 2.532076100018428804e+02
2.662662662662662952e-02 2.532078360170338271e+02
2.672672672672672667e-02 2.532080620322248308e+02
2.682682682682682729e-02 2.532082880474157776e+02
2.692692692692692791e-02 2.532085140626067243e+02
2.702702702702702853e-02 2.532087400777976711e+02
2.712712712712712915e-02 2.532089660929886179e+02
2.722722722722722977e-02 2.532091921081795647e+02
2.732732732732732692e-02 2.532094181233705115e+02
2.742742742742742754e-02 2.532096441385614582e+02
2.752752752752752816e-02 2.532098701537524050e+02
2.762762762762762878e-02 2.532100961689434087e+02
2.772772772772772940e-02 2.532103221841343270e+02
2.782782782782783002e-02 2.532105481993252738e+02
2.792792792792793063e-02 2.532107742145162206e+02
2.802802802802802778e-02 2.532110002297071674e+02
2.812812812812812840e-02 2.532112262448981426e+02
2.822822822822822902e-02 2.532114522600891178e+02
2.832832832832832964e-02 2.532116782752800646e+02
2.842842842842843026e-02 2.532119042904709829e+02
2.852852852852853088e-02 2.532121303056619297e+02
2.862862862862863150e-02 2.532123563208529049e+02
2.872872872872872865e-02 2.532125823360438517e+02
2.882882882882882927e-02 2.532128083512347985e+02
2.892892892892892989e-02 2.532130343664258021e+02
2.902902902902903051e-02 2.532132603816167489e+02
2.912912912912913113e-02 2.532134863968076957e+02
2.922922922922923175e-02 2.532137124119986424e+02
2.932932932932933237e-02 2.532139384271895892e+02
2.942942942942942952e-02 2.532141644423805360e+02
2.952952952952953014e-02 2.532143904575715112e+02
2.962962962962963076e-02 2.532146164727624580e+02
2.972972972972973138e-02 2.532148424879534332e+02
2.982982982982983200e-02 2.532150685031443516e+02
2.992992992992993262e-02 2.532152945183352983e+02
3.003003003003002977e-02 2.532155205335262735e+02
3.013013013013013039e-02 2.532157465487172203e+02
3.023023023023023101e-02 2.532159725639081671e+02
3.033033033033033163e-02 2.532161985790991707e+02
3.043043043043043225e-02 2.532164245942901175e+02
3.053053053053053287e-02 2.532166506094810643e+02
3.063063063063063349e-02 2.532168766246719827e+02
3.073073073073073064e-02 2.532171026398629579e+02
3.083083083083083126e-02 2.532173286550539046e+02
3.093093093093093188e-02 2.532175546702448514e+02
3.103103103103103250e-02 2.532177806805739806e+02
3.113113113113113312e-02 2.532180064560186850e+02
3.123123123123123374e-02 2.532182322314633893e+02
3.133133133133133436e-02 2.532184580069081505e+02
3.143143143143143498e-02 2.532186837823528549e+02
3.153153153153153559e-02 2.532189095577975593e+02
3.163163163163163621e-02 2.532191353332422636e+02
3.173173173173172990e-02 2.532193611086869964e+02
3.183183183183183051e-02 2.532195868841317292e+02
3.193193193193193113e-02 2.532198126595764052e+02
3.203203203203203175e-02 2.532200384350211380e+02
3.213213213213213237e-02 2.532202642104658423e+02
3.223223223223223299e-02 2.532204899859105751e+02
3.233233233233233361e-02 2.532207157613552795e+02
3.243243243243243423e-02 2.532209415368000123e+02
3.253253253253253485e-02 2.532211673122447166e+02
3.263263263263263547e-02 2.532213930876894210e+02
3.273273273273273609e-02 2.532216188631341538e+02
3.283283283283283671e-02 2.532218446385788866e+02
3.293293293293293733e-02 2.532220704140235625e+02
3.303303303303303795e-02 2.532222961894682669e+02
3.313313313313313163e-02 2.532225219649130281e+02
3.323323323323323225e-02 2.532227477403577325e+02
3.333333333333333287e-02 2.532229735158024369e+02
3.343343343343343349e-02 2.532231992912471412e+02
3.353353353353353411e-02 2.532234250666918740e+02
3.363363363363363473e-02 2.532236508421365784e+02
3.373373373373373535e-02 2.532238766175813112e+02
3.383383383383383597e-02 2.532241023930260155e+02
3.393393393393393659e-02 2.532243281684707483e+02
3.403403403403403721e-02 2.532245539439154527e+02
3.413413413413413783e-02 2.532247797193601571e+02
3.423423423423423845e-02 2.532250054948048898e+02
3.433433433433433907e-02 2.532252312702495658e+02
3.443443443443443275e-02 2.532254570456942986e+02
3.453453453453453337e-02 2.532256828211390314e+02
3.463463463463463399e-02 2.532259085965837642e+02
3.473473473473473461e-02 2.532261349011374989e+02
3.483483483483483523e-02 2.532263614205340332e+02
3.493493493493493585e-02 2.532265879399305675e+02
3.503503503503503647e-02 2.532268144593270733e+02
3.513513513513513709e-02 2.532270398111906502e+02
3.523523523523523771e-02 2.532272643758620632e+02
3.533533533533533832e-02 2.532274803382164521e+02
3.543543543543543894e-02 2.532276786274405254e+02
3.553553553553553956e-02 2.532278693553017206e+02
3.563563563563564018e-02 2.532280600831629442e+02
3.573573573573574080e-02 2.532282508110241679e+02
3.583583583583583448e-02 2.532284415388853915e+02
3.593593593593593510e-02 2.532286322667465583e+02
3.603603603603603572e-02 2.532288229946077820e+02
3.613613613613613634e-02 2.532290137224690056e+02
3.623623623623623696e-02 2.532292044503302293e+02
3.633633633633633758e-02 2.532293951781914245e+02
3.643643643643643820e-02 2.532295859060526197e+02
3.653653653653653882e-02 2.532297766339138150e+02
3.663663663663663944e-02 2.532299673617750386e+02
3.673673673673674006e-02 2.532301580896362339e+02
3.683683683683684068e-02 2.532303488174974291e+02
3.693693693693694130e-02 2.532305395453586812e+02
3.703703703703704192e-02 2.532307302732198764e+02
3.713713713713713560e-02 2.532309210010811000e+02
3.723723723723723622e-02 2.532311117289422953e+02
3.733733733733733684e-02 2.532313024568035189e+02
3.743743743743743746e-02 2.532314931846647141e+02
3.753753753753753808e-02 2.532316839125259378e+02
3.763763763763763870e-02 2.532318746403871330e+02
3.773773773773773932e-02 2.532320653682483567e+02
3.783783783783783994e-02 2.532322560961095519e+02
3.793793793793794056e-02 2.532324468239707755e+02
3.803803803803804118e-02 2.532326375518319708e+02
3.813813813813814180e-02 2.532328282796932228e+02
3.823823823823824242e-02 2.532330190075543896e+02
3.833833833833834304e-02 2.532332097354156133e+02
3.843843843843844366e-02 2.532334004632768369e+02
3.853853853853853734e-02 2.532335911911380322e+02
3.863863863863863796e-02 2.532337819189992558e+02
3.873873873873873858e-02 2.532339726468604226e+02
3.883883883883883920e-02 2.532341633747216463e+02
3.893893893893893982e-02 2.532343541025828699e+02
3.903903903903904044e-02 2.532345448304440936e+02
3.913913913913914105e-02 2.532347355583052604e+02
3.923923923923924167e-02 2.532349262861664840e+02
3.933933933933934229e-02 2.532351170140277361e+02
3.943943943943944291e-02 2.532353077418889313e+02
3.953953953953954353e-02 2.532354984697501550e+02
3.963963963963964415e-02 2.532356891976113218e+02
3.973973973973974477e-02 2.532358799254725454e+02
3.983983983983983845e-02 2.532360706533337407e+02
3.993993993993993907e-02 2.532362613811949643e+02
4.004004004004003969e-02 2.532364521090561311e+02
4.014014014014014031e-02 2.532366428369173832e+02
4.024024024024024093e-02 2.532368335647786068e+02
4.034034034034034155e-02 2.532370242926398305e+02
4.044044044044044217e-02 2.532372150205009973e+02
4.054054054054054279e-02 2.532374057483622209e+02
4.064064064064064341e-02 2.532375964762234446e+02
4.074074074074074403e-02 2.532377872040846398e+02
4.084084084084084465e-02 2.532379779319458635e+02
4.094094094094094527e-02 2.532381686598070303e+02
4.104104104104104589e-02 2.532383593876682824e+02
4.114114114114113957e-02 2.532385501155294776e+02
4.124124124124124019e-02 2.532387408433907012e+02
4.134134134134134081e-02 2.532389315712518965e+02
4.144144144144144143e-02 2.532391222991130917e+02
4.154154154154154205e-02 2.532393130269743153e+02
4.164164164164164267e-02 2.532395037548355390e+02
4.174174174174174329e-02 2.532396944826967342e+02
4.184184184184184391e-02 2.532398852105579579e+02
4.194194194194194453e-02 2.532400759384191815e+02
4.204204204204204515e-02 2.532402666662803483e+02
4.214214214214214577e-02 2.532404573941415720e+02
4.224224224224224639e-02 2.532406481220027956e+02
4.234234234234234701e-02 2.532408388498639908e+02
4.244244244244244763e-02 2.532410295777251861e+02
4.254254254254254131e-02 2.532412203055864097e+02
4.264264264264264193e-02 2.532414110334476334e+02
4.274274274274274255e-02 2.532416017613088570e+02
4.284284284284284317e-02 2.532417924891700522e+02
4.294294294294294378e-02 2.532419832170312475e+02
4.304304304304304440e-02 2.532421739448924995e+02
4.314314314314314502e-02 2.532423646727536664e+02
4.324324324324324564e-02 2.532425554006148900e+02
4.334334334334334626e-02 2.532427461284761137e+02
4.344344344344344688e-02 2.532429368563373089e+02
4.354354354354354750e-02 2.532431275841985041e+02
4.364364364364364812e-02 2.532433183120597562e+02
4.374374374374374874e-02 2.532435090399209230e+02
4.384384384384384242e-02 2.532436997677821466e+02
4.394394394394394304e-02 2.532438904956433419e+02
4.404404404404404366e-02 2.532440812235045655e+02
4.414414414414414428e-02 2.532442719513657607e+02
4.424424424424424490e-02 2.532444626792269844e+02
4.434434434434434552e-02 2.532446534070882080e+02
4.444444444444444614e-02 2.532448441349494033e+02
4.454454454454454676e-02 2.532450348628105985e+02
4.464464464464464738e-02 2.532452255906718506e+02
4.474474474474474800e-02 2.532454163185330174e+02
4.484484484484484862e-02 2.532456070463942410e+02
4.494494494494494924e-02 2.532457977742554647e+02
4.504504504504504986e-02 2.532459885021166883e+02
4.514514514514515048e-02 2.532461792299778836e+02
4.524524524524524416e-02 2.532463699578391072e+02
4.534534534534534478e-02 2.532465606857003024e+02
4.544544544544544540e-02 2.532467514135615261e+02
4.554554554554554602e-02 2.532469421414226929e+02
4.564564564564564664e-02 2.532471328692839165e+02
4.574574574574574726e-02 2.532473235971451118e+02
4.584584584584584788e-02 2.532475143250063354e+02
4.594594594594594850e-02 2.532477050528675591e+02
4.604604604604604912e-02 2.532478957807287543e+02
4.614614614614614974e-02 2.532480865085899495e+02
4.624624624624625036e-02 2.532482772364512016e+02
4.634634634634635098e-02 2.532484679643123968e+02
4.644644644644645159e-02 2.532486586921735920e+02
4.654654654654654528e-02 2.532488494200348157e+02
4.664664664664664590e-02 2.532490401478960393e+02
4.674674674674674651e-02 2.532492308757572346e+02
4.684684684684684713e-02 2.532494216036184582e+02
4.694694694694694775e-02 2.532496123314796534e+02
4.704704704704704837e-02 2.532498030593408771e+02
4.714714714714714899e-02 2.532499937872021007e+02
4.724724724724724961e-02 2.532501845150632676e+02
4.734734734734735023e-02 2.532503752429244912e+02
4.744744744744745085e-02 2.532505659707857149e+02
4.754754754754755147e-02 2.532507566986469101e+02
4.764764764764765209e-02 2.532509474265081053e+02
4.774774774774775271e-02 2.532511381543693005e+02
4.784784784784785333e-02 2.532513288822305526e+02
4.794794794794794701e-02 2.532515196100917478e+02
4.804804804804804763e-02 2.532517103379529431e+02
4.814814814814814825e-02 2.532519010658141667e+02
4.824824824824824887e-02 2.532520917936753904e+02
4.834834834834834949e-02 2.532522825215365856e+02
4.844844844844845011e-02 2.532524732493978092e+02
4.854854854854855073e-02 2.532526639772590045e+02
4.864864864864865135e-02 2.532528547051202281e+02
4.874874874874875197e-02 2.532530454329814518e+02
4.884884884884885259e-02 2.532532361608426470e+02
4.894894894894895321e-02 2.532534268887038422e+02
4.904904904904905383e-02 2.532536176165650943e+02
4.914914914914915445e-02 2.532538083444262611e+02
4.924924924924924813e-02 2.532539990722874563e+02
4.934934934934934875e-02 2.532541898001486800e+02
4.944944944944944937e-02 2.532543805280099036e+02
4.954954954954954999e-02 2.532545712558710989e+02
4.964964964964965061e-02 2.532547619837323225e+02
4.974974974974975123e-02 2.532549527115935177e+02
4.984984984984985185e-02 2.532551434394547414e+02
4.994994994994995247e-02 2.532553341673159650e+02
5.005005005005005309e-02 2.532555248951771603e+02
5.015015015015015371e-02 2.532556826472074647e+02
5.025025025025025432e-02 2.532558094823609167e+02
5.035035035035035494e-02 2.532559363175143972e+02
5.045045045045045556e-02 2.532560631526678492e+02
5.055055055055055618e-02 2.532561899878213296e+02
5.065065065065064986e-02 2.532563168229747816e+02
5.075075075075075048e-02 2.532564436581282337e+02
5.085085085085085110e-02 2.532565704932817141e+02
5.095095095095095172e-02 2.532566973284351661e+02
5.105105105105105234e-02 2.532568241635886181e+02
5.115115115115115296e-02 2.532569509987420986e+02
5.125125125125125358e-02 2.532570778338955506e+02
5.135135135135135420e-02 2.532572046690490026e+02
5.145145145145145482e-02 2.532573315042024547e+02
5.155155155155155544e-02 2.532574583393559351e+02
5.165165165165165606e-02 2.532575851745094155e+02
5.175175175175175668e-02 2.532577120096628676e+02
5.185185185185185730e-02 2.532578388448163480e+02
5.195195195195195098e-02 2.532579656799698000e+02
5.205205205205205160e-02 2.532580925151232520e+02
5.215215215215215222e-02 2.532582193502767325e+02
5.225225225225225284e-02 2.532583461854301845e+02
5.235235235235235346e-02 2.532584730205836365e+02
5.245245245245245408e-02 2.532585998557371170e+02
5.255255255255255470e-02 2.532587266908905690e+02
5.265265265265265532e-02 2.532588535260440494e+02
5.275275275275275594e-02 2.532589803611975015e+02
5.285285285285285656e-02 2.532591071963509535e+02
5.295295295295295718e-02 2.532592340315044339e+02
5.305305305305305780e-02 2.532593608666578859e+02
5.315315315315315842e-02 2.532594877018113664e+02
5.325325325325325904e-02 2.532596145369648184e+02
5.335335335335335272e-02 2.532597413721182704e+02
5.345345345345345334e-02 2.532598682072717509e+02
5.355355355355355396e-02 2.532599950424252029e+02
5.365365365365365458e-02 2.532601218775786549e+02
5.375375375375375520e-02 2.532602487127321638e+02
5.385385385385385582e-02 2.532603755478855874e+02
5.395395395395395644e-02 2.532605023830390962e+02
5.405405405405405705e-02 2.532606292181925483e+02
5.415415415415415767e-02 2.532607560533460003e+02
5.425425425425425829e-02 2.532608828884994807e+02
5.435435435435435891e-02 2.532610097236529327e+02
5.445445445445445953e-02 2.532611365588063848e+02
5.455455455455456015e-02 2.532612633939598936e+02
5.465465465465465383e-02 2.532613902291133741e+02
5.475475475475475445e-02 2.532615170642667977e+02
5.485485485485485507e-02 2.532616438994202781e+02
5.495495495495495569e-02 2.532617707345737585e+02
5.505505505505505631e-02 2.532618975697271821e+02
5.515515515515515693e-02 2.532620244048806626e+02
5.525525525525525755e-02 2.532621512400341430e+02
5.535535535535535817e-02 2.532622780751875666e+02
5.545545545545545879e-02 2.532624049103410471e+02
5.555555555555555941e-02 2.532625317454945275e+02
5.565565565565566003e-02 2.532626585806480080e+02
5.575575575575576065e-02 2.532627854158014316e+02
5.585585585585586127e-02 2.532629122509549120e+02
5.595595595595596189e-02 2.532630390861083924e+02
5.605605605605605557e-02 2.532631659212618160e+02
5.615615615615615619e-02 2.532632927564152965e+02
5.625625625625625681e-02 2.532634195915687769e+02
5.635635635635635743e-02 2.532635464267222574e+02
5.645645645645645805e-02 2.532636732618756810e+02
5.655655655655655867e-02 2.532638000970291614e+02
5.665665665665665929e-02 2.532639269321826418e+02
5.675675675675675991e-02 2.532640537673361223e+02
5.685685685685686053e-02 2.532641806024895459e+02
5.695695695695696115e-02 2.532643074376430263e+02
5.705705705705706177e-02 2.532644342727964499e+02
5.715715715715716239e-02 2.532645611079499304e+02
5.725725725725726301e-02 2.532646879431033824e+02
5.735735735735735669e-02 2.532648147782568344e+02
5.745745745745745731e-02 2.532649416134103149e+02
5.755755755755755793e-02 2.532650684485637953e+02
5.765765765765765855e-02 2.532651952837172757e+02
5.775775775775775916e-02 2.532653221188706993e+02
5.785785785785785978e-02 2.532654489540241798e+02
5.795795795795796040e-02 2.532655757891776602e+02
5.805805805805806102e-02 2.532657026243311122e+02
5.815815815815816164e-02 2.532658294594846211e+02
5.825825825825826226e-02 2.532659562946380447e+02
5.835835835835836288e-02 2.532660830233963623e+02
5.845845845845846350e-02 2.532662070633651581e+02
5.855855855855856412e-02 2.532663311033339255e+02
5.865865865865866474e-02 2.532664551433027498e+02
5.875875875875875842e-02 2.532665791832715456e+02
5.885885885885885904e-02 2.532667032232403415e+02
5.895895895895895966e-02 2.532668272632091657e+02
5.905905905905906028e-02 2.532669513031779616e+02
5.915915915915916090e-02 2.532670753431467574e+02
5.925925925925926152e-02 2.532671993831155532e+02
5.935935935935936214e-02 2.532673234230843775e+02
5.945945945945946276e-02 2.532674474630531734e+02
5.955955955955956338e-02 2.532675715030219692e+02
5.965965965965966400e-02 2.532676955429907935e+02
5.975975975975976462e-02 2.532678195829595609e+02
5.985985985985986524e-02 2.532679436229283851e+02
5.995995995995996586e-02 2.532680676628971810e+02
6.006006006006005954e-02 2.532681917028659768e+02
6.016016016016016016e-02 2.532683157428347727e+02
6.026026026026026078e-02 2.532684397828035685e+02
6.036036036036036140e-02 2.532685638227723643e+02
6.046046046046046202e-02 2.532686878627411886e+02
6.056056056056056264e-02 2.532688119027099845e+02
6.066066066066066326e-02 2.532689359426787803e+02
6.076076076076076388e-02 2.532690599826475761e+02
6.086086086086086450e-02 2.532691840226163720e+02
6.096096096096096512e-02 2.532693080625851678e+02
6.106106106106106574e-02 2.532694321025539921e+02
6.116116116116116636e-02 2.532695466178746244e+02
6.126126126126126697e-02 2.532696594695229635e+02
6.136136136136136759e-02 2.532697723211713026e+02
6.146146146146146128e-02 2.532698851728196701e+02
6.156156156156156189e-02 2.532699980244680376e+02
6.166166166166166251e-02 2.532701108761163766e+02
6.176176176176176313e-02 2.532702237277647441e+02
6.186186186186186375e-02 2.532703365794131116e+02
6.196196196196196437e-02 2.532704494310614507e+02
6.206206206206206499e-02 2.532705622827097898e+02
6.216216216216216561e-02 2.532706751343581573e+02
6.226226226226226623e-02 2.532707879860065248e+02
6.236236236236236685e-02 2.532709008376548638e+02
6.246246246246246747e-02 2.532710136893032029e+02
6.256256256256256809e-02 2.532711265409515420e+02
6.266266266266266871e-02 2.532712393925999095e+02
6.276276276276276933e-02 2.532713522442483054e+02
6.286286286286286995e-02 2.532714650958966160e+02
6.296296296296297057e-02 2.532715779475449835e+02
6.306306306306307119e-02 2.532716907991933226e+02
6.316316316316317181e-02 2.532718036508417185e+02
6.326326326326327243e-02 2.532719165024900292e+02
6.336336336336337305e-02 2.532720293541383967e+02
6.346346346346345979e-02 2.532721422057867358e+02
6.356356356356356041e-02 2.532722550574351033e+02
6.366366366366366103e-02 2.532723679090834423e+02
6.376376376376376165e-02 2.532724807607318098e+02
6.386386386386386227e-02 2.532725936123801773e+02
6.396396396396396289e-02 2.532727064640285164e+02
6.406406406406406351e-02 2.532728193156768555e+02
6.416416416416416413e-02 2.532729321673252230e+02
6.426426426426426475e-02 2.532730450189735905e+02
6.436436436436436537e-02 2.532731531893699071e+02
6.446446446446446599e-02 2.532732524385575061e+02
6.456456456456456661e-02 2.532733516877451336e+02
6.466466466466466723e-02 2.532734509369327611e+02
6.476476476476476785e-02 2.532735501861203318e+02
6.486486486486486847e-02 2.532736494353079877e+02
6.496496496496496909e-02 2.532737486844955583e+02
6.506506506506506970e-02 2.532738479336832143e+02
6.516516516516517032e-02 2.532739471828708417e+02
6.526526526526527094e-02 2.532740464320584124e+02
6.536536536536537156e-02 2.532741456812460683e+02
6.546546546546547218e-02 2.532742449304336674e+02
6.556556556556557280e-02 2.532743441796213233e+02
6.566566566566567342e-02 2.532744434288089224e+02
6.576576576576577404e-02 2.532745426779965499e+02
6.586586586586587466e-02 2.532746419271841205e+02
6.596596596596597528e-02 2.532747411763717480e+02
6.606606606606607590e-02 2.532748063904562059e+02
6.616616616616616264e-02 2.532748594685048431e+02
6.626626626626626326e-02 2.532749044340940259e+02
6.636636636636636388e-02 2.532749451719022886e+02
6.646646646646646450e-02 2.532749859097105798e+02
6.656656656656656512e-02 2.532750266475188710e+02
6.666666666666666574e-02 2.532750673853271621e+02
6.676676676676676636e-02 2.532751081231354249e+02
6.686686686686686698e-02 2.532751488609437445e+02
6.696696696696696760e-02 2.532751895987520072e+02
6.706706706706706822e-02 2.532752303365602984e+02
6.716716716716716884e-02 2.532752710743685611e+02
6.726726726726726946e-02 2.532753009575485237e+02
6.736736736736737008e-02 2.532753181028645031e+02
6.746746746746747070e-02 2.532753352481804825e+02
6.756756756756757132e-02 2.532753523934964903e+02
6.766766766766767194e-02 2.532753695388124697e+02
6.776776776776777256e-02 2.532753866841284776e+02
6.786786786786787318e-02 2.532754038294444285e+02
6.796796796796797380e-02 2.532754209747604648e+02
6.806806806806807442e-02 2.532754381200763873e+02
6.816816816816817504e-02 2.532754552653924236e+02
6.826826826826827566e-02 2.532754724107084030e+02
6.836836836836837628e-02 2.532754895560244393e+02
6.846846846846847690e-02 2.532755067013403618e+02
6.856856856856857751e-02 2.532755238466563696e+02
6.866866866866867813e-02 2.532755409919723775e+02
6.876876876876877875e-02 2.532755581372883285e+02
6.886886886886886550e-02 2.532755752826043363e+02
6.896896896896896612e-02 2.532755924279203157e+02
6.906906906906906674e-02 2.532756095732363235e+02
6.916916916916916735e-02 2.532756267185522745e+02
6.926926926926926797e-02 2.532756438638683107e+02
6.936936936936936859e-02 2.532756610091842617e+02
6.946946946946946921e-02 2.532756781545002980e+02
6.956956956956956983e-02 2.532756952998162490e+02
6.966966966966967045e-02 2.532757124451322852e+02
6.976976976976977107e-02 2.532757295904482362e+02
6.986986986986987169e-02 2.532757467357642156e+02
6.996996996996997231e-02 2.532757638810802234e+02
7.007007007007007293e-02 2.532757810263962028e+02
7.017017017017017355e-02 2.532757981717122107e+02
7.027027027027027417e-02 2.532758153170281901e+02
7.037037037037037479e-02 2.532758324623441695e+02
7.047047047047047541e-02 2.532758496076601489e+02
7.057057057057057603e-02 2.532758667529761283e+02
7.067067067067067665e-02 2.532758838982921361e+02
7.077077077077077727e-02 2.532759010436081155e+02
7.087087087087087789e-02 2.532759181889240949e+02
7.097097097097097851e-02 2.532759353342401312e+02
7.107107107107107913e-02 2.532759524795561106e+02
7.117117117117117975e-02 2.532759696248720900e+02
7.127127127127128037e-02 2.532759867701880978e+02
7.137137137137138099e-02 2.532759937868252678e+02
7.147147147147148161e-02 2.532759966942612948e+02
7.157157157157156835e-02 2.532759996016973219e+02
7.167167167167166897e-02 2.532760025091333773e+02
7.177177177177176959e-02 2.532760054165694328e+02
7.187187187187187021e-02 2.532760083240054598e+02
7.197197197197197083e-02 2.532760112314414869e+02
7.207207207207207145e-02 2.532760141388774855e+02
7.217217217217217207e-02 2.532760170463135410e+02
7.227227227227227269e-02 2.532760199537495680e+02
7.237237237237237331e-02 2.532760228611856235e+02
7.247247247247247393e-02 2.532760257686216789e+02
7.257257257257257455e-02 2.532760286760577060e+02
7.267267267267267516e-02 2.532760315834937330e+02
7.277277277277277578e-02 2.532760344909297601e+02
7.287287287287287640e-02 2.532760373983658155e+02
7.297297297297297702e-02 2.532760403058018710e+02
7.307307307307307764e-02 2.532760432132378980e+02
7.317317317317317826e-02 2.532760461206739251e+02
7.327327327327327888e-02 2.532760490281099521e+02
7.337337337337337950e-02 2.532760519355460076e+02
7.347347347347348012e-02 2.532760548429820631e+02
7.357357357357358074e-02 2.532760577504181185e+02
7.367367367367368136e-02 2.532760606578541740e+02
7.377377377377378198e-02 2.532760635652901726e+02
7.387387387387388260e-02 2.532760664727262281e+02
7.397397397397398322e-02 2.532760693801622836e+02
7.407407407407408384e-02 2.532760722875982822e+02
7.417417417417418446e-02 2.532760755222935529e+02
7.427427427427427120e-02 2.532760789816779550e+02
7.437437437437437182e-02 2.532760824410623286e+02
7.447447447447447244e-02 2.532760859004467022e+02
7.457457457457457306e-02 2.532760893598311043e+02
7.467467467467467368e-02 2.532760928192154779e+02
7.477477477477477430e-02 2.532760962785998800e+02
7.487487487487487492e-02 2.532760997379842820e+02
7.497497497497497554e-02 2.532761031973686841e+02
7.507507507507507616e-02 2.532761066567530293e+02
7.517517517517517678e-02 2.532761101161374313e+02
7.527527527527527740e-02 2.532761135755218334e+02
7.537537537537537802e-02 2.532761170349062070e+02
7.547547547547547864e-02 2.532761204942905806e+02
7.557557557557557926e-02 2.532761239536749827e+02
7.567567567567567988e-02 2.532761274130593847e+02
7.577577577577578050e-02 2.532761308724437299e+02
7.587587587587588112e-02 2.532761343318281320e+02
7.597597597597598174e-02 2.532761377912125056e+02
7.607607607607608236e-02 2.532761412505969076e+02
7.617617617617618297e-02 2.532761447099812813e+02
7.627627627627628359e-02 2.532761481693656833e+02
7.637637637637638421e-02 2.532761516287500854e+02
7.647647647647648483e-02 2.532761550881344306e+02
7.657657657657658545e-02 2.532761585475188326e+02
7.667667667667668607e-02 2.532761620069032347e+02
7.677677677677678669e-02 2.532761654662876367e+02
7.687687687687688731e-02 2.532761689256720103e+02
7.697697697697697405e-02 2.532761723850563840e+02
7.707707707707707467e-02 2.532761763425288279e+02
7.717717717717717529e-02 2.532761809176717520e+02
7.727727727727727591e-02 2.532761854928146192e+02
7.737737737737737653e-02 2.532761900679574865e+02
7.747747747747747715e-02 2.532761946431003821e+02
7.757757757757757777e-02 2.532761992182432778e+02
7.767767767767767839e-02 2.532762037933861450e+02
7.777777777777777901e-02 2.532762083685290122e+02
7.787787787787787963e-02 2.532762129436719079e+02
7.797797797797798025e-02 2.532762175188148035e+02
7.807807807807808087e-02 2.532762220939576707e+02
7.817817817817818149e-02 2.532762266691005379e+02
7.827827827827828211e-02 2.532761951190571779e+02
7.837837837837838273e-02 2.532761464312826263e+02
7.847847847847848335e-02 2.532760977435080747e+02
7.857857857857858397e-02 2.532760490557334947e+02
7.867867867867868459e-02 2.532759918141111655e+02
7.877877877877878521e-02 2.532759309958792358e+02
7.887887887887888583e-02 2.532758701776473345e+02
7.897897897897898645e-02 2.532758093594154047e+02
7.907907907907908707e-02 2.532757485411835603e+02
7.917917917917918769e-02 2.532756877229516590e+02
7.927927927927928831e-02 2.532756269047197293e+02
7.937937937937938893e-02 2.532755660864878280e+02
7.947947947947948955e-02 2.532755052682559267e+02
7.957957957957957629e-02 2.532754444500240538e+02
7.967967967967967691e-02 2.532753836317921525e+02
7.977977977977977753e-02 2.532753228135602512e+02
7.987987987987987815e-02 2.532752619953283499e+02
7.997997997997997877e-02 2.532752011770964202e+02
8.008008008008007939e-02 2.532751403588645474e+02
8.018018018018018001e-02 2.532750795406326461e+02
8.028028028028028062e-02 2.532750187224007448e+02
8.038038038038038124e-02 2.532749565384925461e+02
8.048048048048048186e-02 2.532748892031921173e+02
8.058058058058058248e-02 2.532748218678917453e+02
8.068068068068068310e-02 2.532747545325913450e+02
8.078078078078078372e-02 2.532746871972909162e+02
8.088088088088088434e-02 2.532746198619905158e+02
8.098098098098098496e-02 2.532745525266900870e+02
8.108108108108108558e-02 2.532744851913897151e+02
8.118118118118118620e-02 2.532744178560893147e+02
8.128128128128128682e-02 2.532743505207889143e+02
8.138138138138138744e-02 2.532742831854885139e+02
8.148148148148148806e-02 2.532742158501881420e+02
8.158158158158158868e-02 2.532741485148877132e+02
8.168168168168168930e-02 2.532740811795873697e+02
8.178178178178178992e-02 2.532740138442869124e+02
8.188188188188189054e-02 2.532739465089864837e+02
8.198198198198199116e-02 2.532738791736861117e+02
8.208208208208209178e-02 2.532738118383857113e+02
8.218218218218219240e-02 2.532737445030853110e+02
8.228228228228227914e-02 2.532736771677849106e+02
8.238238238238237976e-02 2.532736098324845386e+02
8.248248248248248038e-02 2.532735424971841098e+02
8.258258258258258100e-02 2.532734751618836810e+02
8.268268268268268162e-02 2.532734078265833091e+02
8.278278278278278224e-02 2.532733404912829087e+02
8.288288288288288286e-02 2.532732731559825083e+02
8.298298298298298348e-02 2.532732058206821080e+02
8.308308308308308410e-02 2.532731384853817076e+02
8.318318318318318472e-02 2.532730711500813072e+02
8.328328328328328534e-02 2.532730038147809353e+02
8.338338338338338596e-02 2.532729364794805065e+02
8.348348348348348658e-02 2.532728691441801061e+02
8.358358358358358720e-02 2.532728018088797057e+02
8.368368368368368782e-02 2.532727344735793054e+02
8.378378378378378843e-02 2.532726671382789050e+02
8.388388388388388905e-02 2.532725998029784762e+02
8.398398398398398967e-02 2.532725324676781042e+02
8.408408408408409029e-02 2.532724651323777039e+02
8.418418418418419091e-02 2.532723977970773035e+02
8.428428428428429153e-02 2.532723304617769031e+02
8.438438438438439215e-02 2.532722631264765027e+02
8.448448448448449277e-02 2.532721957911760740e+02
8.458458458458459339e-02 2.532721284558757020e+02
8.468468468468469401e-02 2.532720611205753016e+02
8.478478478478479463e-02 2.532719937852749013e+02
8.488488488488489525e-02 2.532719264499745009e+02
8.498498498498498199e-02 2.532718591146740721e+02
8.508508508508508261e-02 2.532717917793737001e+02
8.518518518518518323e-02 2.532717244440732998e+02
8.528528528528528385e-02 2.532716571087728710e+02
8.538538538538538447e-02 2.532715897734724990e+02
8.548548548548548509e-02 2.532715224381720986e+02
8.558558558558558571e-02 2.532714551028716699e+02
8.568568568568568633e-02 2.532713877675712979e+02
8.578578578578578695e-02 2.532713204322708975e+02
8.588588588588588757e-02 2.532712530969704687e+02
8.598598598598598819e-02 2.532711857616700968e+02
8.608608608608608881e-02 2.532711184263696680e+02
8.618618618618618943e-02 2.532710510910692676e+02
8.628628628628629005e-02 2.532709837557688957e+02
8.638638638638639067e-02 2.532709164204684953e+02
8.648648648648649129e-02 2.532708490851680949e+02
8.658658658658659191e-02 2.532707817498676377e+02
8.668668668668669253e-02 2.532707144145672657e+02
8.678678678678679315e-02 2.532706470792668654e+02
8.688688688688689377e-02 2.532705797439664934e+02
8.698698698698699439e-02 2.532705124086660931e+02
8.708708708708709501e-02 2.532704450733656643e+02
8.718718718718719562e-02 2.532703777380652355e+02
8.728728728728729624e-02 2.532703104027648635e+02
8.738738738738739686e-02 2.532702430674644631e+02
8.748748748748749748e-02 2.532701757321640912e+02
8.758758758758759810e-02 2.532701083968636624e+02
8.768768768768768485e-02 2.532700410615632336e+02
8.778778778778778547e-02 2.532699737262628332e+02
8.788788788788788608e-02 2.532699063909624613e+02
8.798798798798798670e-02 2.532698390556620893e+02
8.808808808808808732e-02 2.532697717203616889e+02
8.818818818818818794e-02 2.532697043850612602e+02
8.828828828828828856e-02 2.532696370497608314e+02
8.838838838838838918e-02 2.532695697144604594e+02
8.848848848848848980e-02 2.532695023791600590e+02
8.858858858858859042e-02 2.532694350438596871e+02
8.868868868868869104e-02 2.532693677085592583e+02
8.878878878878879166e-02 2.532693003732588579e+02
8.888888888888889228e-02 2.532692330379584860e+02
8.898898898898899290e-02 2.532691657026580572e+02
8.908908908908909352e-02 2.532690983673576568e+02
8.918918918918919414e-02 2.532690310320572280e+02
8.928928928928929476e-02 2.532689636967568561e+02
8.938938938938939538e-02 2.532688963614564557e+02
8.948948948948949600e-02 2.532688290261560553e+02
8.958958958958959662e-02 2.532686975269833169e+02
8.968968968968969724e-02 2.532685602015638437e+02
8.978978978978979786e-02 2.532684228761444558e+02
8.988988988988989848e-02 2.532682855507250110e+02
8.998998998998999910e-02 2.532681482253055947e+02
9.009009009009009972e-02 2.532680108998861783e+02
9.019019019019020034e-02 2.532678735744667620e+02
9.029029029029030096e-02 2.532677362490473456e+02
9.039039039039038770e-02 2.532675989236279293e+02
9.049049049049048832e-02 2.532674615982084845e+02
9.059059059059058894e-02 2.532673242727890397e+02
9.069069069069068956e-02 2.532671869473696233e+02
9.079079079079079018e-02 2.532670496219502070e+02
9.089089089089089080e-02 2.532669122965307906e+02
9.099099099099099142e-02 2.532667749711113743e+02
9.109109109109109204e-02 2.532666376456919011e+02
9.119119119119119266e-02 2.532665003202725131e+02
9.129129129129129328e-02 2.532663629948530684e+02
9.139139139139139389e-02 2.532662256694336520e+02
9.149149149149149451e-02 2.532660883440142356e+02
9.159159159159159513e-02 2.532659510185948193e+02
9.169169169169169575e-02 2.532658136931754029e+02
9.179179179179179637e-02 2.532656763677559297e+02
9.189189189189189699e-02 2.532655372340894075e+02
9.199199199199199761e-02 2.532653961435064502e+02
9.209209209209209823e-02 2.532652550529234645e+02
9.219219219219219885e-02 2.532651139623404788e+02
9.229229229229229947e-02 2.532649728717574931e+02
9.239239239239240009e-02 2.532648317811744505e+02
9.249249249249250071e-02 2.532646906905915216e+02
9.259259259259260133e-02 2.532645496000085359e+02
9.269269269269270195e-02 2.532644085094255502e+02
9.279279279279280257e-02 2.532642674188425360e+02
9.289289289289290319e-02 2.532641263282595787e+02
9.299299299299300381e-02 2.532639852376765930e+02
9.309309309309309055e-02 2.532638441470936073e+02
9.319319319319319117e-02 2.532637030565105931e+02
9.329329329329329179e-02 2.532635619659276358e+02
9.339339339339339241e-02 2.532634208753446501e+02
9.349349349349349303e-02 2.532632797847616644e+02
9.359359359359359365e-02 2.532631386941786786e+02
9.369369369369369427e-02 2.532629976035956929e+02
9.379379379379379489e-02 2.532628565130127072e+02
9.389389389389389551e-02 2.532627154224297215e+02
9.399399399399399613e-02 2.532625743318467357e+02
9.409409409409409675e-02 2.532624332412637216e+02
9.419419419419419737e-02 2.532622921506807643e+02
9.429429429429429799e-02 2.532621510600977501e+02
9.439439439439439861e-02 2.532620099695147928e+02
9.449449449449449923e-02 2.532618688789318071e+02
9.459459459459459985e-02 2.532617277883488214e+02
9.469469469469470047e-02 2.532615866977658357e+02
9.479479479479480108e-02 2.532614456071828499e+02
9.489489489489490170e-02 2.532613045165998642e+02
9.499499499499500232e-02 2.532611634260168785e+02
9.509509509509510294e-02 2.532610223354338927e+02
9.519519519519520356e-02 2.532608812448509070e+02
9.529529529529530418e-02 2.532607401542679213e+02
9.539539539539540480e-02 2.532605990636849356e+02
9.549549549549550542e-02 2.532604579731019498e+02
9.559559559559560604e-02 2.532603168825189641e+02
9.569569569569570666e-02 2.532601757919359784e+02
9.579579579579579340e-02 2.532600347013529927e+02
9.589589589589589402e-02 2.532598936107700069e+02
9.599599599599599464e-02 2.532597525201870212e+02
9.609609609609609526e-02 2.532596114296040355e+02
9.619619619619619588e-02 2.532594703390210498e+02
9.629629629629629650e-02 2.532593292484380640e+02
9.639639639639639712e-02 2.532591881578550783e+02
9.649649649649649774e-02 2.532590470672720926e+02
9.659659659659659836e-02 2.532589059766891069e+02
9.669669669669669898e-02 2.532587648861060927e+02
9.679679679679679960e-02 2.532586237955231070e+02
9.689689689689690022e-02 2.532584827049401213e+02
9.699699699699700084e-02 2.532583416143571640e+02
9.709709709709710146e-02 2.532582005237741498e+02
9.719719719719720208e-02 2.532580594331911925e+02
9.729729729729730270e-02 2.532579183426082068e+02
9.739739739739740332e-02 2.532577772520252211e+02
9.749749749749750394e-02 2.532576361614422353e+02
9.759759759759760456e-02 2.532574950708592496e+02
9.769769769769770518e-02 2.532573539802762639e+02
9.779779779779780580e-02 2.532572128896932497e+02
9.789789789789790642e-02 2.532570717991102924e+02
9.799799799799800704e-02 2.532569307085273067e+02
9.809809809809810766e-02 2.532567896179443210e+02
9.819819819819820828e-02 2.532566485273613353e+02
9.829829829829830889e-02 2.532565074367783495e+02
9.839839839839840951e-02 2.532563586652981087e+02
9.849849849849849626e-02 2.532562063828388546e+02
9.859859859859859688e-02 2.532560541003796004e+02
9.869869869869869750e-02 2.532559018179204031e+02
9.879879879879879812e-02 2.532557495354611490e+02
9.889889889889889873e-02 2.532555972530018948e+02
9.899899899899899935e-02 2.532554449705426691e+02
9.909909909909909997e-02 2.532552926880834150e+02
9.919919919919920059e-02 2.532551404056241608e+02
9.929929929929930121e-02 2.532549881231649067e+02
9.939939939939940183e-02 2.532548358407056810e+02
9.949949949949950245e-02 2.532546835582464269e+02
9.959959959959960307e-02 2.532545312757872011e+02
9.969969969969970369e-02 2.532543789933279754e+02
9.979979979979980431e-02 2.532542267108687213e+02
9.989989989989990493e-02 2.532540744284094671e+02
1.000000000000000056e-01 2.532539221459502414e+02
